0
0
0.27043
0.192434
0.148935
0.141762
0.124904
0.112275
0.10735
0.114053
0.11583
0.110139
0.104712
0.0975148
0.0909591
0.0855632
0.0852277
0.0815951
0.0881267
0.0857503
0.0817992
0.0878509
0.0844324
0.080898
0.0809154
0.078255
0.0754298
0.0727138
0.0716301
0.0698336
0.0686287
0.0666178
0.0654244
0.0635534
0.061743
0.0612614
0.0605643
0.0619777
0.0607871
0.060239
0.0598348
0.0584
0.0586457
0.0572886
0.0562596
0.0553386
0.0545917
0.053532
0.0525558
0.0515409
0.0508147
0.0500415
0.0490952
0.0482018
0.0476438
0.0471666
0.0467712
0.0460154
0.0455156
0.0447602
0.0441007
0.0435885
0.0430861
0.0425473
0.0419826
0.0413573
0.0410627
0.0405335
0.0415994
0.0411046
0.0406097
0.0400465
0.0395942
0.0390726
0.038581
0.0380674
0.0376217
0.0372108
0.037046
0.0369917
0.0368496
0.0375026
0.0378872
0.0374711
0.0370524
0.0371597
0.0385444
0.0381351
0.0381787
0.0385978
0.0389395
0.0386203
0.0382414
0.0378876
0.0374852
0.037117
0.0367446
0.0367617
0.0364269
0.0364391
