3.07692
3.08483
3.21429
3.19574
3.19489
3.2287
3.20856
3.19149
3.16901
3.13643
3.16092
3.1746
3.18627
3.19028
3.18584
3.18937
3.20251
3.19432
3.17195
3.16122
3.16344
3.14211
3.14566
3.14273
3.15325
3.1477
3.14441
3.14489
3.13683
3.14081
3.13395
3.13572
3.14036
3.13798
3.1362
3.14182
3.1467
3.15571
3.15152
3.14548
3.15061
3.15079
3.15712
3.15676
3.159
3.16151
3.15754
3.15547
3.15315
3.15391
3.15627
3.15821
3.15727
3.15605
3.1585
3.16116
3.1576
3.15847
3.16071
3.15983
3.16089
3.16273
3.1645
3.16597
3.16713
3.16623
3.16336
3.16181
3.15573
3.15695
3.15532
3.15467
3.15585
3.15498
3.15391
3.15375
3.15251
3.15109
3.15327
3.15582
3.15318
3.15749
3.1533
3.15394
3.15301
3.15596
3.14989
3.14885
3.14562
3.14136
3.14498
3.1462
3.14685
3.14767
3.14761
3.14668
3.14595
3.14843
3.14735
3.14977
