0.499909
0
0.500568
0.000659117
0.499121
0.00149611
0.502275
0.00332655
0.500981
0.00288323
0.500912
0.00235517
0.499957
0.00220745
0.501585
0.00251094
0.501005
0.00228933
0.502095
0.00231995
0.502881
0.00224065
0.502444
0.00209155
0.502531
0.00192591
0.502569
0.00178346
0.502351
0.00167458
0.501238
0.00192173
0.501555
0.00183288
0.501759
0.00173997
0.50184
0.00164784
0.501899
0.00156441
0.503056
0.00188488
0.503426
0.00183487
0.503157
0.00177384
0.502787
0.00173813
0.503102
0.00169668
0.502822
0.00165396
0.502533
0.0016176
0.502213
0.00159131
0.503327
0.00189719
0.503622
0.00185643
0.503868
0.00181235
0.503703
0.00176257
0.503579
0.00171279
0.503264
0.00169125
0.503274
0.00164225
0.502647
0.00171458
0.50229
0.00170539
0.502135
0.00166713
0.50249
0.00166209
0.502712
0.00163516
0.502388
0.00162737
0.502102
0.00161358
0.501539
0.00167312
0.501715
0.00164404
0.50175
0.00160747
0.501646
0.00157557
0.501586
0.00154284
0.501442
0.00151723
0.501581
0.00149244
0.501748
0.00147179
0.501702
0.00144338
0.501684
0.00141546
0.501396
0.00141799
0.5013
0.00139485
0.501253
0.00137006
0.501284
0.00134574
0.501297
0.00132199
0.500859
0.00137086
0.500772
0.00135028
0.500962
0.0013412
0.500992
0.00131936
0.500911
0.00130044
0.501107
0.0012947
0.50131
0.00129024
0.501243
0.00127199
0.501378
0.00125984
0.501447
0.00124281
0.501194
0.00125023
0.501222
0.00123229
0.501069
0.00122415
0.501276
0.0012244
0.501118
0.00121747
0.500911
0.00121853
0.500811
0.00120605
0.500823
0.00118991
0.500732
0.00117763
0.500578
0.0011724
0.50049
0.00116066
0.500598
0.00115095
0.50054
0.00113792
0.500745
0.0011424
0.50057
0.00114198
0.500451
0.0011344
0.500245
0.00113959
0.500505
0.00115587
0.500435
0.00114451
0.500355
0.00113413
0.500464
0.00112651
0.500521
0.00111526
0.500557
0.00110335
0.500541
0.00109127
0.500416
0.0010866
0.500235
0.00109003
0.500398
0.00109073
0.500344
0.00108056
0.500443
0.00107378
0.50039
0.00106396
0.500378
0.00105311
0.500453
0.00104512
0.500374
0.00103767
