0.499909
0.500568
0.499121
0.502275
0.500981
0.500912
0.499957
0.501585
0.501005
0.502095
0.502881
0.502444
0.502531
0.502569
0.502351
0.501238
0.501555
0.501759
0.50184
0.501899
0.503056
0.503426
0.503157
0.502787
0.503102
0.502822
0.502533
0.502213
0.503327
0.503622
0.503868
0.503703
0.503579
0.503264
0.503274
0.502647
0.50229
0.502135
0.50249
0.502712
0.502388
0.502102
0.501539
0.501715
0.50175
0.501646
0.501586
0.501442
0.501581
0.501748
0.501702
0.501684
0.501396
0.5013
0.501253
0.501284
0.501297
0.500859
0.500772
0.500962
0.500992
0.500911
0.501107
0.50131
0.501243
0.501378
0.501447
0.501194
0.501222
0.501069
0.501276
0.501118
0.500911
0.500811
0.500823
0.500732
0.500578
0.50049
0.500598
0.50054
0.500745
0.50057
0.500451
0.500245
0.500505
0.500435
0.500355
0.500464
0.500521
0.500557
0.500541
0.500416
0.500235
0.500398
0.500344
0.500443
0.50039
0.500378
0.500453
0.500374
