82.07
121.45
93.38
95.12
76.44
81.97
91.31
95.66
88.27
109.03
94
117.93
83.74
116.5
104.76
77.51
93.27
108.2
106.48
91.79
71.17
104.12
90.51
87.47
116.03
81.53
109.35
100.71
101.45
105.1
79.35
122.34
97.71
78.23
107.01
86.74
63.61
90.91
123.87
99.69
88.38
95.65
92.95
109.6
94.44
107.35
98.53
93.43
93.02
101.32
102.17
87.04
105.31
99.56
99.85
81.15
104.47
136.2
100.34
84.77
119.16
86.01
99.01
135.71
93.41
127.33
81.9
84.89
112.74
125.01
116.52
85.42
103.72
115.54
106.78
96.15
85.76
95.51
114.06
85.46
105.71
97.2
86.75
105.09
80.31
83.78
79.52
109.98
76.84
116.52
82.37
98.73
72.07
100.06
103.91
104.59
99.19
92.48
119.21
125.4
