0
0.000576776
0.000363037
0.000289388
0.000629766
0.000518335
0.000603013
0.00086694
0.00086291
0.000771812
0.000747745
0.000686154
0.000635011
0.000615287
0.000636275
0.000600289
0.000616636
0.000617819
0.000584499
0.000559477
0.000533213
0.000516567
0.000508062
0.000490425
0.000470406
0.000465373
0.000453303
0.00045219
0.000436748
0.000427018
0.000417063
0.00040595
0.000402255
0.000399336
0.000388002
0.00039946
0.000389138
0.000379209
0.000369425
0.000361967
0.00035521
0.000351801
0.000354625
0.000351701
0.000356913
0.000352986
0.000347094
0.000341318
0.000335335
0.000328581
0.000324549
0.000318663
0.00031304
0.00030884
0.000305079
0.000306037
0.00030062
0.000295411
0.00029139
0.000291218
0.000292355
0.000289501
0.000285119
0.000286765
0.000287768
0.000288634
0.000284487
0.000282442
0.000278337
0.000274719
0.000271805
0.000278222
0.000278906
0.000275487
0.000272276
0.00026867
0.000265298
0.000266508
0.000263133
0.000259924
0.0002567
0.000254095
0.000251149
0.000249633
0.000247221
0.000245248
0.000242925
0.000241136
0.00023848
0.000235915
0.000235995
0.000233974
0.000231667
0.000229359
0.000228525
0.000228276
0.000229134
0.000226883
0.000224654
0.000225305
