0
0.000659117
0.00149611
0.00332655
0.00288323
0.00235517
0.00220745
0.00251094
0.00228933
0.00231995
0.00224065
0.00209155
0.00192591
0.00178346
0.00167458
0.00192173
0.00183288
0.00173997
0.00164784
0.00156441
0.00188488
0.00183487
0.00177384
0.00173813
0.00169668
0.00165396
0.0016176
0.00159131
0.00189719
0.00185643
0.00181235
0.00176257
0.00171279
0.00169125
0.00164225
0.00171458
0.00170539
0.00166713
0.00166209
0.00163516
0.00162737
0.00161358
0.00167312
0.00164404
0.00160747
0.00157557
0.00154284
0.00151723
0.00149244
0.00147179
0.00144338
0.00141546
0.00141799
0.00139485
0.00137006
0.00134574
0.00132199
0.00137086
0.00135028
0.0013412
0.00131936
0.00130044
0.0012947
0.00129024
0.00127199
0.00125984
0.00124281
0.00125023
0.00123229
0.00122415
0.0012244
0.00121747
0.00121853
0.00120605
0.00118991
0.00117763
0.0011724
0.00116066
0.00115095
0.00113792
0.0011424
0.00114198
0.0011344
0.00113959
0.00115587
0.00114451
0.00113413
0.00112651
0.00111526
0.00110335
0.00109127
0.0010866
0.00109003
0.00109073
0.00108056
0.00107378
0.00106396
0.00105311
0.00104512
0.00103767
