0.082559
0.0831357
0.0829911
0.0831247
0.0825362
0.0826015
0.0830159
0.0837079
0.0833079
0.0833095
0.0830417
0.0831115
0.0831812
0.0833627
0.0830857
0.0831638
0.0829143
0.0831233
0.0831125
0.0830381
0.0830714
0.0831629
0.0830426
0.0829801
0.0829828
0.0830937
0.0831641
0.083281
0.0833004
0.0833661
0.0833081
0.0833496
0.0832659
0.0833507
0.0833644
0.0832325
0.0832546
0.083273
0.083266
0.083229
0.0831897
0.0832497
0.0833377
0.0833982
0.0833023
0.0832498
0.0832155
0.0831832
0.0831566
0.0831603
0.0832003
0.0831841
0.0831673
0.0831354
0.0831695
0.083107
0.0831068
0.0831102
0.0831347
0.0830824
0.0830238
0.0830569
0.0830688
0.0831278
0.0831836
0.0831287
0.0831182
0.0830833
0.0830864
0.0830719
0.083095
0.0831697
0.0832197
0.0832341
0.0832504
0.0832507
0.0832421
0.0832916
0.0832883
0.0832955
0.0832971
0.0832805
0.0832887
0.0832614
0.0832451
0.0832239
0.0832081
0.0832299
0.0832356
0.0832287
0.0831932
0.0832094
0.0831992
0.0831904
0.0832173
0.0832485
0.0832868
0.0832801
0.0832859
0.0832498
