0.999229 0
0.999727 0.000497956
0.99926 0.000548497
0.999949 0.000790246
0.999975 0.000612683
0.999862 0.000512746
1.00002 0.000462498
0.999819 0.000449791
0.999885 0.00040207
0.999705 0.00040206
0.999687 0.000364116
0.999772 0.00034308
0.999821 0.000319378
0.999832 0.000295881
0.999961 0.00030404
0.999968 0.000284486
0.999911 0.000273194
0.999771 0.000293297
0.999817 0.000281319
0.999866 0.000271275
0.99988 0.000258413
1.00001 0.000279126
1.00001 0.000266737
0.999874 0.000288091
0.999834 0.000279258
0.99979 0.000271923
0.999862 0.000271556
0.999845 0.000262257
0.999915 0.000262696
0.999903 0.000254108
0.999871 0.000247813
0.999884 0.000240283
0.999811 0.000244107
0.999716 0.000254901
0.999591 0.000277494
0.999625 0.000271819
0.999613 0.00026462
0.999623 0.00025773
0.999697 0.000261889
0.999686 0.000255529
0.999713 0.000250718
0.999709 0.000244705
0.999695 0.00023936
0.999712 0.000234494
0.999696 0.000229834
0.999725 0.000226701
0.999802 0.000234927
0.999826 0.000231228
0.999891 0.00023544
0.999871 0.000231569
0.999887 0.000227545
0.99992 0.000225582
0.999953 0.000223757
0.99993 0.000220759
0.999978 0.000221937
0.999985 0.000218054
0.999945 0.000217963
0.999898 0.000219189
0.999919 0.000216444
0.999905 0.00021325
0.9999 0.000209783
0.999958 0.00021437
0.999924 0.000213675
0.999894 0.000212401
0.999891 0.000209132
0.999929 0.000209292
0.99999 0.000214997
1.00004 0.000217438
1.00004 0.000214264
1.00005 0.000211785
1.00001 0.000214443
1.00001 0.000211444
1.00001 0.000208527
0.999954 0.000212035
0.999957 0.000209211
0.999944 0.000206833
0.999952 0.000204262
0.999954 0.000201641
0.999935 0.00020004
0.999925 0.000197763
0.999949 0.000196765
0.999975 0.000196109
0.999957 0.000194527
0.999948 0.000192446
0.99998 0.000192956
0.999972 0.000190886
0.999932 0.000192931
0.999925 0.000190851
0.999939 0.000189251
0.999949 0.000187386
0.999944 0.000185391
0.999943 0.000183367
0.99996 0.000182243
0.99994 0.000181399
0.999922 0.000180375
0.999901 0.000179747
0.999911 0.000178137
0.99993 0.000177422
0.999898 0.000178672
0.999961 0.000187902
