0
0.000279596
0.00054577
0.000780331
0.000611057
0.00133164
0.00113402
0.00102614
0.00214568
0.00205797
0.00190295
0.00178149
0.00164379
0.00152201
0.00163788
0.00159561
0.00150063
0.00143987
0.00141936
0.00147058
0.00140074
0.00135902
0.00146761
0.00146922
0.00141006
0.00138388
0.00135916
0.00131263
0.00129682
0.00125575
0.00124098
0.00120214
0.0011653
0.00120879
0.00117466
0.00118703
0.00116468
0.00113914
0.00112508
0.00111606
0.00109194
0.00107891
0.00106044
0.00103607
0.00101638
0.00099566
0.000978476
0.00100293
0.000984179
0.000972819
0.000978078
0.000974168
0.000956576
0.000961377
0.000952277
0.000936305
0.000924352
0.000934653
0.000918839
0.000903598
0.000917654
0.000915076
0.000901568
0.000888697
0.00088293
0.000891738
0.000882475
0.000888982
0.000876462
0.000863975
0.000862848
0.000850983
0.000841703
0.000831485
0.000820332
0.00080949
0.000819397
0.000808869
0.000798689
0.000789359
0.0007803
0.000770784
0.000763556
0.000755805
0.000746907
0.000738258
0.000733432
0.000725962
0.000717798
0.000711675
0.000705778
0.000708882
0.000706837
0.000706445
0.000701138
0.000701371
0.000694593
0.000687647
0.000682316
0.000701129
