0.993204 0
0.993484 0.000279596
0.994005 0.00054577
0.993327 0.000780331
0.993417 0.000611057
0.994651 0.00133164
0.994791 0.00113402
0.995088 0.00102614
0.997033 0.00214568
0.99629 0.00205797
0.996685 0.00190295
0.99629 0.00178149
0.996419 0.00164379
0.996397 0.00152201
0.997219 0.00163788
0.997665 0.00159561
0.997591 0.00150063
0.997858 0.00143987
0.998258 0.00141936
0.997667 0.00147058
0.99774 0.00140074
0.997992 0.00135902
0.998676 0.00146761
0.999105 0.00146922
0.999153 0.00141006
0.998871 0.00138388
0.998598 0.00135916
0.998686 0.00131263
0.998964 0.00129682
0.99905 0.00125575
0.999304 0.00124098
0.999267 0.00120214
0.999286 0.0011653
0.999714 0.00120879
0.99976 0.00117466
0.999435 0.00118703
0.999589 0.00116468
0.999701 0.00113914
0.999514 0.00112508
0.999722 0.00111606
0.999809 0.00109194
0.99964 0.00107891
0.999761 0.00106044
0.999766 0.00103607
0.999681 0.00101638
0.999624 0.00099566
0.999715 0.000978476
0.999418 0.00100293
0.999356 0.000984179
0.999228 0.000972819
0.99901 0.000978078
0.998839 0.000974168
0.998882 0.000956576
0.998675 0.000961377
0.998547 0.000952277
0.9985 0.000936305
0.998592 0.000924352
0.998813 0.000934653
0.99883 0.000918839
0.99885 0.000903598
0.998621 0.000917654
0.99877 0.000915076
0.998816 0.000901568
0.998864 0.000888697
0.998983 0.00088293
0.999181 0.000891738
0.999266 0.000882475
0.999452 0.000888982
0.99948 0.000876462
0.999466 0.000863975
0.999328 0.000862848
0.999346 0.000850983
0.99941 0.000841703
0.999365 0.000831485
0.999369 0.000820332
0.999375 0.00080949
0.999557 0.000819397
0.999566 0.000808869
0.999552 0.000798689
0.999585 0.000789359
0.999551 0.0007803
0.999542 0.000770784
0.999598 0.000763556
0.999644 0.000755805
0.999653 0.000746907
0.999664 0.000738258
0.99959 0.000733432
0.999554 0.000725962
0.999561 0.000717798
0.999509 0.000711675
0.999562 0.000705778
0.999686 0.000708882
0.999597 0.000706837
0.999697 0.000706445
0.999642 0.000701138
0.999539 0.000701371
0.999513 0.000694593
0.999497 0.000687647
0.999545 0.000682316
0.999733 0.000701129
