0.01
0.0062877
0.00936878
0.0132606
0.0163929
0.0193498
0.0229742
0.0259956
0.0293547
0.0329082
0.0360148
0.0393437
0.0426301
0.046151
0.0494716
0.052272
0.0543761
0.0563558
0.0580098
0.0595346
0.0614076
0.0637516
0.0656766
0.0676069
0.069223
0.070607
0.071968
0.0730697
0.0743142
0.076165
0.0785547
0.0807149
0.0828817
0.0843308
0.0857701
0.0872553
0.0884247
0.0892573
0.0902652
0.0911922
0.0924665
0.0940133
0.095846
0.0974931
0.0988495
0.100249
0.101403
0.102563
0.103787
0.105062
0.106179
0.107252
0.107909
0.108724
0.109475
0.110362
0.111259
0.112002
0.112734
0.113753
0.114684
0.115507
0.116021
0.116789
0.117641
0.1185
0.119352
0.12019
0.12114
0.122082
0.123069
0.12429
0.125361
0.126071
0.126848
0.127475
0.128036
0.128892
0.129972
0.131182
0.132521
0.134004
0.135349
0.136362
0.137201
0.137964
0.138855
0.139701
0.140538
0.141444
0.142558
0.14351
0.144262
0.145033
0.145722
0.146217
0.146801
0.147468
0.148205
0.149001
