0.99 0.01
1.3107 0.0062877
1.60436 0.00936878
1.83879 0.0132606
2.0556 0.0163929
2.25482 0.0193498
2.43623 0.0229742
2.60705 0.0259956
2.76607 0.0293547
2.91344 0.0329082
3.05508 0.0360148
3.19358 0.0393437
3.32489 0.0426301
3.45137 0.046151
3.57411 0.0494716
3.69115 0.052272
3.80683 0.0543761
3.92489 0.0563558
4.03772 0.0580098
4.14935 0.0595346
4.25896 0.0614076
4.36486 0.0637516
4.46782 0.0656766
4.56971 0.0676069
4.66718 0.069223
4.76278 0.070607
4.85612 0.071968
4.94861 0.0730697
5.03925 0.0743142
5.12478 0.076165
5.20842 0.0785547
5.28998 0.0807149
5.37201 0.0828817
5.45176 0.0843308
5.52936 0.0857701
5.60546 0.0872553
5.68149 0.0884247
5.75687 0.0892573
5.83125 0.0902652
5.90304 0.0911922
5.97413 0.0924665
6.04497 0.0940133
6.11498 0.095846
6.18275 0.0974931
6.25053 0.0988495
6.31655 0.100249
6.38414 0.101403
6.45138 0.102563
6.51803 0.103787
6.58373 0.105062
6.64974 0.106179
6.71542 0.107252
6.78251 0.107909
6.848 0.108724
6.91335 0.109475
6.97813 0.110362
7.04302 0.111259
7.10745 0.112002
7.171 0.112734
7.23369 0.113753
7.29544 0.114684
7.357 0.115507
7.41927 0.116021
7.48024 0.116789
7.53997 0.117641
7.59979 0.1185
7.65956 0.119352
7.71856 0.12019
7.77577 0.12114
7.83339 0.122082
7.89161 0.123069
7.9487 0.12429
8.0041 0.125361
8.05942 0.126071
8.1143 0.126848
8.16963 0.127475
8.22532 0.128036
8.28025 0.128892
8.33636 0.129972
8.39162 0.131182
8.44773 0.132521
8.50402 0.134004
8.55859 0.135349
8.61338 0.136362
8.66769 0.137201
8.72084 0.137964
8.77539 0.138855
8.82933 0.139701
8.88369 0.140538
8.93889 0.141444
8.99368 0.142558
9.04893 0.14351
9.10288 0.144262
9.15843 0.145033
9.21478 0.145722
9.27282 0.146217
9.33034 0.146801
9.38989 0.147468
9.44988 0.148205
9.50977 0.149001
