0.01
0.00717208
0.00824402
0.011509
0.0130362
0.0154253
0.0172919
0.0193455
0.0205307
0.0221546
0.023813
0.0257166
0.0270648
0.0281093
0.0286401
0.0301626
0.0318087
0.0334534
0.0345298
0.0358254
0.0364471
0.0369629
0.0374816
0.0384799
0.0395917
0.0409842
0.0424701
0.0438884
0.0449187
0.0461233
0.0471012
0.0481568
0.0491923
0.0503828
0.0513961
0.05263
0.0543772
0.0561105
0.0576338
0.059216
0.0602838
0.0614074
0.0623937
0.0633743
0.0645545
0.0658541
0.0671794
0.0686449
0.0701105
0.0717033
0.072847
0.0738949
0.0746856
0.0754203
0.0760529
0.0768663
0.0779094
0.0787102
0.0795646
0.0802459
0.0808676
0.0814582
0.0818602
0.0821707
0.0825907
0.0832348
0.0837162
0.0842488
0.0849071
0.0855943
0.0861704
0.0865438
0.0870265
0.087628
0.0882849
0.0888518
0.0894259
0.0901221
0.090906
0.0917668
0.0924839
0.0929689
0.0937197
0.0944941
0.0951869
0.0959625
0.0969112
0.0976935
0.0985036
0.0992921
0.0999262
0.100388
0.100687
0.100883
0.101029
0.101248
0.101651
0.101989
0.102338
0.102664
