0.99 0.01
1.27463 0.00717208
1.62428 0.00824402
1.83196 0.011509
2.07561 0.0130362
2.25978 0.0154253
2.45603 0.0172919
2.61308 0.0193455
2.77873 0.0205307
2.91852 0.0221546
3.06589 0.023813
3.19407 0.0257166
3.32524 0.0270648
3.44362 0.0281093
3.5668 0.0286401
3.67954 0.0301626
3.80121 0.0318087
3.91135 0.0334534
4.02683 0.0345298
4.13127 0.0358254
4.23964 0.0364471
4.34095 0.0369629
4.44154 0.0374816
4.5383 0.0384799
4.63337 0.0395917
4.71986 0.0409842
4.80787 0.0424701
4.8942 0.0438884
4.97971 0.0449187
5.06021 0.0461233
5.14272 0.0471012
5.22406 0.0481568
5.3037 0.0491923
5.38055 0.0503828
5.45697 0.0513961
5.52987 0.05263
5.6031 0.0543772
5.67238 0.0561105
5.74412 0.0576338
5.81278 0.059216
5.88347 0.0602838
5.95029 0.0614074
6.0158 0.0623937
6.08051 0.0633743
6.14595 0.0645545
6.20974 0.0658541
6.27382 0.0671794
6.33639 0.0686449
6.39819 0.0701105
6.46011 0.0717033
6.52435 0.072847
6.58735 0.0738949
6.65096 0.0746856
6.7126 0.0754203
6.77299 0.0760529
6.8315 0.0768663
6.89153 0.0779094
6.95057 0.0787102
7.0088 0.0795646
7.06653 0.0802459
7.12493 0.0808676
7.18032 0.0814582
7.23386 0.0818602
7.28694 0.0821707
7.34093 0.0825907
7.39413 0.0832348
7.44882 0.0837162
7.50161 0.0842488
7.55624 0.0849071
7.61076 0.0855943
7.66466 0.0861704
7.71738 0.0865438
7.77146 0.0870265
7.82432 0.087628
7.87871 0.0882849
7.93288 0.0888518
7.98747 0.0894259
8.04072 0.0901221
8.09497 0.090906
8.14841 0.0917668
8.20037 0.0924839
8.25142 0.0929689
8.30174 0.0937197
8.35031 0.0944941
8.3989 0.0951869
8.44763 0.0959625
8.49785 0.0969112
8.54739 0.0976935
8.59653 0.0985036
8.64575 0.0992921
8.69575 0.0999262
8.74566 0.100388
8.7958 0.100687
8.8449 0.100883
8.89464 0.101029
8.94386 0.101248
8.99349 0.101651
9.04327 0.101989
9.09169 0.102338
9.13875 0.102664
