15.8413
14.9231
15.1976
14.9678
15.0748
15.1151
15.1003
15.0415
15.2365
15.2247
15.0434
14.9813
15.0731
14.9026
14.8718
14.8539
14.8504
14.8897
14.8868
14.8835
14.9042
14.8876
14.8499
14.854
14.8882
14.8638
14.8299
14.807
14.8714
14.9189
14.9631
14.9513
14.9518
14.9497
14.984
14.9411
14.9345
14.9562
14.9379
14.8975
14.9133
14.8998
14.9007
14.9255
14.905
14.9321
14.9668
14.9764
14.9649
14.945
14.9497
14.9548
14.9646
14.9569
14.9598
14.9733
14.9761
14.9791
14.9933
15.0054
14.9946
15.0344
15.0145
15.0169
14.9859
14.9895
14.999
15.0076
14.993
15.0002
14.9936
14.9873
14.9718
14.9854
14.9876
14.9685
14.9813
14.9626
14.9583
14.9642
14.9722
14.9784
14.9865
14.9731
14.9554
14.949
14.9648
14.9743
14.9822
14.9869
14.9891
14.9848
14.985
14.9922
14.9965
15.0086
15.012
14.9895
14.9934
15.0001
