0
0.918145
0.596924
0.480597
0.387354
0.318825
0.269864
0.240987
0.288478
0.258292
0.295775
0.277043
0.270859
0.303213
0.283954
0.266215
0.25009
0.239044
0.226132
0.214553
0.205129
0.196282
0.19131
0.183211
0.17903
0.17373
0.170583
0.165961
0.172581
0.173369
0.17341
0.168318
0.163138
0.158281
0.157455
0.158913
0.154696
0.152126
0.149302
0.151027
0.148142
0.145203
0.141789
0.140739
0.139101
0.138717
0.140093
0.137484
0.13514
0.133907
0.131342
0.128892
0.126815
0.124685
0.122433
0.120982
0.118873
0.116843
0.115718
0.114419
0.113043
0.1181
0.117905
0.116073
0.118389
0.116636
0.115279
0.113893
0.11317
0.111773
0.110388
0.109026
0.108633
0.108021
0.106593
0.106897
0.106277
0.106557
0.105287
0.104127
0.103147
0.10207
0.101158
0.100843
0.10122
0.100238
0.100336
0.0996391
0.0988289
0.0978408
0.0967837
0.0958243
0.0947887
0.0940496
0.0931536
0.0929695
0.0920691
0.0938695
0.0929977
0.0923059
