0
0.495331
0.356873
0.271271
0.306316
0.270153
0.237253
0.205995
0.182046
0.163118
0.167248
0.15404
0.144033
0.134636
0.125733
0.117719
0.113245
0.106825
0.106367
0.100942
0.0966465
0.094127
0.0943725
0.0977024
0.0947161
0.0910756
0.0884131
0.085211
0.0848374
0.082242
0.0803306
0.0778522
0.0769367
0.0752385
0.0744957
0.0724186
0.0709843
0.0692651
0.0681684
0.0664857
0.0670668
0.0662741
0.0647234
0.0632479
0.0623829
0.0612642
0.059989
0.060119
0.0605366
0.0594585
0.0584163
0.0575203
0.0567503
0.0560962
0.0563206
0.0556239
0.0549954
0.0542075
0.0535329
0.0527535
0.0521501
0.0514114
0.0505984
0.0498021
0.0492619
0.0496096
0.0490882
0.0487501
0.0486409
0.0479583
0.0473044
0.0467201
0.0460761
0.0460897
0.0458084
0.0453214
0.0447609
0.0448258
0.0444956
0.0439806
0.0435198
0.0429877
0.042625
0.0423282
0.0419215
0.0419417
0.0414575
0.0411287
0.0407469
0.0405808
0.0409075
0.0406403
0.040301
0.03998
0.0396105
0.0393536
0.0392113
0.0388421
0.0384512
0.0380851
