5.70848
5.21315
4.99967
5.09921
5.3221
5.42422
5.35973
5.37447
5.36278
5.37252
5.29376
5.31421
5.28837
5.30695
5.29701
5.30203
5.27759
5.28106
5.31428
5.31687
5.3279
5.30871
5.33729
5.37446
5.38821
5.39191
5.38022
5.37868
5.39959
5.40639
5.39518
5.39182
5.3768
5.38628
5.37171
5.36993
5.36111
5.3562
5.34644
5.34884
5.33172
5.34213
5.34321
5.34195
5.35026
5.34471
5.34696
5.35983
5.3739
5.37805
5.38202
5.37679
5.38286
5.37612
5.38794
5.382
5.38824
5.39252
5.38733
5.38377
5.38905
5.3924
5.39339
5.39314
5.39791
5.4083
5.41299
5.41914
5.41151
5.41022
5.4118
5.40911
5.40933
5.41699
5.42254
5.42583
5.42414
5.4317
5.43632
5.43434
5.43707
5.43667
5.44034
5.43609
5.4389
5.44542
5.44566
5.44221
5.43961
5.44445
5.45237
5.45619
5.45336
5.45632
5.45426
5.45778
5.45323
5.45483
5.45431
5.45556
