5.81754
5.2916
5.49306
5.45843
5.50918
5.54482
5.50512
5.43468
5.43459
5.41952
5.4265
5.41632
5.46953
5.4297
5.433
5.43757
5.47113
5.47945
5.49097
5.49829
5.49295
5.49859
5.47907
5.48725
5.47116
5.4564
5.44017
5.43552
5.42185
5.41875
5.43571
5.44497
5.45055
5.46418
5.46843
5.45848
5.45026
5.45624
5.43927
5.43696
5.44272
5.43208
5.43886
5.43293
5.43775
5.4328
5.44089
5.45397
5.47138
5.48321
5.48511
5.49446
5.50365
5.51252
5.5157
5.50354
5.49516
5.49351
5.49239
5.48149
5.47207
5.46618
5.47123
5.47135
5.47802
5.47907
5.47517
5.47053
5.46806
5.47114
5.47602
5.47057
5.47154
5.46944
5.4783
5.47661
5.47513
5.47769
5.47543
5.47457
5.47183
5.47296
5.48171
5.47918
5.48223
5.4823
5.48261
5.47877
5.47294
5.47233
5.47337
5.4691
5.47372
5.47401
5.47554
5.47552
5.47519
5.4695
5.47327
5.46896
