0
0.0494532
0.2477
0.298191
0.400472
0.327147
0.285866
0.296023
0.265321
0.320394
0.303047
0.309625
0.284821
0.291904
0.271971
0.254408
0.243633
0.230831
0.218395
0.211601
0.203602
0.194145
0.189937
0.184325
0.176829
0.178111
0.175215
0.178411
0.173337
0.167522
0.162439
0.160927
0.156202
0.152663
0.148238
0.167294
0.163793
0.159579
0.157339
0.153355
0.154537
0.15103
0.148273
0.145494
0.143723
0.14258
0.140107
0.139457
0.136662
0.13469
0.132505
0.130548
0.128284
0.126264
0.12409
0.121882
0.120143
0.11807
0.11654
0.114647
0.112913
0.111548
0.111822
0.110448
0.109204
0.109097
0.108776
0.107297
0.106755
0.105935
0.104478
0.1037
0.102617
0.101221
0.102712
0.105638
0.10513
0.104247
0.102922
0.102164
0.101676
0.100741
0.0995828
0.0987056
0.0977564
0.0981857
0.0985949
0.0977145
0.0966197
0.0962405
0.0954549
0.0955277
0.094785
0.0938337
0.0928689
0.0919635
0.0921342
0.0912168
0.0909636
0.0902168
