15.2923
15.2429
15.4889
15.7302
16.0574
16.0471
15.9745
15.8122
15.7649
15.5496
15.461
15.3219
15.3241
15.1989
15.1879
15.1891
15.1416
15.1645
15.1598
15.1168
15.0861
15.0887
15.0479
15.0178
15.0211
14.9676
14.9312
14.9888
14.9685
14.9731
14.9616
14.9275
14.9191
14.9006
14.9013
14.8162
14.835
14.828
14.8036
14.8034
14.7645
14.7564
14.7717
14.7853
14.806
14.8299
14.8427
14.868
14.8633
14.8487
14.8374
14.8501
14.8426
14.8523
14.8463
14.849
14.859
14.857
14.8676
14.8637
14.8577
14.8475
14.8688
14.8781
14.8882
14.8698
14.8867
14.892
14.8773
14.865
14.8681
14.8799
14.8884
14.888
14.912
14.8822
14.8957
14.8858
14.8851
14.8955
14.9081
14.9002
14.9037
14.8958
14.8893
14.8718
14.8544
14.8475
14.8461
14.8577
14.865
14.8795
14.887
14.8904
14.8927
14.8892
14.8748
14.8726
14.8836
14.8891
