0
0.525938
0.364405
0.25999
0.207683
0.173277
0.151731
0.149094
0.131489
0.118569
0.107477
0.0986393
0.105185
0.105215
0.0980055
0.0917892
0.0925228
0.0876273
0.0836837
0.0797262
0.0760227
0.0727042
0.0721615
0.0695722
0.0686454
0.0675837
0.0670268
0.0647559
0.0639593
0.0618686
0.0621971
0.0609297
0.059318
0.0591376
0.0575801
0.0568347
0.0558848
0.0547218
0.0559362
0.0545688
0.0535317
0.0533147
0.0524999
0.0516349
0.0507047
0.0498367
0.0494311
0.0501262
0.0520888
0.0523894
0.0513872
0.0512484
0.0511058
0.0509286
0.0500953
0.0506732
0.0504771
0.0496268
0.0487912
0.0491946
0.0492893
0.0488441
0.0483271
0.0475661
0.0473014
0.0465911
0.0460558
0.0456101
0.0450121
0.0444711
0.0441112
0.0438345
0.0432408
0.042704
0.0430511
0.0425142
0.0419845
0.0415214
0.0410544
0.0405472
0.040137
0.0396605
0.0401441
0.0397438
0.0393921
0.0389314
0.0384826
0.0382362
0.038251
0.0378285
0.0374249
0.0372608
0.0371454
0.0367492
0.0363929
0.0360118
0.0356401
0.0357317
0.0355697
0.0354752
