0
0
0
0
0
0
0
0
0
0
0
0
0
0
0
0
0
0
0
0
0
510.373
35541.8
222490
51588.1
523.842
0
0
0
0
0
376.949
19040.8
51878.5
6203.81
94.0225
0
0
111.784
9047.82
127330
69081.4
1513.43
0
0
861.595
28655.7
45335.4
2701.86
0
0
0
0
0
0
0
0
0
0
0
0
0
0
0
0
0
0
0
0
0
0
351.312
31590.3
230918
47476.2
350.727
0
0
0
0
0
274.912
17832.8
54050.8
5358.72
50.5001
0
0
56.2015
7258.01
131587
67218.3
1015.65
0
0
608.763
28286.7
46368.4
2279.6
0
0
0
0
0
0
0
0
0
0
0
0
0
0
0
0
0
0
0
0
0
0
0
702.574
307951
3304.8
0
0
0
0
0
0
0
2293.56
74605.4
50.948
0
0
0
0
4.94072
177830
30862
0
0
0
0
16061.5
61028.6
0
0
0
0
0
0
0
0
0
0
0
0
0
0
0
0
0
0
0
0
0
0
0
0
0
0
0
0
0
0
0
0
0
0
0
0
0
0
0
0
0
0
0
0
0
0
0
19.8776
76555.3
170628
540.378
0
0
0
0
0
0
0
0
0
0
0
0
0
0
0
0
621.34
54891.6
6695.5
0
0
0
0
0
0
0
0
0
0
0
0
2049.73
147904
15863.8
0
0
0
0
0
0
0
0
0
0
9947.98
51560.5
484.852
0
0
0
0
