0
0
0
0
0
0
0
0
0
0
0
0
0
0
0
0
0
0
0
0
0
0
163.536
7397.74
442.108
0
0
0
0
0
0
0
212.649
1742.41
31.0181
0
0
0
0
17.0983
3994.33
1329.45
0
0
0
0
625.648
1362.39
3.13542
0
0
0
0
0
0
0
0
0
0
0
0
0
0
0
0
0
0
0
0
0
0
0
600.055
21733.7
1612.63
0
0
0
0
0
0
0
735.211
5097.62
117.809
0
0
0
0
81.4859
11762.3
4140.37
0
0
0
0
1936.58
4018.24
9.42304
0
0
0
0
0
0
0
0
0
0
0
0
0
0
0
0
0
0
0
0
0
0
0
1288.13
35341.6
3240.83
0
0
0
0
0
0
0
1411.31
8265.93
244.566
0
0
0
0
185.292
19217.4
7213.14
0.391756
0
0
0
3368.73
6534.34
38.3284
0
0
0
0
0
0
0
0
0
0
0
0
0
0
0
0
0
0
0
0
0
0
0
2167.51
48431.2
5183.27
1.10398
0
0
0
0
0
0
2206.05
11284.8
406.947
0
0
0
0
334.003
26418.7
10477.4
9.87955
0
0
0.123629
4862.86
8962.23
94.7613
0
0
0
0
0
0
0
0
0
0
0
0
0
0
0
0
0
0
0
0
0
0
0
3319.84
61246.3
7146.41
3.73471
0
0
0
0
0
0
3025.01
14250.9
597.613
0
0
0
0
490.747
33554.1
13798.9
17.7224
0
0
1.26914
6356.29
11373.1
167.231
0
0
0
0
0
0
0
0
0
0
0
0
0
0
0
0
0
0
0
0
0
0
0.204468
4748.48
73618.5
9285.57
4.86721
0
0
0
0
0
0
3834.62
17214.1
799.265
0
0
0
0
699.649
40623.5
17136.2
25.3982
0
0
8.63239
7852.83
13772.7
242.227
0
0
0
0
0
0
0
0
0
0
0
0
0
0
0
0
0
0
0
0
0
0
1.38712
6344.32
85621.6
11614.7
13.1683
0
0
0
0
0
0
4745.71
20033.1
1046.79
0
0
0
0
1011.38
47460.4
20596.2
38.3372
0
0
25.6633
9311.05
16189
327.915
0
0
0
0
0
0
0
0
0
0
0
0
0
0
0
0
0
0
0
0
0
0
1.38712
8009.31
97412.6
14090.3
13.3442
0
0
0
0
0
0.637248
5628.43
22846.2
1324.6
0
0
0
0
1365.24
54178.8
24116.2
65.3036
0
0
40.8705
10764
18612.5
413.175
0
0
0
0
0
0
0
0
0
0
0
0
0
0
0
0
0
0
0
0
0
0
1.38712
9818.93
108834
16784.3
13.3442
0
0
0
0
0
14.3917
6560.32
25578.4
1624.14
0
0
0
0
1740.1
60775.6
27722.3
102.454
0
0
69.4111
12205.7
21012.7
519.362
0
0
0
0
0
0
0
0
0
0
0
0
0
0
0
0
0
0
0
0
0
0
1.42812
11720.8
119969
19663.8
13.4275
0
0
0
0
0
32.5254
7587.47
28188.2
1950.8
0
0
0
0
2177.97
67247.6
31372.2
156.756
0
0
113.183
13647.5
23390.9
633.1
0
0
0
0
0
0
0
0
0
0
0
0
0
0
0
0
0
0
0
0
0
0
7.05789
13648.2
130945
22661.6
15.9099
0
0
0
0
0
37.8686
8670.74
30744
2289.3
0
0
0
0
2640.42
73604.9
35098.6
221.107
0
0
157.395
15113.5
25709.4
781.581
0
0
0
0
0
0
0
0
0
0
0
0
0
0
0
0
0
0
0
0
0
0
16.2721
15738.5
141791
25630.4
25.2616
0
0
0
0
0
38.0339
9816.62
33235.3
2637.36
0
0
0
0
3144.17
79930.4
38815.7
287.406
0
0
191.626
16622.8
27971.4
953.059
0
0
0
0
0
0
0
0
0
0
0
0
0
0
0
0
0
0
0
0
0
0
43.6944
18013.8
152383
28647.9
48.6891
0
0
0
0
0
50.2112
10974.5
35647.7
3038.61
0.530292
0
0
0.0736037
3703.1
86199.9
42511.5
377.13
0
0
240.376
18145.2
30195.8
1135.91
0
0
0
0
0
0
0
0
0
0
0
0
0
0
0
0
0
0
0
0
0
0
75.236
20218.8
162882
31792.7
85.9936
0
0
0
0
0
73.0804
12101.2
38062.1
3450.6
6.7981
0
0
6.51014
4320.5
92331.1
46267.2
479.677
0
0
307.428
19636.8
32424.2
1327.2
0
0
0
0
0
0
0
0
0
0
0
0
0
0
0
0
0
0
0
0
0
0
131.472
22475.5
173400
34843
135.83
0
0
0
0
0
108.055
13247.2
40444.6
3861.15
17.1887
0
0
17.8933
5025.72
98422.2
49953.4
605.015
0
0
380.099
21132.3
34642
1519.98
0
0
0
0
0
0
0
0
0
0
0
0
0
0
0
0
0
0
0
0
0
0
227.266
24885
183579
38031.1
199.646
0
0
0
0
0
163.115
14363.7
42808.1
4292.21
34.0194
0
0
35.4062
5811.43
104338
53698.2
759.549
0
0
456.749
22652.6
36805.4
1738.61
0
0
0
0
0
0
0
0
0
0
0
0
0
0
0
0
0
0
0
0
0
0
322.392
27494.5
193515
41260.3
276.952
0
0
0
0
0
221.052
15499.5
45102.5
4766.96
52.5937
0
0
56.9147
6596.87
110113
57563.9
922.263
0
0
540.227
24137.5
38985.4
1966.77
0
0
0
0
0
0
0
0
0
0
0
0
0
0
0
0
0
0
0
0
0
0
364.809
30191.2
203332
44576.2
344.543
0
0
0
0
0
278.984
16663.1
47376.1
5236.28
71.5729
0
0
83.2731
7362.03
115887
61433.6
1097.27
0
0
636.638
25641.8
41135.8
2192.59
0
0
0
0
0
0
0
0
0
0
0
0
0
0
0
0
0
0
0
0
0
0
440.931
32808.9
213012
48048.4
421.81
0
0
0
0
0
327.426
17870
49617.1
5713.91
82.9678
0
0
101.221
8177.78
121631
65264.3
1298.56
0
0
744.829
27151.5
43246.5
2439.22
0
0
0
0
0
0
0
0
0
0
0
0
0
0
0
0
0
0
0
0
0
0
510.373
35541.8
222490
51588.1
523.842
0
0
0
0
0
376.949
19040.8
51878.5
6203.81
94.0225
0
0
111.784
9047.82
127330
69081.4
1513.43
0
0
861.595
28655.7
45335.4
2701.86
0
0
0
0
0
0
0
0
0
0
0
0
0
0
0
0
0
0
0
0
0
0
0
111.028
7582.61
316.305
0
0
0
0
0
0
0
161.54
1803.95
18.3499
0
0
0
0
7.01618
4124.04
1215.05
0
0
0
0
590.921
1398.94
0
0
0
0
0
0
0
0
0
0
0
0
0
0
0
0
0
0
0
0
0
0
0
0
443.432
22277.9
1244.03
0
0
0
0
0
0
0
572.922
5296.9
73.9283
0
0
0
0
31.3381
12156.3
3810.57
0
0
0
0
1831.69
4127.67
0.87113
0
0
0
0
0
0
0
0
0
0
0
0
0
0
0
0
0
0
0
0
0
0
0
946.271
36331.9
2618.01
0
0
0
0
0
0
0
1126.52
8615.07
168.103
0
0
0
0
88.0878
19862.6
6687.11
0.00083849
0
0
0
3203.72
6712.84
18.7879
0
0
0
0
0
0
0
0
0
0
0
0
0
0
0
0
0
0
0
0
0
0
0
1624.23
49919.4
4273.42
0
0
0
0
0
0
0
1813.39
11777
291.288
0
0
0
0
191.06
27290.4
9785.71
1.33816
0
0
0
4652.65
9208.12
52.2349
0
0
0
0
0
0
0
0
0
0
0
0
0
0
0
0
0
0
0
0
0
0
0
2533
63224.4
5994.21
0
0
0
0
0
0
0
2535.28
14875.5
443.255
0
0
0
0
304.588
34638.8
12950.7
2.29607
0
0
0
6106.77
11691
92.8549
0
0
0
0
0
0
0
0
0
0
0
0
0
0
0
0
0
0
0
0
0
0
0
3670.07
76119.6
7899.4
0
0
0
0
0
0
0
3268.67
17960.5
597.729
0
0
0
0
429.256
41930
16159.4
3.83375
0
0
1.62661
7572.61
14147.2
146.759
0
0
0
0
0
0
0
0
0
0
0
0
0
0
0
0
0
0
0
0
0
0
0
4980.81
88620.1
10021.3
0
0
0
0
0
0
0
4108.45
20912.8
782.877
0
0
0
0
653.649
48984.5
19501
7.50466
0
0
9.47844
9003.53
16616
215.314
0
0
0
0
0
0
0
0
0
0
0
0
0
0
0
0
0
0
0
0
0
0
0
6385.93
100892
12273.8
0
0
0
0
0
0
0.0126779
4923.46
23839.5
1014.21
0
0
0
0
924.674
55924.3
22908.7
12.1283
0
0
14.2061
10429.3
19095.4
281.067
0
0
0
0
0
0
0
0
0
0
0
0
0
0
0
0
0
0
0
0
0
0
0
7945.25
112812
14720.2
0
0
0
0
0
0
3.58195
5790.97
26679
1278.1
0
0
0
0
1204.13
62746.9
26404.7
31.5539
0
0
26.7998
11859.4
21545.7
363.852
0
0
0
0
0
0
0
0
0
0
0
0
0
0
0
0
0
0
0
0
0
0
0
9599.81
124458
17338.1
0
0
0
0
0
0
9.42439
6768.89
29393.4
1560.15
0
0
0
0
1538.84
69454.3
29952.9
58.3235
0
0
44.9891
13293.6
23975.2
457.953
0
0
0
0
0
0
0
0
0
0
0
0
0
0
0
0
0
0
0
0
0
0
0
11306.4
135916
20085.5
0
0
0
0
0
0
10.5465
7786.34
32066.2
1850.23
0
0
0
0
1887.6
76065.1
33571
93.777
0
0
70.9953
14741.7
26353.7
581.341
0
0
0
0
0
0
0
0
0
0
0
0
0
0
0
0
0
0
0
0
0
0
0.0540093
13166.8
147212
22850.9
0.991964
0
0
0
0
0
10.5465
8867.67
34660.9
2158.22
0
0
0
0
2271.58
82618.2
37204.9
136.248
0
0
97.6569
16227.9
28676.1
722.886
0
0
0
0
0
0
0
0
0
0
0
0
0
0
0
0
0
0
0
0
0
0
16.5422
15192.5
158257
25678.5
17.491
0
0
0
0
0
13.6957
9965.12
37198.2
2503.39
0
0
0
0
2708.99
89110.5
40829.6
196.557
0
0
124.056
17748.6
30951.6
877.928
0
0
0
0
0
0
0
0
0
0
0
0
0
0
0
0
0
0
0
0
0
0
47.9592
17141.3
169244
28605.5
40.2814
0
0
0
0
0
27.1459
11057.1
39720
2859.55
0
0
0
2.05888
3215.41
95438.6
44535.3
267.383
0
0
172.301
19233.5
33233.6
1040.41
0
0
0
0
0
0
0
0
0
0
0
0
0
0
0
0
0
0
0
0
0
0
100.954
19191.5
180145
31506.9
66.0679
0
0
0
0
0
49.964
12162.2
42209.7
3224.79
1.53758
0
0
3.36575
3802.79
101720
48196
354.51
0
0
227.951
20725.7
35493.5
1210.92
0
0
0
0
0
0
0
0
0
0
0
0
0
0
0
0
0
0
0
0
0
0
161.65
21403.8
190698
34565.6
109.979
0
0
0
0
0
89.8598
13255
44661.9
3617.39
7.48273
0
0
12.7957
4441.36
107842
51932
463.068
0
0
284.199
22236.2
37713.1
1402.72
0
0
0
0
0
0
0
0
0
0
0
0
0
0
0
0
0
0
0
0
0
0
208.02
23805
201070
37631.3
164.019
0
0
0
0
0
138.213
14354.3
47063
4044.22
14.4837
0
0
23.8718
5128.23
113816
55746.2
588.599
0
0
347.232
23726
39932.7
1607.48
0
0
0
0
0
0
0
0
0
0
0
0
0
0
0
0
0
0
0
0
0
0
238.239
26368.2
211249
40759.4
210.725
0
0
0
0
0
187.632
15484.5
49439.3
4457.77
29.3323
0
0
34.5606
5805.92
119771
59588.6
713.366
0
0
422.636
25240.2
42120.2
1809.79
0
0
0
0
0
0
0
0
0
0
0
0
0
0
0
0
0
0
0
0
0
0
294.206
28916.3
221222
44063.8
262.324
0
0
0
0
0
230.113
16668.1
51746.7
4899.65
39.6736
0
0
46.9925
6503.19
125715
63404.5
854.495
0
0
508.828
26765.6
44256.9
2038.5
0
0
0
0
0
0
0
0
0
0
0
0
0
0
0
0
0
0
0
0
0
0
351.312
31590.3
230918
47476.2
350.727
0
0
0
0
0
274.912
17832.8
54050.8
5358.72
50.5001
0
0
56.2015
7258.01
131587
67218.3
1015.65
0
0
608.763
28286.7
46368.4
2279.6
0
0
0
0
0
0
0
0
0
0
0
0
0
0
0
0
0
0
0
0
0
0
0
0
8028.18
0
0
0
0
0
0
0
0
0
1975.45
0
0
0
0
0
0
5203.85
193.009
0
0
0
0
177.635
1795
0
0
0
0
0
0
0
0
0
0
0
0
0
0
0
0
0
0
0
0
0
0
0
0
0
24035.2
1.20402
0
0
0
0
0
0
0
0.886579
5913.71
0
0
0
0
0
0
15412.6
737.735
0
0
0
0
599.547
5309.39
0
0
0
0
0
0
0
0
0
0
0
0
0
0
0
0
0
0
0
0
0
0
0
0
0
40014.2
28.2532
0
0
0
0
0
0
0
11.3946
9842.91
0
0
0
0
0
0
25401.6
1491.63
0
0
0
0
1161.3
8689.76
0
0
0
0
0
0
0
0
0
0
0
0
0
0
0
0
0
0
0
0
0
0
0
0
0
55982
65.5236
0
0
0
0
0
0
0
31.4849
13763.1
0
0
0
0
0
0
35209
2418.61
0
0
0
0
1841.36
11956.8
0
0
0
0
0
0
0
0
0
0
0
0
0
0
0
0
0
0
0
0
0
0
0
0
0
71958.5
94.826
0
0
0
0
0
0
0
69.4379
17666.5
0
0
0
0
0
0
44890.9
3465.03
0
0
0
0
2534.93
15210.8
0
0
0
0
0
0
0
0
0
0
0
0
0
0
0
0
0
0
0
0
0
0
0
0
1.46929
87928.8
128.571
0
0
0
0
0
0
0
122.85
21555.3
0
0
0
0
0
0
54406.5
4669.92
0
0
0
0
3269.64
18425.4
0
0
0
0
0
0
0
0
0
0
0
0
0
0
0
0
0
0
0
0
0
0
0
0
10.1188
103876
177.43
0
0
0
0
0
0
0
197.747
25423.9
0
0
0
0
0
0
63812.4
5979.16
0
0
0
0
4042.67
21603.3
0
0
0
0
0
0
0
0
0
0
0
0
0
0
0
0
0
0
0
0
0
0
0
0
10.1596
119816
240.314
0
0
0
0
0
0
0
286.344
29279.6
0
0
0
0
0
0
73117.8
7384.2
0
0
0
0
4801.93
24794.4
0
0
0
0
0
0
0
0
0
0
0
0
0
0
0
0
0
0
0
0
0
0
0
0
10.1596
135724
332.4
0
0
0
0
0
0
0
367.652
33142.1
0
0
0
0
0
0
82263.5
8941.31
0
0
0
0
5573.89
27973.3
0
0
0
0
0
0
0
0
0
0
0
0
0
0
0
0
0
0
0
0
0
0
0
0
12.0047
151589
463.248
0
0
0
0
0
0
0
435.107
37017.7
0
0
0
0
0
0
91331.2
10572.7
0
0
0
0
6416.56
31084.5
0
0
0
0
0
0
0
0
0
0
0
0
0
0
0
0
0
0
0
0
0
0
0
0
24.7349
167443
594.083
0
0
0
0
0
0
0
531.046
40866.5
0
0
0
0
0
0
100322
12277.7
0
0
0
0
7290.24
34165.9
0
0
0
0
0
0
0
0
0
0
0
0
0
0
0
0
0
0
0
0
0
0
0
0
45.8177
183285
729.706
0
0
0
0
0
0
0
625.02
44717.2
0
0
0
0
0
0
109207
14083.1
0
0
0
0
8168.35
37243.1
0
0
0
0
0
0
0
0
0
0
0
0
0
0
0
0
0
0
0
0
0
0
0
0
72.7477
199079
903.773
0
0
0
0
0
0
0
739.49
48548.5
0
0
0
0
0
0
118047
15931.3
0
0
0
0
9058.2
40309.1
0
0
0
0
0
0
0
0
0
0
0
0
0
0
0
0
0
0
0
0
0
0
0
0
106.443
214832
1110.27
0
0
0
0
0
0
0
910.257
52326.9
0
0
0
0
0
0
126817
17845.6
0
0
0
0
9966.87
43357
0
0
0
0
0
0
0
0
0
0
0
0
0
0
0
0
0
0
0
0
0
0
0
0
169.12
230502
1369.07
0
0
0
0
0
0
0
1104.59
56081.5
1.50977
0
0
0
0
0
135477
19865.8
0
0
0
0
10914.7
46367.3
0
0
0
0
0
0
0
0
0
0
0
0
0
0
0
0
0
0
0
0
0
0
0
0
273.976
246077
1679.53
0
0
0
0
0
0
0
1305.69
59825.2
7.1997
0
0
0
0
0
144068
21951.5
0
0
0
0
11924.1
49318.7
0
0
0
0
0
0
0
0
0
0
0
0
0
0
0
0
0
0
0
0
0
0
0
0
404.399
261579
2035.19
0
0
0
0
0
0
0
1538.81
63537.3
14.3499
0
0
0
0
0
152615
24078.3
0
0
0
0
12937.3
52266.5
0
0
0
0
0
0
0
0
0
0
0
0
0
0
0
0
0
0
0
0
0
0
0
0
498.247
277051
2449.15
0
0
0
0
0
0
0
1789.41
67224.7
29.3264
0
0
0
0
0
161131
26235
0
0
0
0
13956.8
55208.1
0
0
0
0
0
0
0
0
0
0
0
0
0
0
0
0
0
0
0
0
0
0
0
0
603.072
292493
2881.67
0
0
0
0
0
0
0
2043.42
70913.9
39.4848
0
0
0
0
0.0393346
169512
28520.4
0
0
0
0
14991.9
58134.9
0
0
0
0
0
0
0
0
0
0
0
0
0
0
0
0
0
0
0
0
0
0
0
0
702.574
307951
3304.8
0
0
0
0
0
0
0
2293.56
74605.4
50.948
0
0
0
0
4.94072
177830
30862
0
0
0
0
16061.5
61028.6
0
0
0
0
0
0
0
0
0
0
0
0
0
0
0
0
0
0
0
0
0
0
0
0
0
0
0
0
0
0
0
0
0
0
0
0
0
0
0
0
0
0
0
0
0
0
0
0
1405.78
4969.76
0
0
0
0
0
0
0
0
0
0
0
0
0
0
0
0
0
0
1525.69
83.2872
0
0
0
0
0
0
0
0
0
0
0
0
3.74733
4141.49
142.956
0
0
0
0
0
0
0
0
0
0
131.464
1467.35
0
0
0
0
0
0
0
0
0
0
0
0
0
0
0
0
0
0
0
0
0
0
0
0
0
0
0
0
0
0
0
0
0
0
0
0
0
0
0
0
0
0
0
0
0
0
0
0
0
0
0
4513.73
14531.2
0
0
0
0
0
0
0
0
0
0
0
0
0
0
0
0
0
0
4540.59
261.986
0
0
0
0
0
0
0
0
0
0
0
0
16.5825
12323.6
459.836
0
0
0
0
0
0
0
0
0
0
420.381
4352.84
0
0
0
0
0
0
0
0
0
0
0
0
0
0
0
0
0
0
0
0
0
0
0
0
0
0
0
0
0
0
0
0
0
0
0
0
0
0
0
0
0
0
0
0
0
0
0
0
0
0
0
7881.33
23843.8
0
0
0
0
0
0
0
0
0
0
0
0
0
0
0
0
0
0
7541.48
454.283
0
0
0
0
0
0
0
0
0
0
0
0
36.0463
20414
859.948
0
0
0
0
0
0
0
0
0
0
735.005
7213.17
0
0
0
0
0
0
0
0
0
0
0
0
0
0
0
0
0
0
0
0
0
0
0
0
0
0
0
0
0
0
0
0
0
0
0
0
0
0
0
0
0
0
0
0
0
0
0
0
0
0
0
11321.7
33086.6
0
0
0
0
0
0
0
0
0
0
0
0
0
0
0
0
0
0
10514.4
673.698
0
0
0
0
0
0
0
0
0
0
0
0
57.6051
28413.9
1346.41
0
0
0
0
0
0
0
0
0
0
1078.38
10045.3
0.0010772
0
0
0
0
0
0
0
0
0
0
0
0
0
0
0
0
0
0
0
0
0
0
0
0
0
0
0
0
0
0
0
0
0
0
0
0
0
0
0
0
0
0
0
0
0
0
0
0
0
0
14901
42190
6.14552
0
0
0
0
0
0
0
0
0
0
0
0
0
0
0
0
4.36573
13444
931.133
0
0
0
0
0
0
0
0
0
0
0
0
88.6734
36334.3
1901.32
0
0
0
0
0
0
0
0
0
0
1479.34
12818.2
2.92892
0
0
0
0
0
0
0
0
0
0
0
0
0
0
0
0
0
0
0
0
0
0
0
0
0
0
0
0
0
0
0
0
0
0
0
0
0
0
0
0
0
0
0
0
0
0
0
0
0
0
18746.7
51018.6
30.8936
0
0
0
0
0
0
0
0
0
0
0
0
0
0
0
0
15.0365
16336
1219
0
0
0
0
0
0
0
0
0
0
0
0
138.915
44185.1
2505.9
0
0
0
0
0
0
0
0
0
0
1927.98
15534.7
15.3108
0
0
0
0
0
0
0
0
0
0
0
0
0
0
0
0
0
0
0
0
0
0
0
0
0
0
0
0
0
0
0
0
0
0
0
0
0
0
0
0
0
0
0
0
0
0
0
0
0
0
22656.8
59773
67.7125
0
0
0
0
0
0
0
0
0
0
0
0
0
0
0
0
25.2452
19193.9
1540.55
0
0
0
0
0
0
0
0
0
0
0
0
197.179
51953.1
3183.69
0
0
0
0
0
0
0
0
0
0
2411.95
18211.1
33.0358
0
0
0
0
0
0
0
0
0
0
0
0
0
0
0
0
0
0
0
0
0
0
0
0
0
0
0
0
0
0
0
0
0
0
0
0
0
0
0
0
0
0
0
0
0
0
0
0
0
0
26672.9
68434.6
95.9559
0
0
0
0
0
0
0
0
0
0
0
0
0
0
0
0
34.6113
22058.4
1856.35
0
0
0
0
0
0
0
0
0
0
0
0
275.73
59654.4
3907.23
0
0
0
0
0
0
0
0
0
0
2948.17
20832.7
54.3304
0
0
0
0
0
0
0
0
0
0
0
0
0
0
0
0
0
0
0
0
0
0
0
0
0
0
0
0
0
0
0
0
0
0
0
0
0
0
0
0
0
0
0
0
0
0
0
0
0
0
30690.1
77094.3
125.061
0
0
0
0
0
0
0
0
0
0
0
0
0
0
0
0
54.6552
24874.4
2209.28
0
0
0
0
0
0
0
0
0
0
0
0
368.612
67283.7
4687.45
0
0
0
0
0
0
0
0
0
0
3505.75
23431.7
77.3686
0
0
0
0
0
0
0
0
0
0
0
0
0
0
0
0
0
0
0
0
0
0
0
0
0
0
0
0
0
0
0
0
0
0
0
0
0
0
0
0
0
0
0
0
0
0
0
0
0
0
34753.8
85704.4
159.028
0
0
0
0
0
0
0
0
0
0
0
0
0
0
0
0
81.601
27667.6
2577.78
0
0
0
0
0
0
0
0
0
0
0
0
465.099
74870.8
5505.39
0
0
0
0
0
0
0
0
0
0
4059.77
26036.9
97.7022
0
0
0
0
0
0
0
0
0
0
0
0
0
0
0
0
0
0
0
0
0
0
0
0
0
0
0
0
0
0
0
0
0
0
0
0
0
0
0
0
0
0
0
0
0
0
0
0
0
0
38815.1
94331
179.425
0
0
0
0
0
0
0
0
0
0
0
0
0
0
0
0
112.722
30449.6
2953.21
0
0
0
0
0
0
0
0
0
0
0
0
563.505
82443.3
6335.72
0
0
0
0
0
0
0
0
0
0
4602.16
28655
116.545
0
0
0
0
0
0
0
0
0
0
0
0
0
0
0
0
0
0
0
0
0
0
0
0
0
0
0
0
0
0
0
0
0
0
0
0
0
0
0
0
0
0
0
0
0
0
0
0
0
0
42728.5
103101
198.118
0
0
0
0
0
0
0
0
0
0
0
0
0
0
0
0
145.188
33252.2
3307.34
0
0
0
0
0
0
0
0
0
0
0
0
642.759
89966.9
7232.05
0
0
0
0
0
0
0
0
0
0
5151.29
31263.4
138.413
0
0
0
0
0
0
0
0
0
0
0
0
0
0
0
0
0
0
0
0
0
0
0
0
0
0
0
0
0
0
0
0
0
0
0
0
0
0
0
0
0
0
0
0
0
0
0
0
0
0
46821.2
111697
218.681
0
0
0
0
0
0
0
0
0
0
0
0
0
0
0
0
176.705
36040.1
3676.72
0
0
0
0
0
0
0
0
0
0
0
0
720.848
97443.4
8175.39
0
0
0
0
0
0
0
0
0
0
5715.88
33851.9
164.963
0
0
0
0
0
0
0
0
0
0
0
0
0
0
0
0
0
0
0
0
0
0
0
0
0
0
0
0
0
0
0
0
0
0
0
0
0
0
0
0
0
0
0
0
0
0
0
0
0
0.000790885
51044.5
120155
251.717
0
0
0
0
0
0
0
0
0
0
0
0
0
0
0
0
223.571
38801.7
4057.16
0
0
0
0
0
0
0
0
0
0
0
0
842.071
104811
9183.83
0
0
0
0
0
0
0
0
0
0
6316.38
36401.3
195.419
0
0
0
0
0
0
0
0
0
0
0
0
0
0
0
0
0
0
0
0
0
0
0
0
0
0
0
0
0
0
0
0
0
0
0
0
0
0
0
0
0
0
0
0
0
0
0
0
0
7.18599
55195.8
128668
292.31
0
0
0
0
0
0
0
0
0
0
0
0
0
0
0
0
288.69
41524.1
4458.47
0
0
0
0
0
0
0
0
0
0
0
0
1003.92
112087
10243.7
0
0
0
0
0
0
0
0
0
0
6928.41
38921.7
243.18
0
0
0
0
0
0
0
0
0
0
0
0
0
0
0
0
0
0
0
0
0
0
0
0
0
0
0
0
0
0
0
0
0
0
0
0
0
0
0
0
0
0
0
0
0
0
0
0
0
19.678
59360.7
137163
332.559
0
0
0
0
0
0
0
0
0
0
0
0
0
0
0
0
345.728
44233.3
4880.12
0
0
0
0
0
0
0
0
0
0
0
0
1194.58
119340
11297.4
0
0
0
0
0
0
0
0
0
0
7541.85
41439.9
291.754
0
0
0
0
0
0
0
0
0
0
0
0
0
0
0
0
0
0
0
0
0
0
0
0
0
0
0
0
0
0
0
0
0
0
0
0
0
0
0
0
0
0
0
0
0
0
0
0
0
19.8776
63595.7
145604
371.328
0
0
0
0
0
0
0
0
0
0
0
0
0
0
0
0
400.375
46924.1
5321.91
0
0
0
0
0
0
0
0
0
0
0
0
1389.92
126572
12368.1
0
0
0
0
0
0
0
0
0
0
8151.5
43966
336.251
0
0
0
0
0
0
0
0
0
0
0
0
0
0
0
0
0
0
0
0
0
0
0
0
0
0
0
0
0
0
0
0
0
0
0
0
0
0
0
0
0
0
0
0
0
0
0
0
0
19.8776
67899.6
153974
414.399
0
0
0
0
0
0
0
0
0
0
0
0
0
0
0
0
471.514
49572.9
5788.95
0
0
0
0
0
0
0
0
0
0
0
0
1606.67
133750
13470.9
0
0
0
0
0
0
0
0
0
0
8760.01
46492.3
381.561
0
0
0
0
0
0
0
0
0
0
0
0
0
0
0
0
0
0
0
0
0
0
0
0
0
0
0
0
0
0
0
0
0
0
0
0
0
0
0
0
0
0
0
0
0
0
0
0
0
19.8776
72207.5
162324
473.568
0
0
0
0
0
0
0
0
0
0
0
0
0
0
0
0
544.831
52243.1
6233.23
0
0
0
0
0
0
0
0
0
0
0
0
1831.91
140860
14631.4
0
0
0
0
0
0
0
0
0
0
9351.23
49032.9
429.516
0
0
0
0
0
0
0
0
0
0
0
0
0
0
0
0
0
0
0
0
0
0
0
0
0
0
0
0
0
0
0
0
0
0
0
0
0
0
0
0
0
0
0
0
0
0
0
0
0
19.8776
76555.3
170628
540.378
0
0
0
0
0
0
0
0
0
0
0
0
0
0
0
0
621.34
54891.6
6695.5
0
0
0
0
0
0
0
0
0
0
0
0
2049.73
147904
15863.8
0
0
0
0
0
0
0
0
0
0
9947.98
51560.5
484.852
0
0
0
0
