0.146284
0.608241
0.457854
0.44758
0.512089
0.343005
0.609662
0.314151
0.573259
0.694621
0.685078
0.409275
0.306685
0.363748
0.600545
0.531535
0.448317
0.687228
0.711793
0.472832
0.408123
0.597291
0.171787
0.457701
0.551499
0.33394
0.741073
0.546725
0.769014
0.582387
0.472391
0.675956
0.256362
0.207402
0.691429
0.504177
0.426387
0.756473
0.195595
0.239912
0.375075
0.903632
0.592681
0.120048
0.823357
0.505832
0.7013
0.211934
0.456637
0.443753
0.434957
0.710854
0.58389
0.418895
0.591643
0.404722
0.538217
0.878857
0.47082
0.477902
0.240726
0.742657
0.739674
0.326008
0.849626
0.597981
0.970513
0.553561
0.416392
0.542226
0.271174
0.326389
0.470902
0.839222
0.430337
0.750641
0.457373
0.563496
0.499588
0.450276
0.943037
0.403967
0.234146
0.514922
0.521377
0.298936
0.314088
0.48997
0.331817
0.574251
0.267977
0.580779
0.617753
0.756519
0.520757
0.242866
0.744783
0.733243
0.48779
0.329958
0.601015
0.43176
0.136906
0.471781
0.301334
0.688851
0.940351
0.353459
0.617498
0.482896
0.138503
0.568403
0.555939
0.700458
0.737227
0.216554
0.50514
0.60917
0.660744
0.919871
0.374478
0.708781
0.481907
0.426925
0.146385
0.632265
0.651728
0.478477
0.763716
0.768849
0.150058
0.605928
0.774212
0.28084
0.479278
0.534491
0.653892
0.686121
0.422893
0.362985
0.231298
0.178205
0.490876
0.192114
0.634435
0.355709
0.473674
0.873099
0.682289
0.0331187
0.526719
0.548558
0.642808
0.304743
0.707334
0.157489
0.779208
0.533703
0.38591
0.0762422
0.106482
0.437853
0.453224
0.567357
0.279992
0.444497
0.745771
0.708128
0.538018
0.485776
0.610993
0.470785
0.620135
0.406619
0.534274
0.626163
0.583292
0.157092
0.74958
0.142734
0.437478
0.441073
0.255609
0.752865
0.522836
0.493079
0.159344
0.358199
0.550113
0.65516
0.268865
0.446018
0.726308
0.425699
0.857309
0.688465
0.387408
0.652028
0.519845
0.396506
0.560078
0.538705
0.545541
0.5005
0.87417
0.643345
0.226001
0.729259
0.247953
0.531876
0.522643
0.659467
0.767915
0.76509
0.514495
0.307334
0.685017
0.388373
0.548384
0.434366
0.449284
0.596478
0.513389
0.739116
0.204598
0.245225
0.661444
0.606799
0.665568
0.382003
0.895951
0.588643
0.798363
0.466937
0.45029
0.282856
0.727364
0.456611
0.378096
0.789065
0.289532
0.422218
0.277175
0.408135
0.158351
0.373996
0.668945
0.259212
0.959226
0.46385
0.455261
0.485878
0.298206
0.738019
0.874514
0.723302
0.625929
0.111662
0.37887
0.498235
0.358624
0.737254
0.354524
0.733765
0.178087
0.438642
0.606854
0.530658
0.432476
0.882662
0.532335
0.397201
0.559818
0.160172
0.399099
0.599408
0.456093
0.448384
0.658013
0.80345
0.709765
0.42638
0.706147
0.682206
0.624664
0.615661
0.524512
0.157797
0.453052
0.317633
0.111941
0.451985
0.260778
0.319883
0.636987
0.1163
0.846388
0.543138
0.729708
0.213788
0.636065
0.30076
0.335232
0.824241
0.476276
0.342679
0.0509499
0.0447834
0.245988
0.355613
0.369239
0.657704
0.71036
0.591472
0.74757
0.637397
0.53774
0.295801
0.927886
0.668279
0.401893
0.608152
0.427123
0.345584
0.0912817
0.606261
0.620748
0.230881
0.0473287
0.665882
0.841189
0.434214
0.753489
0.808186
0.413034
0.894714
0.397039
0.206579
0.546872
0.531589
0.22544
0.524814
0.51365
0.437338
0.519158
0.758282
0.521424
0.285083
0.602817
0.250352
0.716379
0.121879
0.316549
0.55563
0.729991
0.719901
0.869435
0.822024
0.194202
0.657349
0.496895
0.863473
0.146495
0.300977
0.343903
0.0952361
0.246728
0.362103
0.495921
0.5036
0.727623
0.197983
0.0793976
0.321879
0.500758
0.530417
0.353734
0.584605
0.839961
0.753471
0.216573
0.231746
0.56397
0.502184
0.544292
0.434866
0.640232
0.654134
0.289587
0.817075
0.63173
0.435747
0.757995
0.238653
0.408683
0.305204
0.485261
0.820227
0.547035
0.28385
0.137404
0.375364
0.335572
0.407955
0.355359
0.424476
0.813563
0.472713
0.466083
0.961881
0.260796
0.240353
0.481988
0.647931
0.561871
0.284236
0.310569
0.598054
0.866648
0.140814
0.596135
0.440588
0.4687
0.441326
0.615463
0.81531
0.323676
0.695099
0.649318
0.48449
0.129412
0.896348
0.251646
0.228387
0.389696
0.126322
0.33837
0.697032
0.383551
0.822703
0.517626
0.890191
0.461908
0.388097
0.58334
0.437376
0.593537
0.309532
0.594001
0.349778
0.582145
0.460797
0.458524
0.416002
0.376465
0.259538
0.451057
0.41347
0.895255
0.350946
0.576626
0.807376
0.789052
0.489945
0.209481
0.609075
0.0605876
0.293734
0.426028
0.0657466
0.465695
0.536569
0.454207
0.353259
0.61663
0.158655
0.161206
0.444062
0.209652
0.161023
0.501381
0.822021
0.298747
0.558273
0.846252
0.216025
0.537366
0.561045
0.118457
0.524303
0.810062
0.660111
0.151535
0.601255
0.675889
0.783948
0.697413
0.578728
0.0454491
0.201669
0.503477
0.893586
0.513451
0.343198
0.881093
0.693451
0.268664
0.708554
0.687461
0.792493
0.503142
0.538118
0.642676
0.349148
0.242587
0.415759
0.403862
0.937631
0.519729
0.47671
0.818269
0.185123
0.312603
0.392039
0.277196
0.646509
0.669588
0.301615
0.592622
0.588538
0.443094
0.367434
0.318412
0.855285
0.553764
0.619182
0.437978
0.486778
0.707068
0.263907
0.340282
0.262688
0.484166
0.631676
0.506028
0.342928
0.728908
0.429105
0.325946
0.677063
0.652867
0.472604
0.47302
0.854385
0.0802424
0.0732542
0.750559
0.0665429
0.754551
0.745162
0.837962
0.354591
0.628946
0.409171
0.356073
0.312343
0.562067
0.763819
0.173975
0.417891
0.841266
0.495402
0.879139
0.165182
0.455119
0.499019
0.332753
0.667515
0.537067
0.28249
0.732147
0.904831
0.402079
0.725
0.602164
0.786688
0.598209
0.362362
0.137371
0.202777
0.894918
0.870757
0.31696
0.232864
0.630043
0.420846
0.214252
0.68803
0.837275
0.574111
0.422626
0.155084
0.576039
0.393309
0.0198068
0.716031
0.385635
0.438915
0.49234
0.514457
0.285529
0.323421
0.542156
0.340711
0.24365
0.49538
0.197078
0.407772
0.53459
0.425048
0.647177
0.48965
0.409566
0.863526
0.228818
0.594227
0.500031
0.34726
0.47829
0.342381
0.376793
0.619765
0.676893
0.725294
0.686531
0.64248
0.309354
0.411807
0.787583
0.366594
0.357452
0.277697
0.806874
0.93774
0.35071
0.32875
0.539852
0.505428
0.59606
0.68952
0.115335
0.809076
0.508324
0.329617
0.847106
0.212551
0.463409
0.199443
0.19417
0.859041
0.596075
0.447201
0.25151
0.618194
0.464162
0.389102
0.693247
0.497344
0.501153
0.4046
0.590068
0.188736
0.678926
0.428568
0.52279
0.424614
0.3026
0.71226
0.413944
0.812032
0.859336
0.524957
0.499255
0.319293
0.342956
0.468152
0.360887
0.585863
0.476283
0.574167
0.44433
0.227648
0.753044
0.861063
0.480803
0.809515
0.721247
0.515729
0.737056
0.156911
0.42987
0.877016
0.514432
0.678481
0.460772
0.890797
0.819079
0.371542
0.467662
0.708823
0.625169
0.182291
0.644054
0.603255
0.153024
0.392624
0.542017
0.368746
0.583994
0.205454
0.663662
0.883946
0.133992
0.200371
0.247186
0.504304
0.407534
0.331551
0.16938
0.458039
0.454183
0.639772
0.386474
0.41718
0.949253
0.850422
0.335174
0.415503
0.920653
0.529355
0.715782
0.285284
0.44376
0.468502
0.579284
0.784722
0.226175
0.473074
0.140247
0.587907
0.504247
0.22227
0.737443
0.309223
0.673249
0.875329
0.864033
0.23403
0.573053
0.59483
0.689222
0.427541
0.851221
0.159099
0.493232
0.393735
0.325345
0.335604
0.437492
0.456198
0.266535
0.687211
0.591894
0.53276
0.525931
0.483171
0.141022
0.475811
0.426102
0.386729
0.691188
0.650162
0.339205
0.591211
0.100196
0.420328
0.373805
0.57647
0.751672
0.219116
0.592194
0.157583
0.695852
0.369384
0.180118
0.49764
0.578707
0.330841
0.490756
0.256532
0.281257
0.543786
0.384859
0.547599
0.190984
0.541634
0.288888
0.374009
0.527189
0.50412
0.393062
0.716755
0.642179
0.423053
0.41116
0.446131
0.720166
0.552488
0.823975
0.228575
0.295735
0.315206
0.52828
0.10075
0.51378
0.83736
0.313187
0.382727
0.552764
0.283174
0.585778
0.102163
0.633175
0.161564
0.267873
0.101339
0.0330812
0.276557
0.28582
0.498931
0.032626
0.493388
0.0751734
0.678397
0.209358
0.492142
0.522143
0.474841
0.506268
0.680821
0.763688
0.232254
0.494403
0.439707
0.268118
0.902974
0.251935
0.368906
0.118101
0.36127
0.281565
0.710931
0.417931
0.60291
0.388126
0.620221
0.246934
0.502581
0.438269
0.451446
0.580903
0.301059
0.424102
0.738495
0.603415
0.493981
0.252663
0.53601
0.328921
0.294108
0.683097
0.295339
0.45948
0.338945
0.333407
0.446797
0.397001
0.315601
0.67867
0.360097
0.832895
0.674762
0.462574
0.354823
0.336975
0.105641
0.944165
0.93284
0.36751
0.443804
0.901676
0.404488
0.624299
0.683716
0.315306
0.080467
0.666627
0.767913
0.65083
0.70125
0.717996
0.82465
0.665917
0.775942
0.5795
0.525918
0.661028
0.50242
0.573712
0.237686
0.596763
0.440654
0.440966
0.634271
0.499548
0.111081
0.109905
0.44868
0.577517
0.189894
0.764181
0.530817
0.468483
0.473137
0.627157
0.385433
0.541853
0.281468
0.38651
0.361679
0.176393
0.477479
0.680607
0.666146
0.435668
0.26743
0.568512
0.871273
0.0630924
0.459289
0.405517
0.590987
0.718417
0.348942
0.546069
0.495451
0.877549
0.406453
0.295956
0.336804
0.317585
0.434252
0.53564
0.157762
0.608915
0.869111
0.436612
0.854948
0.536284
0.399807
0.692629
0.768844
0.370687
0.0723265
0.187729
0.472223
0.413963
0.554489
0.522884
0.42894
0.237978
0.731882
0.823169
0.694966
0.540254
0.806963
0.747325
0.83353
0.537934
0.573204
0.621595
0.716247
0.321943
0.536172
0.61969
0.382106
0.593251
0.553401
0.410786
0.1262
0.203058
0.664939
0.697407
0.490056
0.418842
0.786442
0.565076
0.825469
0.338089
0.9367
0.565603
0.603677
0.371611
0.171449
0.455907
0.641791
0.718327
0.895367
0.514213
0.418321
0.753359
0.224117
0.855525
0.649697
0.751343
0.568308
0.668241
0.799651
0.866815
0.111263
0.293786
0.193334
0.793564
0.352455
0.571131
0.908041
0.524792
0.388493
0.368092
0.612425
0.136006
0.103538
0.221261
0.526077
0.512466
0.441003
0.506458
0.171338
0.443108
0.928445
0.0615746
0.589215
0.502782
0.627493
0.183691
0.691298
0.144703
0.680705
0.422324
0.419527
0.424982
0.62722
0.590707
0.385703
0.28111
0.659092
0.416947
0.662603
0.286266
0.490164
0.756965
0.398586
0.801349
0.509367
0.791067
0.42756
0.446567
0.890327
0.126033
0.546183
0.814493
0.329128
0.224612
0.130183
0.346456
0.582149
0.584267
0.761648
0.294123
0.475799
0.0870718
0.539193
0.188175
0.560063
0.442627
0.242862
0.73593
0.577731
0.645864
0.52563
0.569794
0.421156
0.871615
0.803403
0.268428
0.248449
0.727835
0.515373
0.572485
0.43097
0.289332
0.426611
0.716804
0.503995
0.33389
0.644777
0.300934
0.792423
0.202669
0.522799
0.619872
0.38342
0.206734
0.61944
0.876866
0.617852
0.501615
0.889572
0.200182
0.272394
0.35175
0.276088
0.885703
0.104189
0.706698
0.375283
0.787225
0.429932
0.510997
0.847598
0.276344
0.411251
0.169539
0.245611
0.693783
0.71826
0.590334
0.431128
0.714069
0.243165
0.226547
0.253263
0.545395
0.535791
0.53967
0.159387
0.386575
0.632912
0.305725
0.410799
0.562948
0.453243
0.186338
0.575025
0.263119
0.43
0.486607
0.466586
0.798395
0.552862
0.521591
0.208145
0.306811
0.491255
0.513325
0.583875
0.323602
0.470786
0.94023
0.356947
0.640013
0.574747
0.260786
0.723002
0.37231
0.142529
0.433351
0.571486
0.66287
0.436838
0.653993
0.726715
0.435232
0.251588
0.23422
0.340566
0.624968
0.632343
0.540474
0.60863
0.308269
0.381175
0.41727
0.481756
0.150107
0.517834
0.515849
0.544803
0.593851
0.369078
0.450227
0.734527
0.714215
0.45806
0.202511
0.568434
0.655409
0.365641
0.199359
0.556515
0.576374
0.735491
0.481447
0.467696
0.524965
0.594877
0.387849
0.622917
0.662974
0.662991
0.177163
0.386686
0.263849
0.3187
0.507295
0.528999
0.404999
0.399609
0.195752
0.629498
0.276547
0.504279
0.182333
0.695738
0.528423
0.469507
0.616081
0.667434
0.577657
0.694526
0.488386
0.478588
0.297749
0.484001
0.234099
0.349324
0.511999
0.581704
0.72254
0.479367
0.212662
0.566733
0.560277
0.314979
0.927816
0.284159
0.627541
0.561276
0.657803
0.481968
0.770166
0.11177
0.303128
0.826179
0.568919
0.567033
0.505685
0.466012
0.608089
0.514332
0.825195
0.820978
0.665238
0.740142
0.172714
0.261763
0.743946
0.547384
0.42311
0.356801
0.87147
0.349281
0.628351
0.356377
0.583155
0.211691
0.753518
0.586166
0.515493
0.515816
0.357386
0.922065
0.529709
0.413133
0.63946
0.518209
0.787718
0.744443
0.775348
0.460017
0.702371
0.594909
0.462334
0.514181
0.183831
0.15695
0.597034
0.647444
0.603975
0.57287
0.507
0.486049
0.400676
0.429107
0.658164
0.387749
0.24387
0.573959
0.259983
0.798227
0.185249
0.430682
0.190161
0.563827
0.213481
0.477805
0.160829
0.372443
0.636821
0.568581
0.548056
0.494481
0.71499
0.761408
0.806564
0.495717
0.462192
0.333112
0.391521
0.0939729
0.543154
0.646975
0.609292
0.831465
0.684057
0.54737
0.31902
0.234689
0.520236
0.452876
0.406909
0.633743
0.302516
0.319763
0.455091
0.31294
0.884073
0.647711
0.526948
0.164598
0.409686
0.199638
0.490755
0.517879
0.129254
0.607519
0.803545
0.314552
0.75746
0.536058
0.677039
0.303552
0.801442
0.576105
0.547536
0.426213
0.278375
0.539679
0.771637
0.564059
0.2448
0.328487
0.469668
0.821006
0.0596132
0.547781
0.43869
0.511865
0.802559
0.53748
0.0569499
0.529031
0.270127
0.492387
0.601686
0.759207
0.470704
0.343394
0.402111
0.222053
0.540885
0.571549
0.749497
0.602645
0.504784
0.626863
0.486203
0.849598
0.298249
0.623722
0.695532
0.510736
0.479845
0.484793
0.414309
0.978198
0.050472
0.205285
0.290015
0.314827
0.303503
0.409447
0.104396
0.833746
0.127321
0.37118
0.585391
0.602974
0.682116
0.670637
0.429272
0.0469731
0.372829
0.158678
0.454858
0.316989
0.540107
0.401063
0.811689
0.602067
0.291163
0.774264
0.164023
0.552616
0.392393
0.384753
0.272551
0.488399
0.645634
0.483658
0.395678
0.56282
0.169951
0.54865
0.432267
0.555384
0.510807
0.204949
0.727711
0.464209
0.498504
0.157308
0.46521
0.570462
0.777763
0.804863
0.56413
0.146586
0.430329
0.210722
0.507313
0.480212
0.612462
0.598153
0.519223
0.385611
0.629198
0.0452784
0.51679
0.374578
0.367252
0.55011
0.254838
0.658605
0.508439
0.137835
0.587971
0.654234
0.445486
0.682206
0.770786
0.663461
0.322117
0.61292
0.718281
0.401062
0.119272
0.680858
0.64837
0.540705
0.709353
0.453061
0.52832
0.451764
0.300352
0.209317
0.747047
0.298652
0.691756
0.912235
0.435092
0.174597
0.264093
0.422682
0.354201
0.441709
0.623987
0.632451
0.27834
0.449223
0.326618
0.686044
0.788052
0.301794
0.597442
0.463444
0.400016
0.349704
0.475053
0.495742
0.453685
0.572885
0.797067
0.485507
0.176878
0.5306
0.450898
0.603762
0.852206
0.548686
0.311295
0.735448
0.506201
0.31621
0.78653
0.845247
0.543023
0.563429
0.395102
0.135653
0.744625
0.492925
0.294826
0.669134
0.559248
0.135787
0.186201
0.626303
0.600118
0.804716
0.51191
0.371927
0.27623
0.815929
0.374347
0.500694
0.477076
0.151737
0.593029
0.534578
0.733213
0.73568
0.823779
0.44369
0.774533
0.492066
0.661552
0.162504
0.408108
0.36183
0.148778
0.7733
0.637506
0.446553
0.611094
0.528732
0.445408
0.452543
0.742353
0.885379
0.161466
0.606816
0.860763
0.220155
0.33721
0.716909
0.758054
0.401458
0.54993
0.546337
0.563536
0.386929
0.557377
0.677616
0.544913
0.519697
0.725175
0.0347039
0.267759
0.694986
0.648812
0.736741
0.0354944
0.568956
0.892084
0.454966
0.531768
0.481666
0.763869
0.444676
0.0870925
0.766004
0.555111
0.424116
0.49164
0.614496
0.15788
0.472167
0.776037
0.675842
0.48838
0.616702
0.382068
0.553067
0.635808
0.285495
0.645133
0.375155
0.658894
0.291557
0.510358
0.614052
0.452037
0.524764
0.404218
0.318893
0.602886
0.52166
0.183552
0.439352
0.663263
0.0853205
0.583852
0.409971
0.755279
0.627119
0.588682
0.667353
0.434537
0.90231
0.14213
0.772092
0.732287
0.311277
0.126138
0.307316
0.298414
0.438335
0.524614
0.725707
0.567127
0.49995
0.196172
0.316896
0.367232
0.374262
0.6774
0.467086
0.398861
0.38378
0.438518
0.382782
0.498523
0.503131
0.513298
0.950523
0.61437
0.663722
0.425142
0.904456
0.913536
0.327213
0.331153
0.473662
0.443439
0.499653
0.306121
0.681085
0.7689
0.358174
0.688268
0.46595
0.506984
0.662102
0.408633
0.80154
0.1814
0.120371
0.72598
0.480214
0.318383
0.887109
0.289091
0.237529
0.705879
0.357276
0.448337
0.38736
0.737955
0.434215
0.738382
0.639868
0.266276
0.441019
0.453913
0.274208
0.380546
0.347559
0.74025
0.837863
0.539775
0.485062
0.120741
0.544437
0.47625
0.920121
0.382787
0.541834
0.294088
0.159992
0.744383
0.222661
0.184248
0.361076
0.723064
0.748746
0.677862
0.712441
0.629107
0.461638
0.359783
0.666278
0.604878
0.850979
0.464203
0.687138
0.632203
0.752595
0.274242
0.691868
0.429621
0.448217
0.74734
0.352073
0.161418
0.338675
0.788385
0.431011
0.380287
0.36246
0.592396
0.826794
0.625521
0.331519
0.478679
0.493749
0.59859
0.356165
0.6383
0.413834
0.337986
0.530969
0.716773
0.789986
0.815214
0.553513
0.153817
0.633249
0.373803
0.447889
0.702084
0.415598
0.433194
0.564795
0.5467
0.460294
0.379418
0.530127
0.44752
0.741669
0.5644
0.31393
0.825968
0.266215
0.335792
0.591583
0.21832
0.70684
0.51918
0.5691
0.517322
0.462175
0.274587
0.444414
0.424021
0.312805
0.74909
0.17652
0.531663
0.846297
0.44748
0.734363
0.463556
0.822907
0.742786
0.497326
0.486755
0.153831
0.448597
0.479212
0.523463
0.663881
0.375006
0.0475859
0.482001
0.810458
0.290077
0.310352
0.329239
0.530707
0.208709
0.841445
0.326353
0.388706
0.430758
0.417496
0.349796
0.694595
0.750314
0.437384
0.219336
0.767494
0.257984
0.696496
0.455062
0.514096
0.658076
0.687617
0.385209
0.494809
0.522548
0.600302
0.526695
0.149329
0.403591
0.6906
0.660241
0.353496
0.726751
0.693034
0.521929
0.479344
0.386413
0.44667
0.533119
0.130182
0.465586
0.407191
0.490539
0.722609
0.501804
0.216815
0.138479
0.587322
0.221055
0.50397
0.544932
0.760609
0.161609
0.0845576
0.703558
0.138369
0.6096
0.236724
0.283369
0.664585
0.76826
0.720974
0.447977
0.726067
0.582667
0.217537
0.666308
0.425394
0.64189
0.352833
0.436644
0.40388
0.580394
0.486927
0.345867
0.88649
0.400592
0.433856
0.385786
0.62053
0.638418
0.786672
0.448419
0.380031
0.793786
0.519115
0.922104
0.707669
0.447818
0.535763
0.810314
0.566115
0.488721
0.842541
0.295054
0.570681
0.36817
0.509478
0.166715
0.475138
0.810098
0.597564
0.542251
0.582593
0.393738
0.721593
0.29357
0.253276
0.432822
0.920879
0.107997
0.681132
0.572784
0.509698
0.602702
0.611093
0.527871
0.579339
0.414943
0.668887
0.380004
0.323655
0.190031
0.475279
0.361298
0.359962
0.388862
0.716609
0.54209
0.217178
0.836914
0.843502
0.346357
0.163077
0.436561
0.56963
0.316416
0.542527
0.46461
0.842396
0.548747
0.798587
0.876903
0.457412
0.222851
0.348344
0.54188
0.988667
0.644989
0.485357
0.324971
0.706216
0.728695
0.480596
0.445696
0.653326
0.333927
0.55373
0.529342
0.554894
0.38674
0.386661
0.275092
0.729053
0.201348
0.851167
0.662496
0.67382
0.426455
0.622526
0.618127
0.500672
0.537732
0.851012
0.564343
0.386923
0.798302
0.563113
0.271978
0.218765
0.609128
0.464377
0.438883
0.596867
0.671166
0.815732
0.416159
0.376401
0.381153
0.555167
0.50398
0.413349
0.382924
0.33666
0.238863
0.689002
0.196113
0.658206
0.594274
0.484507
0.344126
0.250841
0.516432
0.27732
0.403255
0.400515
0.217204
0.531481
0.894807
0.874715
0.645946
0.0535439
0.442137
0.62569
0.562172
0.0860719
0.614428
0.442167
0.630942
0.81054
0.379134
0.221425
0.462814
0.931548
0.584931
0.533609
0.520261
0.514204
0.897058
0.65015
0.312414
0.746555
0.106931
0.208178
0.300009
0.298947
0.737901
0.68279
0.932424
0.452172
0.369024
0.839063
0.738655
0.166305
0.598723
0.335663
0.394132
0.262075
0.570226
0.15196
0.685244
0.38667
0.480639
0.510489
0.293432
0.435837
0.495534
0.46665
0.820747
0.604151
0.490945
0.33753
0.478733
0.235345
0.54461
0.641696
0.362519
0.644552
0.598373
0.721859
0.731989
0.084352
0.713596
0.722274
0.721902
0.526489
0.34146
0.592745
0.402855
0.431142
0.530046
0.791125
0.614935
0.175615
0.490046
0.356168
0.495967
0.314328
0.440995
0.522629
0.126201
0.341983
0.659903
0.550462
0.211346
0.131774
0.654141
0.440013
0.725793
0.72053
0.38048
0.205075
0.437931
0.112641
0.43215
0.375673
0.239407
0.27468
0.615777
0.902465
0.70023
0.492554
0.340106
0.634629
0.27156
0.263086
0.238348
0.0431073
0.558103
0.391902
0.446063
0.361097
0.0819338
0.469481
0.456419
0.813639
0.95967
0.39726
0.474733
0.608201
0.91484
0.635663
0.694143
0.358121
0.547334
0.345928
0.414303
0.61079
0.781814
0.0976062
0.92497
0.652432
0.416945
0.313611
0.576361
0.761396
0.197339
0.624691
0.458147
0.581779
0.330073
0.805207
0.108968
0.28931
0.367673
0.462067
0.678343
0.221334
0.879417
0.148734
0.462839
0.142784
0.332838
0.576131
0.738397
0.32001
0.607332
0.592369
0.810657
0.574356
0.561693
0.103136
0.205192
0.487336
0.577492
0.60463
0.419504
0.929306
0.500162
0.50093
0.658656
0.583485
0.399658
0.377657
0.476432
0.63723
0.572577
0.403809
0.243884
0.812404
0.707598
0.533647
0.367143
0.406744
0.636143
0.680503
0.176384
0.518084
0.0901034
0.53439
0.907799
0.623312
0.888531
0.695283
0.70046
0.683945
0.475153
0.293945
0.529964
0.450192
0.228596
0.272193
0.500702
0.13536
0.467189
0.494437
0.918663
0.632522
0.570221
0.362415
0.566614
0.445281
0.637527
0.604969
0.603566
0.504518
0.109283
0.414743
0.510363
0.543016
0.267879
0.603681
0.503305
0.6998
0.543747
0.9492
0.837652
0.52611
0.547017
0.402911
0.422905
0.564842
0.746883
0.333765
0.671721
0.175366
0.720546
0.477494
0.504351
0.27556
0.39361
0.764234
0.430468
0.17298
0.693812
0.696185
0.630267
0.656998
0.53996
0.447206
0.9567
0.523809
0.587938
0.856201
0.780735
0.70617
0.655679
0.486185
0.101507
0.179757
0.748967
0.920895
0.84323
0.318003
0.609935
0.470822
0.76076
0.367295
0.710153
0.46055
0.375675
0.714417
0.610167
0.269262
0.864739
0.618094
0.107364
0.296299
0.322639
0.576529
0.0940506
0.52364
0.820873
0.502796
0.547606
0.347178
0.684637
0.379976
0.0745907
0.34868
0.909623
0.0678987
0.430686
0.680285
0.140573
0.433372
0.938341
0.733433
0.63348
0.475772
0.223991
0.264087
0.623303
0.619878
0.696744
0.146134
0.519083
0.8478
0.190388
0.424833
0.348314
0.841914
0.690603
0.842185
0.372471
0.310642
0.56926
0.506105
0.295544
0.668978
0.747669
0.375265
0.487464
0.745623
0.210658
0.231487
0.144312
0.688602
0.293362
0.811561
0.807149
0.74125
0.662584
0.77036
0.661385
0.560427
0.914616
0.647129
0.538516
0.748851
0.211393
0.506825
0.542158
0.773408
0.876842
0.428376
0.720198
0.441338
0.375325
0.511745
0.704975
0.606139
0.594024
0.575666
0.243351
0.275099
0.851163
0.717923
0.538554
0.790304
0.551934
0.41006
0.825652
0.755011
0.414006
0.79839
0.602558
0.377258
0.18448
0.383169
0.438419
0.902581
0.770182
0.74783
0.781276
0.307725
0.703165
0.510136
0.686865
0.427208
0.363275
0.167128
0.890437
0.684629
0.87969
0.505751
0.64347
0.600577
0.633279
0.251033
0.237147
0.249043
0.281666
0.623678
0.63448
0.33417
0.72888
0.478965
0.632947
0.559266
0.461455
0.698817
0.47953
0.459906
0.172861
0.508925
0.860006
0.373031
0.0981429
0.392786
0.184396
0.713907
0.480633
0.774549
0.590423
0.732822
0.592628
0.14253
0.586865
0.423388
0.731887
0.785276
0.758674
0.254336
0.615842
0.812053
0.455738
0.89667
0.595379
0.62964
0.887165
0.118055
0.610089
0.54728
0.542951
0.51632
0.806833
0.6817
0.364924
0.763946
0.24352
0.834036
0.588826
0.535417
0.599969
0.510575
0.179411
0.789298
0.817717
0.259155
0.280443
0.57694
0.590663
0.493124
0.101453
0.54966
0.628417
0.474718
0.663142
0.336284
0.614224
0.62974
0.323306
0.462929
0.279351
0.365407
0.505144
0.486897
0.515798
0.563262
0.0498434
0.516551
0.449217
0.418988
0.615301
0.289051
0.393905
0.801037
0.542867
0.477841
0.111765
0.799923
0.613973
0.401723
0.797084
0.140075
0.11854
0.307443
0.209023
0.126099
0.65702
0.397616
0.373684
0.795354
0.597954
0.275903
0.277633
0.44869
0.612933
0.481294
0.474759
0.231242
0.210812
0.783375
0.528325
0.435141
0.193081
0.410455
0.710109
0.696035
0.452241
0.38244
0.378501
0.75527
0.535083
0.620308
0.457425
0.459635
0.392727
0.50407
0.437964
0.670511
0.239309
0.551099
0.324576
0.754343
0.441179
0.386693
0.947753
0.326264
0.858502
0.178745
0.565014
0.918782
0.561115
0.208405
0.172111
0.747382
0.340533
0.748599
0.446299
0.744937
0.439971
0.922291
0.74358
0.536779
0.424264
0.212344
0.571759
0.528334
0.111542
0.79488
0.961221
0.277166
0.488559
0.367998
0.655272
0.321332
0.531537
0.647721
0.541951
0.635904
0.3544
0.703064
0.749162
0.389543
0.606274
0.302085
0.325015
0.172992
0.540138
0.440792
0.425242
0.371376
0.674484
0.226793
0.929579
0.352172
0.469869
0.289561
0.408961
0.640718
0.442249
0.38917
0.365443
0.255166
0.634933
0.395406
0.666683
0.372715
0.371071
0.309115
0.59689
0.499031
0.708532
0.497648
0.4461
0.312705
0.519046
0.316312
0.559652
0.856645
0.113488
0.787663
0.769755
0.248258
0.835186
0.510552
0.630998
0.580314
0.543112
0.47077
0.3817
0.684349
0.40685
0.425187
0.552957
0.428505
0.435202
0.531247
0.647277
0.221653
0.160308
0.393706
0.808661
0.395706
0.399169
0.700471
0.406024
0.637966
0.514425
0.619437
0.45181
0.145408
0.596288
0.628178
0.7777
0.172751
0.487477
0.448376
0.389264
0.646213
0.573066
0.756861
0.421447
0.51481
0.757081
0.845138
0.616764
0.511072
0.54775
0.399277
0.748067
0.493076
0.173264
0.572032
0.407776
0.539633
0.649941
0.519088
0.0854278
0.47054
0.224643
0.571269
0.95545
0.463739
0.113349
0.714632
0.296992
0.441292
0.457739
0.550282
0.467725
0.396022
0.421669
0.405804
0.353473
0.330696
0.349416
0.270183
0.715537
0.481646
0.407572
0.724077
0.357616
0.498679
0.13244
0.537338
0.534168
0.753162
0.304839
0.605635
0.522107
0.446159
0.574164
0.39807
0.777708
0.188491
0.253599
0.587648
0.600592
0.224589
0.208342
0.536489
0.226654
0.472033
0.758717
0.30765
0.771843
0.548625
0.520065
0.375436
0.448624
0.458901
0.601275
0.706062
0.477036
0.611927
0.583824
0.880568
0.612199
0.34228
0.703216
0.431828
0.710152
0.606073
0.654692
0.0675584
0.753894
0.523907
0.445076
0.95118
0.761511
0.442613
0.712641
0.712421
0.49825
0.187682
0.436868
0.359529
0.414427
0.178232
0.459974
0.264967
0.231046
0.576402
0.242077
0.396478
0.594986
0.643051
0.771889
0.465377
0.725653
0.47162
0.554787
0.663961
0.474955
0.27205
0.600167
0.663906
0.722492
0.376623
0.329927
0.547513
0.52781
0.139604
0.329978
0.343711
0.46163
0.402548
0.366644
0.340651
0.537888
0.697165
0.589824
0.346803
0.668498
0.357608
0.844808
0.572398
0.562677
0.214052
0.514597
0.803121
0.492737
0.539458
0.314628
0.537911
0.348208
0.921374
0.961763
0.76274
0.400157
0.230671
0.639411
0.532262
0.697596
0.359071
0.680682
0.531192
0.51784
0.897352
0.891425
0.287309
0.292693
0.426095
0.435036
0.707923
0.43235
0.590868
0.700905
0.611726
0.968865
0.633696
0.578392
0.427865
0.441081
0.552709
0.558177
0.734133
0.442896
0.561847
0.582894
0.806145
0.756722
0.52247
0.568901
0.849368
0.494028
0.51879
0.521068
0.0859058
0.664848
0.748957
0.662455
0.86787
0.0981038
0.403707
0.500763
0.489263
0.634644
0.704426
0.253424
0.368197
0.514857
0.772516
0.553209
0.271376
0.382742
0.501936
0.35623
0.252664
0.32831
0.606789
0.474207
0.477658
0.890189
0.515836
0.65288
0.606111
0.440311
0.285803
0.118437
0.404097
0.372546
0.705371
0.513837
0.257788
0.517183
0.761705
0.646898
0.760712
0.703097
0.641417
0.972026
0.546376
0.38951
0.437815
0.727467
0.538126
0.789197
0.23634
0.649948
0.288118
0.405035
0.250039
0.688586
0.577272
0.901741
0.676975
0.639939
0.448091
0.2347
0.451422
0.626076
0.842217
0.457751
0.560742
0.337537
0.514593
0.131791
0.0998123
0.463067
0.396118
0.256099
0.734871
0.227985
0.0766573
0.644227
0.748664
0.46307
0.580295
0.666351
0.338766
0.625853
0.604692
0.279957
0.840952
0.696153
0.396435
0.270726
0.549489
0.367785
0.434245
0.1255
0.806225
0.458258
0.591921
0.459201
0.530361
0.458382
0.952896
0.417589
0.360765
0.143637
0.44828
0.477716
0.0827067
0.669188
0.490266
0.567963
0.510897
0.570412
0.772764
0.429529
0.500703
0.590825
0.411161
0.641261
0.259401
0.259266
0.0930506
0.229675
0.629366
0.638235
0.911837
0.786062
0.515057
0.165245
0.555069
0.51256
0.625664
0.509058
0.519386
0.619035
0.205322
0.362706
0.523954
0.492685
0.422739
0.595132
0.794256
0.562218
0.592122
0.683371
0.888123
0.278482
0.89728
0.34711
0.735882
0.133429
0.790774
0.307516
0.566477
0.639284
0.239995
0.0922157
0.391462
0.68979
0.492032
0.808282
0.218728
0.225416
0.529225
0.305118
0.667837
0.624386
0.387255
0.649111
0.658852
0.741418
0.507673
0.331925
0.346513
0.516045
0.29671
0.63431
0.471665
0.572384
0.562271
0.567311
0.301791
0.232243
0.500982
0.312735
0.832527
0.363428
0.407151
0.584766
0.422045
0.485133
0.775532
0.334601
0.0301679
0.55228
0.469765
0.719969
0.734099
0.340699
0.628359
0.761426
0.692638
0.355002
0.480109
0.607287
0.230751
0.681044
0.2408
0.329081
0.716388
0.204834
0.763091
0.669396
0.401404
0.119784
0.111449
0.663988
0.398471
0.644156
0.234005
0.560038
0.465841
0.870589
0.903205
0.452424
0.771865
0.669586
0.0971445
0.0598855
0.311104
0.568829
0.493441
0.562959
0.643934
0.530196
0.247537
0.425548
0.631516
0.546362
0.727301
0.622021
0.837996
0.478853
0.375798
0.191692
0.771818
0.559432
0.374119
0.542578
0.138029
0.476689
0.776118
0.426291
0.773435
0.469708
0.786968
0.505953
0.436501
0.350694
0.35737
0.439
0.623862
0.878429
0.765328
0.896757
0.585316
0.404433
0.857341
0.442653
0.209183
0.213696
0.620886
0.690954
0.449897
0.481886
0.260093
0.167889
0.46971
0.270865
0.44645
0.797045
0.666382
0.484422
0.916446
0.4309
0.258742
0.706086
0.588003
0.350382
0.601961
0.340886
0.867586
0.654307
0.404465
0.482954
0.319866
0.960601
0.518315
0.43082
0.871796
0.341153
0.474958
0.772294
0.723
0.412189
0.438204
0.460804
0.634319
0.502036
0.746333
0.30506
0.766424
0.318163
0.715165
0.793924
0.240337
0.53535
0.874007
0.678368
0.591763
0.726887
0.806337
0.232369
0.291084
0.560663
0.267084
0.114654
0.500915
0.68201
0.748417
0.253139
0.743073
0.705215
0.665874
0.17395
0.646851
0.735522
0.336738
0.196899
0.450462
0.343545
0.422527
0.419293
0.427535
0.413942
0.507464
0.90994
0.910532
0.790234
0.484807
0.53525
0.582966
0.637635
0.422924
0.339272
0.712295
0.445785
0.582973
0.39958
0.495356
0.59324
0.260065
0.0808457
0.688233
0.895615
0.619798
0.608009
0.692419
0.559237
0.20202
0.88089
0.769151
0.46219
0.763707
0.452138
0.553797
0.684634
0.632823
0.590385
0.542161
0.210262
0.245045
0.350474
0.7206
0.220775
0.535225
0.572651
0.511795
0.405251
0.35546
0.73258
0.208086
0.706279
0.591652
0.0640676
0.56423
0.424741
0.150425
0.376362
0.721448
0.605101
0.488281
0.487917
0.634656
0.123104
0.354871
0.698472
0.174739
0.897719
0.422242
0.721351
0.577753
0.14925
0.471958
0.497833
0.412918
0.625444
0.811945
0.315482
0.2413
0.717502
0.0949596
0.152304
0.63702
0.387856
0.710532
0.668608
0.74291
0.33159
0.422281
0.268453
0.532451
0.293372
0.422454
0.652545
0.449891
0.461783
0.475595
0.284464
0.600413
0.86292
0.323176
0.692101
0.162222
0.67513
0.521111
0.526168
0.692442
0.886765
0.381997
0.797669
0.498669
0.218839
0.193962
0.216199
0.748089
0.234436
0.888011
0.0509438
0.486013
0.556776
0.32572
0.43627
0.235709
0.617788
0.379179
0.543762
0.851412
0.359085
0.475035
0.542587
0.796382
0.807194
0.774531
0.270074
0.517881
0.444941
0.6614
0.534369
0.590962
0.300849
0.209496
0.971037
0.802906
0.678424
0.30204
0.375508
0.350245
0.447217
0.57435
0.433225
0.820171
0.817517
0.35193
0.769354
0.128269
0.520579
0.755799
0.239982
0.584418
0.316226
0.146929
0.386611
0.258731
0.749732
0.581674
0.475884
0.819434
0.579837
0.45005
0.546373
0.514533
0.299792
0.968764
0.384333
0.469156
0.673284
0.700846
0.85028
0.470454
0.707136
0.773767
0.478275
0.411907
0.482649
0.467925
0.269793
0.568948
0.267459
0.347363
0.10404
0.877749
0.829789
0.104594
0.686605
0.889062
0.876965
0.791422
0.458315
0.568975
0.540081
0.607618
0.38617
0.618481
0.826675
0.419328
0.558234
0.483707
0.4633
0.17911
0.504355
0.728702
0.549865
0.419432
0.664592
0.44264
0.447614
0.491552
0.427222
0.35333
0.322628
0.221626
0.658197
0.318892
0.766712
0.655927
0.643938
0.369493
0.417559
0.0670514
0.369328
0.470992
0.500049
0.392988
0.552794
0.682397
0.710567
0.280921
0.860334
0.378988
0.866221
0.907646
0.720376
0.212991
0.740814
0.748473
0.661349
0.483678
0.50947
0.466486
0.593829
0.588762
0.223773
0.594047
0.459137
0.72897
0.739299
0.678405
0.666274
0.53766
0.517416
0.563291
0.739057
0.307368
0.723225
0.478378
0.595333
0.485142
0.541524
0.108478
0.380156
0.608572
0.132655
0.314345
0.774784
0.354342
0.650128
0.676971
0.703391
0.871223
0.241883
0.537233
0.359347
0.569366
0.457067
0.702791
0.472968
0.537755
0.480213
0.494085
0.742581
0.761719
0.114673
0.301324
0.850807
0.312373
0.437209
0.324333
0.487918
0.679842
0.545586
0.667142
0.304143
0.422175
0.321071
0.459182
0.212821
0.301792
0.62769
0.674964
0.966238
0.581372
0.370131
0.32413
0.426061
0.651027
0.33217
0.683727
0.45022
0.658656
0.717479
0.744605
0.318121
0.815341
0.814707
0.54379
0.616062
0.547676
0.708709
0.554728
0.504733
0.668894
0.459781
0.307259
0.290666
0.740653
0.672799
0.409205
0.223523
0.797397
0.378115
0.141444
0.441081
0.60511
0.646104
0.798342
0.4838
0.126399
0.357228
0.44543
0.30085
0.363728
0.549482
0.266182
0.669459
0.252713
0.765128
0.669785
0.449477
0.277335
0.318546
0.831771
0.095009
0.978957
0.407125
0.839383
0.845015
0.531009
0.987032
0.11355
0.514729
0.551229
0.335759
0.279357
0.309789
0.323317
0.223303
0.656866
0.58495
0.599902
0.113871
0.544179
0.469238
0.658669
0.319973
0.464613
0.779457
0.283544
0.0307838
0.549858
0.64388
0.3428
0.636651
0.730998
0.758028
0.135963
0.271615
0.409269
0.194407
0.681385
0.495822
0.278428
0.688075
0.61638
0.539713
0.470606
0.819904
0.381767
0.531841
0.697527
0.519436
0.362726
0.632221
0.558959
0.309186
0.657817
0.493058
0.190276
0.712276
0.148057
0.468758
0.421013
0.745275
0.537916
0.497068
0.116274
0.418118
0.540108
0.573239
0.872881
0.162983
0.376067
0.239085
0.742131
0.613996
0.263958
0.508803
0.651049
0.159638
0.566124
0.153441
0.193984
0.689739
0.267826
0.265879
0.46646
0.458921
0.459154
0.528208
0.613129
0.488374
0.491996
0.603371
0.261711
0.427837
0.483919
0.57295
0.514798
0.299657
0.84086
0.842971
0.671385
0.546806
0.470482
0.439596
0.350034
0.306727
0.858088
0.616594
0.185498
0.832882
0.676945
0.696438
0.270721
0.485887
0.604926
0.566939
0.516076
0.716095
0.519306
0.755255
0.09771
0.459511
0.241618
0.501179
0.166867
0.868918
0.504437
0.251565
0.492093
0.302073
0.311948
0.497768
0.206155
0.488864
0.866202
0.877993
0.829588
0.7993
0.730913
0.466383
0.742719
0.534197
0.404683
0.170778
0.278055
0.660456
0.475519
0.160977
0.10491
0.41278
0.528539
0.749392
0.578136
0.683744
0.478703
0.645975
0.722851
0.124042
0.500493
0.509286
0.527018
0.874841
0.726375
0.215579
0.713767
0.354069
0.38594
0.267774
0.665326
0.518547
0.557595
0.266208
0.670435
0.52382
0.704676
0.36302
0.167133
0.703569
0.667863
0.622057
0.652762
0.290478
0.285761
0.206173
0.433105
0.800428
0.315542
0.813787
0.882487
0.501907
0.8255
0.286606
0.386759
0.392485
0.731408
0.310333
0.141005
0.604255
0.648552
0.130299
0.473861
0.160099
0.731312
0.70384
0.870326
0.502661
0.172163
0.211332
0.364932
0.217903
0.531984
0.34773
0.977147
0.875108
0.0735271
0.316512
0.360894
0.40522
0.26995
0.447883
0.340055
0.439385
0.660265
0.363121
0.501833
0.52958
0.223581
0.606949
0.519855
0.673182
0.444037
0.169789
0.378886
0.563384
0.238259
0.321789
0.173022
0.487303
0.417271
0.680495
0.149258
0.29368
0.354677
0.434032
0.168277
0.352019
0.53303
0.641689
0.754363
0.425072
0.640257
0.533762
0.406292
0.376523
0.387987
0.732544
0.841086
0.635747
0.723699
0.316332
0.842511
0.341533
0.608534
0.148327
0.386174
0.0866312
0.532652
0.392299
0.713112
0.685005
0.440021
0.636899
0.523748
0.383671
0.234503
0.550485
0.464075
0.440978
0.539109
0.48834
0.57595
0.493238
0.380309
0.474164
0.383386
0.131539
0.469258
0.477696
0.786696
0.610658
0.751833
0.410373
0.436371
0.611916
0.39933
0.260857
0.258578
0.481868
0.41172
0.792351
0.804138
0.368699
0.505325
0.723549
0.592869
0.178197
0.456792
0.815098
0.625163
0.771182
0.575244
0.283466
0.732671
0.324268
0.474471
0.464062
0.439985
0.275827
0.317062
0.145513
0.509169
0.279031
0.202318
0.496949
0.339037
0.583859
0.369848
0.510184
0.891031
0.76992
0.390712
0.878664
0.313599
0.751989
0.517989
0.735059
0.936919
0.980127
0.868642
0.669369
0.309874
0.256246
0.108555
0.449427
0.451126
0.0890134
0.312626
0.365668
0.486187
0.508954
0.671776
0.622038
0.342342
0.765638
0.218762
0.694924
0.673317
0.32882
0.744659
0.581975
0.685548
0.115412
0.0778957
0.36269
0.537948
0.364155
0.897712
0.492653
0.487024
0.0798794
0.253915
0.253275
0.449242
0.469212
0.464809
0.278945
0.652493
0.789623
0.565174
0.583427
0.548548
0.533662
0.476171
0.507427
0.658384
0.870294
0.569039
0.509146
0.0222248
0.765175
0.794474
0.719756
0.426221
0.701766
0.549554
0.685621
0.577591
0.425149
0.454084
0.21917
0.400141
0.630421
0.708245
0.780289
0.622009
0.517547
0.203414
0.310103
0.32753
0.634545
0.558034
0.439026
0.645081
0.430865
0.250407
0.490949
0.742789
0.942865
0.520288
0.705454
0.803978
0.533227
0.711147
0.0999195
0.654223
0.606207
0.224989
0.893382
0.211894
0.720599
0.761589
0.914057
0.434057
0.522267
0.514031
0.412362
0.42962
0.418138
0.492419
0.701348
0.411577
0.413525
0.647639
0.546382
0.160248
0.534653
0.46704
0.225981
0.669386
0.258269
0.213918
0.685669
0.647
0.870201
0.482674
0.706713
0.542809
0.174754
0.241519
0.511637
0.774174
0.476805
0.534602
0.228374
0.322391
0.258483
0.51544
0.634937
0.371226
0.472299
0.483518
0.606485
0.65955
0.372609
0.595943
0.186651
0.219973
0.307287
0.926017
0.205016
0.675334
0.391467
0.540605
0.362601
0.264919
0.485248
0.268195
0.707251
0.272311
0.397228
0.829481
0.420785
0.526703
0.735743
0.502393
0.339792
0.649589
0.329684
0.493407
0.631939
0.718683
0.640766
0.687047
0.0496816
0.52095
0.589143
0.445417
0.683226
0.566631
0.714206
0.629676
0.634653
0.536117
0.592474
0.515293
0.535044
0.331568
0.434441
0.77299
0.326504
0.405144
0.782248
0.687229
0.730961
0.535711
0.23006
0.784121
0.827593
0.225928
0.589028
0.540634
0.660783
0.39155
0.4187
0.846982
0.800466
0.514854
0.346769
0.394049
0.276737
0.434052
0.599017
0.157753
0.310607
0.440554
0.66135
0.152193
0.262779
0.355987
0.495778
0.623486
0.222308
0.2608
0.732231
0.856137
0.157038
0.546381
0.258079
0.263842
0.547671
0.462516
0.127229
0.436592
0.427369
0.332095
0.710686
0.315945
0.74873
0.604923
0.510428
0.170344
0.500047
0.422522
0.558507
0.54237
0.492702
0.365795
0.323208
0.339785
0.741576
0.557418
0.54418
0.742248
0.360359
0.290855
0.918394
0.59559
0.893622
0.357853
0.558795
0.4655
0.507531
0.746293
0.647548
0.522519
0.461081
0.380289
0.705731
0.430199
0.779723
0.574394
0.401364
0.408326
0.553259
0.873783
0.817632
0.643046
0.779872
0.452313
0.603205
0.715812
0.678188
0.240309
0.926492
0.722986
0.389214
0.453963
0.655752
0.257999
0.490061
0.198218
0.686878
0.427937
0.241289
0.815022
0.340791
0.576418
0.489793
0.648808
0.252269
0.384649
0.14906
0.401085
0.672114
0.522534
0.67871
0.74603
0.604525
0.521691
0.485165
0.878919
0.701549
0.542291
0.665354
0.169315
0.336484
0.705552
0.515292
0.590855
0.278118
0.663787
0.725432
0.599526
0.387672
0.579882
0.684673
0.632305
0.760317
0.688063
0.814863
0.398033
0.733153
0.607845
0.357714
0.132399
0.181517
0.0830271
0.535973
0.488916
0.525492
0.817608
0.51074
0.73775
0.368499
0.580503
0.556805
0.444296
0.189848
0.250941
0.377871
0.299348
0.513108
0.476397
0.483556
0.772781
0.972195
0.614959
0.0500212
0.762568
0.197033
0.133994
0.686136
0.411049
0.440665
0.636977
0.0270201
0.260311
0.869711
0.190382
0.57686
0.418546
0.44001
0.622491
0.222865
0.409275
0.279359
0.465996
0.342251
0.375312
0.4992
0.216289
0.424095
0.809336
0.357131
0.577287
0.627984
0.482942
0.192139
0.866686
0.701284
0.246068
0.554392
0.252518
0.676944
0.36865
0.451508
0.492877
0.273676
0.596383
0.633131
0.350692
0.420416
0.59248
0.335734
0.355428
0.326923
0.43729
0.409486
0.583588
0.522391
0.357636
0.749081
0.629877
0.283963
0.357792
0.450399
0.440935
0.377005
0.423922
0.614866
0.683471
0.0290241
0.473895
0.223401
0.818713
0.559105
0.22433
0.50181
0.555025
0.584739
0.146752
0.199514
0.350569
0.227926
0.684739
0.703492
0.137902
0.742403
0.403923
0.409281
0.442361
0.483913
0.74674
0.770956
0.566127
0.645342
0.56377
0.451921
0.509837
0.178649
0.0935904
0.498419
0.803616
0.325413
0.562966
0.457611
0.41942
0.677921
0.0792918
0.36212
0.436534
0.69263
0.487139
0.502893
0.132139
0.577908
0.360789
0.412283
0.168783
0.477912
0.304635
0.479198
0.550669
0.374487
0.233302
0.618212
0.520604
0.628956
0.303406
0.414505
0.569503
0.585674
0.668772
0.666508
0.730316
0.659236
0.23103
0.748125
0.828249
0.827185
0.557442
0.712415
0.359171
0.450129
0.637843
0.558601
0.16805
0.341118
0.652562
0.584283
0.599338
0.506163
0.423211
0.244737
0.79113
0.477774
0.218208
0.441161
0.785015
0.66339
0.584913
0.65976
0.623466
0.630583
0.380244
0.383522
0.606656
0.750887
0.671663
0.698593
0.88058
0.624171
0.180392
0.517094
0.528336
0.705378
0.438744
0.838268
0.836467
0.555549
0.333435
0.46984
0.408226
0.638983
0.70677
0.631448
0.795632
0.588418
0.187547
0.36204
0.322211
0.360095
0.423588
0.653088
0.268271
0.700608
0.887744
0.229519
0.0906184
0.347376
0.429277
0.900214
0.848558
0.384644
0.242459
0.399979
0.508076
0.67688
0.9243
0.644826
0.796069
0.301428
0.793248
0.322475
0.276496
0.402309
0.640761
0.739931
0.32033
0.887048
0.0876133
0.350008
0.641184
0.388377
0.716802
0.378698
0.568485
0.912722
0.154958
0.475233
0.730074
0.597318
0.274107
0.306736
0.316096
0.497853
0.185664
0.519316
0.0960808
0.328502
0.198552
0.487503
0.361056
0.576219
0.413291
0.273888
0.462592
0.411191
0.623964
0.220833
0.620644
0.315284
0.199906
0.596148
0.67207
0.350409
0.119012
0.714591
0.431691
0.488632
0.324533
0.457075
0.337786
0.425944
0.577223
0.609457
0.553875
0.301533
0.474735
0.442776
0.698682
0.244467
0.310119
0.456829
0.376145
0.169625
0.441312
0.708946
0.17735
0.244787
0.343485
0.64985
0.326266
0.95073
0.516128
0.388468
0.641145
0.156221
0.416753
0.307571
0.483488
0.129783
0.593067
0.452126
0.366413
0.410094
0.685523
0.612223
0.394344
0.956906
0.472104
0.522453
0.205853
0.504364
0.627202
0.599628
0.59157
0.538582
0.366513
0.640693
0.459
0.321371
0.649763
0.402728
0.816151
0.381974
0.613192
0.486897
0.445831
0.398707
0.403639
0.448238
0.442493
0.392356
0.586114
0.553141
0.783505
0.653222
0.796737
0.106427
0.606718
0.323682
0.812906
0.269865
0.366211
0.558143
0.71258
0.294028
0.538081
0.682265
0.29455
0.585348
0.548161
0.273323
0.931566
0.530261
0.593526
0.583593
0.52821
0.498293
0.529692
0.22862
0.755364
0.445992
0.495344
0.562266
0.233185
0.54355
0.446504
0.16039
0.334422
0.246014
0.271981
0.335053
0.279985
0.730954
0.662015
0.601112
0.698613
0.624452
0.40195
0.517082
0.322536
0.437302
0.262847
0.822141
0.490996
0.133291
0.660882
0.291152
0.633503
0.751433
0.257431
0.229579
0.404705
0.504033
0.671693
0.530168
0.642744
0.272456
0.477745
0.713273
0.822968
0.922477
0.157886
0.372701
0.178889
0.361087
0.684168
0.448943
0.662242
0.756625
0.399962
0.75168
0.414038
0.34412
0.873465
0.153427
0.918478
0.237711
0.39498
0.376198
0.511595
0.67202
0.789897
0.293057
0.416517
0.594358
0.719211
0.166449
0.477211
0.529637
0.639455
0.745158
0.762593
0.639855
0.593949
0.641794
0.212868
0.400051
0.507212
0.41267
0.499986
0.312567
0.154423
0.261943
0.77408
0.0815419
0.477813
0.2919
0.467775
0.669461
0.921846
0.221267
0.330217
0.65768
0.459082
0.493395
0.362733
0.832763
0.478585
0.196237
0.327962
0.420543
0.708754
0.215942
0.504347
0.38974
0.346459
0.545985
0.357881
0.747059
0.564335
0.173685
0.302945
0.245601
0.568153
0.465987
0.224137
0.42848
0.376083
0.476387
0.430971
0.429531
0.491777
0.59488
0.717303
0.952963
0.643119
0.462793
0.197371
0.353846
0.258522
0.574394
0.090324
0.2413
0.352657
0.487133
0.625108
0.52627
0.493467
0.562414
0.237591
0.835751
0.522368
0.658746
0.7318
0.215346
0.699493
0.699171
0.577143
0.542021
0.445859
0.534829
0.513489
0.0689585
0.354334
0.526547
0.135993
0.524344
0.641282
0.266312
0.131525
0.185998
0.710745
0.360517
0.338585
0.353706
0.503067
0.196853
0.302585
0.641133
0.799797
0.616707
0.498364
0.509187
0.656783
0.414968
0.391812
0.462719
0.6373
0.589084
0.512484
0.832427
0.517118
0.259275
0.709076
0.563831
0.13335
0.681761
0.759632
0.935221
0.548991
0.276872
0.50837
0.626414
0.704995
0.593942
0.200983
0.560235
0.731781
0.634832
0.690318
0.438565
0.592037
0.457978
0.684273
0.394851
0.226692
0.484829
0.207819
0.184941
0.375949
0.430555
0.451004
0.338131
0.247227
0.780888
0.674813
0.690285
0.20192
0.737003
0.346772
0.220914
0.632807
0.55026
0.678162
0.616085
0.204031
0.66874
0.734715
0.479032
0.625493
0.617414
0.292676
0.610352
0.133544
0.533825
0.612097
0.779651
0.849855
0.281169
0.799246
0.910525
0.69033
0.560647
0.430001
0.600742
0.495951
0.444943
0.606107
0.899504
0.557411
0.754741
0.616165
0.763671
0.705433
0.200118
0.873236
0.614802
0.138627
0.208718
0.80093
0.418918
0.660782
0.362552
0.839858
0.710827
0.499443
0.365332
0.246316
0.484921
0.377671
0.46219
0.855089
0.874289
0.510856
0.233662
0.478227
0.540041
0.700441
0.685822
0.6117
0.192723
0.696456
0.558426
0.621775
0.667659
0.500715
0.772956
0.583009
0.476155
0.28258
0.442419
0.939735
0.254387
0.579127
0.364812
0.662894
0.531875
0.451624
0.422072
0.574121
0.741417
0.270183
0.306451
0.50893
0.392344
0.798454
0.496136
0.49089
0.328986
0.250247
0.902022
0.58866
0.496223
0.489954
0.107501
0.627764
0.633973
0.548643
0.623138
0.928975
0.822531
0.127699
0.578126
0.245188
0.300606
0.761894
0.270371
0.568642
0.477926
0.313748
0.497103
0.480403
0.564318
0.471076
0.587878
0.213931
0.237104
0.419567
0.0618435
0.104653
0.768706
0.362306
0.331152
0.597385
0.536335
0.558075
0.37239
0.483503
0.335628
0.550348
0.287895
0.539712
0.420119
0.758814
0.178852
0.740305
0.688418
0.605344
0.252016
0.714794
0.940962
0.846241
0.581968
0.622761
0.128229
0.282676
0.450755
0.117832
0.512281
0.52116
0.686793
0.572634
0.163505
0.455951
0.424929
0.236608
0.714441
0.645255
0.709506
0.498571
0.292567
0.753103
0.362318
0.425874
0.553904
0.72877
0.537352
0.252059
0.239337
0.39563
0.384149
0.484868
0.17551
0.621299
0.2417
0.306497
0.142178
0.240956
0.284726
0.437955
0.527886
0.405712
0.54423
0.639406
0.195859
0.527907
0.224186
0.518386
0.481969
0.495197
0.236248
0.317744
0.746654
0.325325
0.374358
0.355197
0.902671
0.433432
0.551114
0.786372
0.340554
0.6838
0.517778
0.863214
0.673652
0.397883
0.489814
0.359621
0.224615
0.490527
0.599803
0.836198
0.675226
0.906221
0.599639
0.415997
0.30142
0.52729
0.73386
0.74311
0.215396
0.725871
0.706
0.296011
0.536677
0.231573
0.159828
0.227498
0.414003
0.486683
0.597363
0.403128
0.319932
0.66079
0.155527
0.310012
0.540011
0.496723
0.663313
0.507845
0.778417
0.659644
0.40135
0.294046
0.301911
0.761202
0.485735
0.754892
0.544014
0.730611
0.798007
0.8745
0.591249
0.204516
0.383135
0.873561
0.473349
0.607549
0.237401
0.949672
0.679284
0.595419
0.408062
0.591161
0.821008
0.532432
0.826628
0.636271
0.866767
0.675315
0.797687
0.749586
0.865883
0.235205
0.5651
0.487557
0.586848
0.489688
0.377476
0.625027
0.490639
0.616772
0.474791
0.414606
0.461104
0.422639
0.418008
0.450791
0.714305
0.635098
0.183616
0.810696
0.308694
0.934558
0.444909
0.643263
0.177992
0.39445
0.461928
0.378833
0.108643
0.502927
0.501913
0.73097
0.583736
0.437752
0.712143
0.662374
0.415242
0.266231
0.367053
0.486797
0.586468
0.742066
0.411486
0.278806
0.226584
0.371012
0.221966
0.263302
0.639106
0.417204
0.507866
0.856627
0.306214
0.522036
0.274337
0.531178
0.290768
0.60746
0.268881
0.175366
0.457912
0.235589
0.333452
0.620824
0.438123
0.596467
0.583932
0.508718
0.753598
0.795898
0.338891
0.667049
0.529848
0.115184
0.219479
0.670813
0.714363
0.414678
0.842338
0.756899
0.224236
0.352999
0.527413
0.765601
0.444622
0.593803
0.442517
0.280609
0.499897
0.671971
0.606556
0.139371
0.219397
0.691101
0.673252
0.485682
0.719613
0.524176
0.417281
0.0363901
0.524719
0.189274
0.344656
0.734088
0.647299
0.572203
0.849269
0.457665
0.551162
0.667945
0.337442
0.462593
0.418102
0.512755
0.242374
0.722832
0.640497
0.97883
0.850357
0.846212
0.46161
0.603383
0.360629
0.735178
0.685469
0.624032
0.60075
0.664783
0.378203
0.392347
0.319366
0.949772
0.482708
0.337462
0.478248
0.872672
0.768517
0.651598
0.465465
0.544733
0.538753
0.369389
0.651579
0.371602
0.516036
0.512885
0.210732
0.79562
0.329215
0.474102
0.128501
0.486597
0.522813
0.306992
0.318393
0.652948
0.511049
0.100716
0.768865
0.645069
0.39831
0.106091
0.642723
0.522825
0.587965
0.287085
0.750803
0.759016
0.601367
0.469233
0.821789
0.250717
0.528955
0.256854
0.49004
0.310345
0.535293
0.390947
0.423328
0.308339
0.339951
0.219626
0.512327
0.639331
0.596087
0.452983
0.543749
0.68367
0.588605
0.874256
0.779006
0.436192
0.673777
0.679162
0.86025
0.47409
0.38219
0.615281
0.465695
0.435787
0.606893
0.593365
0.63607
0.182648
0.798636
0.442453
0.6941
0.315449
0.590052
0.480641
0.178866
0.217447
0.770681
0.573422
0.216951
0.795935
0.534684
0.351435
0.252209
0.594165
0.423155
0.259523
0.556065
0.445502
0.38287
0.608955
0.940206
0.34169
0.363382
0.304704
0.593531
0.687109
0.87431
0.419647
0.465255
0.110886
0.424712
0.787564
0.61602
0.508746
0.766417
0.286809
0.458912
0.486481
0.363176
0.486531
0.812227
0.376887
0.507534
0.327322
0.685898
0.502085
0.507266
0.508155
0.723425
0.353061
0.363278
0.251509
0.721213
0.358327
0.860839
0.618529
0.647158
0.413563
0.496007
0.546119
0.580396
0.844121
0.659151
0.277833
0.494051
0.472273
0.497413
0.360435
0.302891
0.461056
0.878009
0.37801
0.0977423
0.106616
0.374236
0.595505
0.488549
0.750908
0.696052
0.183557
0.477951
0.486631
0.487115
0.696505
0.287251
0.826282
0.410157
0.975446
0.556659
0.507181
0.44255
0.648218
0.34166
0.604375
0.803967
0.398176
0.327425
0.123271
0.937991
0.673647
0.683091
0.243871
0.469551
0.509935
0.977822
0.388511
0.560068
0.635743
0.580511
0.784946
0.582179
0.535902
0.464994
0.696684
0.53592
0.142267
0.342666
0.492416
0.128231
0.324666
0.54435
0.226453
0.437673
0.353773
0.573326
0.401999
0.0862244
0.507773
0.751365
0.589186
0.840027
0.494715
0.379661
0.0697022
0.560971
0.362397
0.336528
0.179912
0.430977
0.0676843
0.533741
0.52434
0.37086
0.37713
0.153397
0.731391
0.575653
0.270761
0.58716
0.423174
0.0882551
0.520914
0.499785
0.571322
0.333289
0.618003
0.438779
0.410672
0.533034
0.715076
0.412077
0.58267
0.427318
0.763053
0.855611
0.680406
0.719239
0.508506
0.412658
0.367116
0.668586
0.0258716
0.44681
0.240061
0.754855
0.455951
0.210483
0.111632
0.831699
0.622596
0.5908
0.379574
0.194722
0.699433
0.854758
0.658189
0.484483
0.598521
0.315523
0.842405
0.346559
0.2528
0.841755
0.776582
0.270587
0.464214
0.131814
0.69992
0.53012
0.489391
0.174745
0.140375
0.645195
0.53474
0.319897
0.428909
0.289477
0.33284
0.877063
0.505993
0.563867
0.472023
0.169014
0.192222
0.558425
0.650987
0.458294
0.594908
0.624512
0.530336
0.170168
0.322541
0.279008
0.85293
0.333579
0.67898
0.162479
0.504897
0.662001
0.509262
0.473181
0.689198
0.19606
0.368897
0.29877
0.383615
0.429795
0.188515
0.267585
0.75504
0.342438
0.605761
0.44139
0.701937
0.757589
0.636298
0.371452
0.696851
0.451656
0.355789
0.239811
0.600842
0.433435
0.264748
0.507641
0.621719
0.316716
0.508132
0.492564
0.587943
0.207768
0.621529
0.796787
0.210087
0.52961
0.475842
0.507958
0.501717
0.704907
0.59234
0.594585
0.531562
0.61939
0.499933
0.917925
0.678875
0.287677
0.806565
0.782194
0.0638257
0.643345
0.656594
0.944985
0.824834
0.875161
0.746031
0.509766
0.414685
0.731317
0.567513
0.622335
0.587332
0.21357
0.0568973
0.393103
0.74724
0.583139
0.313329
0.467078
0.333159
0.600248
0.564676
0.663438
0.908185
0.419191
0.550207
0.606553
0.128014
0.560787
0.492365
0.270339
0.759224
0.384097
0.829545
0.357813
0.419493
0.479289
0.381717
0.437738
0.711616
0.403523
0.120797
0.760211
0.923192
0.181724
0.217626
0.67309
0.463856
0.494123
0.537428
0.0611202
0.211945
0.472442
0.255644
0.729648
0.442456
0.526599
0.765988
0.654778
0.508177
0.623795
0.552621
0.521873
0.945876
0.441883
0.198316
0.474251
0.679396
0.318876
0.200469
0.493964
0.491569
0.420457
0.766868
0.336532
0.436791
0.547408
0.263051
0.441509
0.366148
0.50478
0.483168
0.740752
0.736973
0.45473
0.416195
0.786269
0.378687
0.174855
0.679385
0.619527
0.38683
0.643931
0.290836
0.804083
0.317133
0.376915
0.453037
0.543427
0.351512
0.431091
0.51928
0.305898
0.607865
0.505234
0.314812
0.378563
0.765539
0.553661
0.484591
0.271921
0.178352
0.337062
0.539531
0.897312
0.147033
0.831959
0.773111
0.438907
0.522959
0.42069
0.220214
0.342154
0.815077
0.783792
0.330091
0.340553
0.471861
0.416635
0.525291
0.442641
0.510203
0.692214
0.818469
0.301042
0.163093
0.391948
0.658922
0.385494
0.217989
0.626386
0.680743
0.381686
0.717717
0.0676566
0.524454
0.237815
0.695807
0.915587
0.904001
0.780712
0.618123
0.519321
0.590996
0.323433
0.70267
0.576336
0.488051
0.686168
0.289445
0.830726
0.46312
0.55237
0.43222
0.692633
0.616688
0.58195
0.384112
0.700686
0.653695
0.703437
0.648837
0.249342
0.532086
0.506961
0.769512
0.502989
0.559829
0.159947
0.526871
0.918689
0.61231
0.767387
0.218794
0.79945
0.141953
0.598564
0.692999
0.799879
0.651957
0.602108
0.304787
0.306105
0.806019
0.631262
0.971712
0.611852
0.345919
0.801222
0.497047
0.312518
0.488835
0.400428
0.333922
0.339156
0.476276
0.277702
0.462022
0.554219
0.446505
0.627071
0.548693
0.830945
0.802307
0.592183
0.566357
0.538265
0.246016
0.61217
0.5381
0.8531
0.653632
0.430855
0.583307
0.821927
0.459937
0.691142
0.435218
0.593484
0.726474
0.536505
0.60229
0.744501
0.564247
0.141428
0.345224
0.620312
0.583052
0.592666
0.141551
0.612245
0.539282
0.543221
0.309632
0.29365
0.854095
0.560896
0.463962
0.836442
0.173821
0.593301
0.47365
0.630041
0.644479
0.471189
0.595942
0.524582
0.572281
0.872005
0.45667
0.120254
0.641994
0.665501
0.549503
0.524678
0.365045
0.563322
0.425868
0.500155
0.429233
0.494406
0.24742
0.422701
0.621921
0.628107
0.372941
0.474709
0.498606
0.466877
0.151529
0.493141
0.468708
0.430426
0.593969
0.395104
0.470482
0.35319
0.594146
0.602696
0.406908
0.317024
0.87239
0.388997
0.514452
0.240956
0.312613
0.567078
0.336548
0.649916
0.865118
0.443893
0.973715
0.544277
0.186968
0.460955
0.782133
0.79211
0.691767
0.44364
0.6926
0.466021
0.680746
0.381012
0.821723
0.546439
0.727019
0.158051
0.547204
0.413234
0.484892
0.662133
0.719137
0.547541
0.596097
0.685662
0.179148
0.365667
0.864815
0.546717
0.759278
0.606944
0.873384
0.349596
0.432477
0.697429
0.710552
0.807115
0.786585
0.511287
0.484148
0.546568
0.493672
0.451773
0.290066
0.821187
0.446614
0.77366
0.809405
0.549007
0.234787
0.568998
0.205672
0.600993
0.630735
0.338077
0.4939
0.260306
0.259715
0.0674759
0.0535733
0.274599
0.123962
0.23706
0.457217
0.423193
0.153578
0.677814
0.286543
0.521023
0.455902
0.702369
0.608013
0.781235
0.435242
0.430129
0.77971
0.458288
0.454839
0.228832
0.261374
0.693459
0.212955
0.194457
0.599489
0.984609
0.50493
0.591322
0.7593
0.702099
0.543114
0.674279
0.475618
0.572712
0.506533
0.314846
0.294312
0.553476
0.492155
0.853181
0.476334
0.517259
0.0396603
0.597761
0.436187
0.671991
0.40156
0.394631
0.88667
0.635421
0.730557
0.688122
0.361818
0.587252
0.356011
0.494885
0.289872
0.920557
0.321401
0.713144
0.288191
0.814323
0.854639
0.189018
0.351947
0.149029
0.44313
0.461802
0.108503
0.687098
0.685426
0.610079
0.309335
0.440136
0.0913936
0.620539
0.231384
0.144798
0.502713
0.201371
0.659702
0.769178
0.305635
0.462118
0.623267
0.471597
0.107839
0.881856
0.0558627
0.433643
0.551284
0.487583
0.553862
0.489372
0.432912
0.164686
0.402828
0.472513
0.805095
0.521357
0.544771
0.703573
0.727692
0.728857
0.157971
0.538707
0.84359
0.759457
0.0212146
0.402228
0.449609
0.443991
0.834329
0.224641
0.234641
0.270836
0.666899
0.708062
0.356902
0.84824
0.707021
0.840912
0.53217
0.451851
0.481992
0.0837468
0.304884
0.57932
0.222792
0.14811
0.673978
0.433862
0.544236
0.790277
0.245329
0.258657
0.612687
0.54176
0.582693
0.443939
0.473178
0.798468
0.428992
0.328678
0.707846
0.190374
0.469853
0.618712
0.59753
0.15358
0.811244
0.34321
0.458425
0.626645
0.343105
0.771338
0.825653
0.793065
0.660837
0.211012
0.155641
0.291756
0.71653
0.111593
0.719164
0.817446
0.371798
0.392428
0.356944
0.532818
0.5241
0.419086
0.769669
0.714311
0.478435
0.549173
0.514311
0.553428
0.736252
0.669611
0.378621
0.53544
0.373489
0.647234
0.80567
0.31736
0.679589
0.614604
0.540311
0.527052
0.229385
0.512898
0.669444
0.905371
0.0597118
0.813746
0.72796
0.21318
0.622635
0.341912
0.54222
0.325143
0.187166
0.12067
0.482972
0.432167
0.36134
0.661763
0.299552
0.774344
0.406523
0.621815
0.707277
0.326301
0.515839
0.24708
0.399869
0.35681
0.228579
0.528385
0.658821
0.784547
0.65247
0.488165
0.731537
0.25186
0.665685
0.521445
0.650175
0.338436
0.77046
0.712653
0.163016
0.336732
0.270198
0.0501398
0.950267
0.511054
0.441939
0.460284
0.296163
0.262145
0.376057
0.583036
0.389239
0.619174
0.15508
0.710815
0.422654
0.480986
0.543485
0.312588
0.166434
0.528498
0.360364
0.565049
0.683523
0.230116
0.206819
0.812736
0.361499
0.862035
0.719973
0.37899
0.431842
0.465317
0.52546
0.649615
0.648625
0.161602
0.560295
0.351119
0.798508
0.249343
0.43795
0.445406
0.713899
0.502437
0.527574
0.562806
0.461171
0.593113
0.419173
0.8953
0.375794
0.560967
0.446671
0.471835
0.616275
0.75002
0.440688
0.73759
0.408768
0.135663
0.88295
0.359066
0.154232
0.463368
0.634171
0.676891
0.57001
0.12105
0.4073
0.228204
0.537716
0.666934
0.658003
0.260483
0.329287
0.434829
0.564267
0.158716
0.383086
0.138655
0.266966
0.207774
0.301934
0.898124
0.543322
0.611855
0.74493
0.607436
0.585069
0.1929
0.384959
0.568859
0.553253
0.689817
0.603735
0.813091
0.581504
0.580437
0.0962784
0.528253
0.899677
0.34802
0.556686
0.519404
0.249724
0.614246
0.117076
0.620448
0.26568
0.56051
0.211585
0.48031
0.489638
0.559442
0.537283
0.645255
0.69558
0.438492
0.283895
0.359216
0.692947
0.297484
0.804191
0.504031
0.78182
0.301985
0.396919
0.601429
0.531589
0.374394
0.374179
0.298675
0.55498
0.7046
0.0850819
0.25972
0.449322
0.502101
0.567581
0.383754
0.57692
0.41145
0.500366
0.273015
0.356422
0.512908
0.626661
0.371752
0.737039
0.830177
0.821846
0.198198
0.52751
0.767083
0.476725
0.591442
0.751669
0.395103
0.868367
0.895058
0.202509
0.51358
0.190354
0.499389
0.366592
0.904524
0.914337
0.664341
0.390714
0.703877
0.654763
0.54457
0.762671
0.811098
0.708648
0.33894
0.378003
0.758952
0.442282
0.486121
0.164622
0.965387
0.696723
0.828208
0.437153
0.789365
0.383969
0.664222
0.152902
0.81251
0.445683
0.615396
0.741302
0.768484
0.846337
0.724084
0.178724
0.541921
0.772652
0.708207
0.480523
0.158826
0.711221
0.793077
0.282195
0.690312
0.576168
0.542493
0.681523
0.491524
0.55875
0.110982
0.51358
0.197654
0.370733
0.339056
0.230474
0.398916
0.553466
0.11336
0.557696
0.416339
0.524486
0.413592
0.598964
0.600271
0.533555
0.968058
0.561421
0.573467
0.199995
0.439751
0.773073
0.340624
0.303198
0.564823
0.164338
0.686253
0.498179
0.16532
0.885579
0.28275
0.128063
0.45806
0.232499
0.930553
0.805357
0.581538
0.0512773
0.852251
0.433911
0.762706
0.795311
0.462522
0.843414
0.545535
0.405442
0.535778
0.208327
0.503218
0.685555
0.693391
0.423101
0.855884
0.345398
0.632371
0.105582
0.41571
0.382525
0.517378
0.400454
0.7813
0.475221
0.457931
0.754612
0.703198
0.55829
0.492711
0.336337
0.542439
0.753573
0.502806
0.270132
0.243969
0.327086
0.475792
0.359122
0.746846
0.844642
0.542517
0.466865
0.253086
0.69783
0.708468
0.230474
0.777011
0.672233
0.201591
0.2769
0.897009
0.72976
0.358442
0.114279
0.63155
0.176959
0.47054
0.870181
0.361345
0.391197
0.512804
0.548686
0.719529
0.276573
0.175944
0.478108
0.871725
0.621441
0.62468
0.121282
0.607889
0.529423
0.403673
0.920274
0.167794
0.595779
0.413022
0.347384
0.222017
0.50102
0.875232
0.334326
0.430345
0.693626
0.215503
0.251462
0.499424
0.333751
0.777224
0.608945
0.161565
0.669794
0.294554
0.651682
0.496562
0.5197
0.543946
0.519953
0.518405
0.528876
0.596517
0.647584
0.448759
0.376598
0.593106
0.0695508
0.599084
0.602765
0.963926
0.31087
0.783279
0.226907
0.514665
0.528672
0.68271
0.33129
0.300913
0.579326
0.585512
0.280017
0.712805
0.682472
0.422032
0.245984
0.691735
0.353874
0.518283
0.217575
0.501024
0.77893
0.489308
0.656971
0.47243
0.298737
0.194288
0.981938
0.150349
0.680585
0.675312
0.542982
0.755604
0.344736
0.501657
0.767745
0.390686
0.219396
0.441455
0.144496
0.408326
0.895714
0.38264
0.716627
0.365278
0.754724
0.925029
0.26
0.483166
0.738075
0.56542
0.31503
0.538308
0.43444
0.397588
0.245385
0.102347
0.153466
0.749046
0.495166
0.0556092
0.659158
0.176444
0.216454
0.295024
0.734559
0.741497
0.43909
0.558512
0.749595
0.489291
0.454568
0.287694
0.403983
0.55087
0.585909
0.450811
0.817053
0.291954
0.515406
0.747721
0.136369
0.429687
0.842098
0.618854
0.337029
0.539265
0.540857
0.479994
0.883512
0.372337
0.494962
0.604766
0.425945
0.409056
0.274034
0.576708
0.702677
0.565633
0.829206
0.732789
0.321013
0.479293
0.777412
0.520267
0.588013
0.2925
0.446644
0.188747
0.563208
0.358316
0.354096
0.739316
0.505105
0.788787
0.289019
0.552644
0.383386
0.268217
0.672209
0.117897
0.628638
0.0532049
0.363961
0.784377
0.791516
0.581337
0.592405
0.957724
0.7832
0.610384
0.17406
0.162583
0.369031
0.309896
0.198512
0.393595
0.587195
0.227065
0.349071
0.176603
0.764323
0.548733
0.531293
0.761921
0.799899
0.0814071
0.481239
0.37158
0.39134
0.871185
0.52534
0.922378
0.371621
0.385427
0.663753
0.646667
0.331326
0.678087
0.649082
0.532688
0.197003
0.460557
0.232323
0.506383
0.43768
0.499897
0.747934
0.276527
0.571443
0.266338
0.20988
0.76507
0.143933
0.751934
0.590552
0.544553
0.350639
0.382222
0.454406
0.204488
0.474865
0.442771
0.618229
0.568562
0.813257
0.442517
0.509883
0.68454
0.260732
0.835718
0.897409
0.508768
0.726732
0.0244441
0.160373
0.207105
0.554627
0.563451
0.775322
0.494209
0.616186
0.489324
0.68722
0.43301
0.752961
0.195764
0.738755
0.616275
0.736475
0.776891
0.829375
0.652124
0.419077
0.760441
0.975939
0.375369
0.247358
0.652727
0.44685
0.706573
0.809977
0.217251
0.141558
0.580678
0.591796
0.408824
0.387292
0.867088
0.106183
0.385081
0.324902
0.203087
0.57737
0.51727
0.555693
0.662462
0.344723
0.322175
0.721118
0.681204
0.660828
0.237063
0.187207
0.162159
0.555234
0.659516
0.505606
0.68052
0.435756
0.674043
0.323109
0.712015
0.599199
0.387321
0.911536
0.305681
0.823376
0.29396
0.489869
0.623092
0.212305
0.594664
0.51048
0.265906
0.96646
0.388653
0.0813563
0.31364
0.749928
0.16223
0.696184
0.493503
0.326386
0.495368
0.444166
0.904194
0.635736
0.408184
0.371455
0.215534
0.4833
0.269189
0.66607
0.76579
0.513429
0.687172
0.338175
0.478592
0.139417
0.308605
0.567595
0.521304
0.60159
0.942445
0.39044
0.62671
0.325439
0.434192
0.396723
0.499926
0.251678
0.211107
0.610827
0.732382
0.310104
0.420427
0.226723
0.644752
0.209128
0.582493
0.869784
0.480729
0.712855
0.680625
0.557099
0.373495
0.577588
0.609661
0.528139
0.506772
0.319634
0.404996
0.617667
0.392334
0.486276
0.674024
0.342748
0.185841
0.601806
0.65184
0.37576
0.962884
0.460467
0.803091
0.575253
0.877104
0.438205
0.891848
0.746552
0.622279
0.495095
0.44135
0.803974
0.620222
0.540304
0.505547
0.506515
0.856402
0.331492
0.674257
0.438924
0.78513
0.580507
0.233858
0.409988
0.726216
0.437247
0.405367
0.43995
0.674941
0.523579
0.581785
0.508889
0.447242
0.689181
0.486583
0.237993
0.581978
0.66118
0.17522
0.675535
0.422146
0.759466
0.801527
0.359484
0.296929
0.349548
0.0708865
0.328594
0.726455
0.204852
0.802037
0.253853
0.571125
0.450288
0.5194
0.862169
0.547407
0.759026
0.4978
0.824171
0.531949
0.474291
0.681452
0.277992
0.575911
0.328099
0.399092
0.160914
0.551363
0.428786
0.797122
0.520756
0.351646
0.689211
0.912653
0.478857
0.567564
0.867508
0.808314
0.516567
0.561275
0.392264
0.690694
0.25708
0.859766
0.643992
0.43432
0.414519
0.289787
0.364782
0.43301
0.582116
0.776106
0.367997
0.700505
0.531396
0.224971
0.219895
0.642237
0.69421
0.414665
0.56505
0.420119
0.499504
0.314999
0.267446
0.332223
0.236712
0.257641
0.539119
0.629233
0.617617
0.379154
0.728224
0.189528
0.708591
0.75861
0.438404
0.474799
0.405056
0.671664
0.651325
0.188044
0.620072
0.382946
0.524266
0.555841
0.358894
0.398676
0.534632
0.656753
0.351405
0.601343
0.643264
0.217763
0.414278
0.188347
0.648425
0.80059
0.714751
0.336472
0.402334
0.299785
0.607887
0.0140587
0.562118
0.174452
0.719199
0.362763
0.547076
0.835507
0.944506
0.0707648
0.374107
0.610313
0.538905
0.65931
0.543185
0.706595
0.466727
0.104456
0.144767
0.0974824
0.184354
0.2159
0.86099
0.24959
0.527776
0.694755
0.53255
0.61597
0.376754
0.292167
0.463124
0.815848
0.267472
0.49063
0.633221
0.422991
0.625551
0.629878
0.495327
0.7846
0.791295
0.399243
0.522223
0.292589
0.509059
0.618331
0.18036
0.529137
0.552592
0.727912
0.50015
0.708381
0.658241
0.41289
0.415054
0.336125
0.437905
0.279212
0.541359
0.509439
0.443583
0.506637
0.57048
0.278037
0.555423
0.899182
0.445709
0.489281
0.365119
0.755159
0.495245
0.53872
0.226556
0.478674
0.693412
0.448002
0.645563
0.354443
0.721915
0.692075
0.180644
0.407823
0.503022
0.697515
0.526582
0.771915
0.376555
0.433877
0.452775
0.483633
0.592537
0.519935
0.768178
0.130591
0.791408
0.766701
0.484744
0.270703
0.643641
0.579071
0.351209
0.546358
0.320684
0.637995
0.429129
0.915059
0.469054
0.785047
0.38302
0.41838
0.359487
0.531254
0.65649
0.411135
0.383019
0.612063
0.70622
0.672628
0.565854
0.510343
0.465701
0.821855
0.274913
0.369259
0.210561
0.458535
0.785931
0.716929
0.497397
0.451854
0.385976
0.924715
0.347955
0.298776
0.182267
0.321039
0.350555
0.473824
0.789171
0.382579
0.850619
0.192174
0.565237
0.424751
0.402195
0.507976
0.0721681
0.713314
0.652332
0.669729
0.427583
0.419006
0.830205
0.154639
0.723454
0.33707
0.512832
0.303777
0.182091
0.293541
0.339298
0.479973
0.221561
0.660187
0.845324
0.670264
0.102384
0.399953
0.590084
0.454814
0.327429
0.564814
0.747124
0.264156
0.46684
0.667884
0.331275
0.346641
0.579889
0.351667
0.733423
0.367968
0.405641
0.274334
0.235013
0.564669
0.494272
0.63589
0.174173
0.373421
0.450949
0.266099
0.435317
0.458068
0.464137
0.696065
0.43411
0.556218
0.790191
0.135325
0.269669
0.0673024
0.366136
0.776331
0.715882
0.803954
0.722487
0.348205
0.223706
0.328603
0.367995
0.341635
0.606325
0.297142
0.318195
0.326784
0.579055
0.731556
0.439622
0.286103
0.825846
0.643371
0.781581
0.383896
0.764282
0.429823
0.567338
0.594544
0.180938
0.464588
0.516614
0.611228
0.908969
0.804985
0.671243
0.457067
0.71982
0.437498
0.395891
0.220503
0.600915
0.483507
0.725691
0.33684
0.591207
0.287098
0.732677
0.837797
0.346469
0.306831
0.582901
0.490953
0.606191
0.733332
0.45608
0.250967
0.233972
0.754596
0.499693
0.444426
0.503262
0.890869
0.489347
0.610223
0.800346
0.320982
0.367344
0.417324
0.416444
0.122014
0.83128
0.581804
0.600786
0.344171
0.644573
0.705018
0.546562
0.342731
0.84079
0.4548
0.481594
0.288949
0.493647
0.511547
0.535631
0.781802
0.724561
0.201078
0.556125
0.482417
0.619617
0.236125
0.544369
0.693106
0.727847
0.488353
0.383871
0.302835
0.312673
0.712763
0.53284
0.52103
0.5284
0.646369
0.352658
0.321591
0.693633
0.903013
0.244215
0.518986
0.333502
0.0862077
0.763977
0.398294
0.662544
0.541852
0.391666
0.821083
0.18015
0.672735
0.121431
0.728993
0.550424
0.736671
0.548374
0.466894
0.438345
0.550155
0.622316
0.347513
0.97411
0.519407
0.740676
0.379368
0.517513
0.420694
0.852326
0.0799317
0.394253
0.851784
0.744324
0.295857
0.27605
0.276422
0.683369
0.452168
0.376416
0.0836968
0.0838786
0.152275
0.633997
0.584179
0.374536
0.5507
0.555316
0.3647
0.735221
0.420375
0.388834
0.423644
0.876162
0.336406
0.802175
0.50864
0.531197
0.398154
0.7344
0.578516
0.837036
0.911535
0.0952087
0.311399
0.270371
0.453387
0.482937
0.580829
0.814729
0.739799
0.593232
0.321771
0.52893
0.720276
0.490266
0.708387
0.189043
0.319592
0.412393
0.0654606
0.675689
0.74924
0.284079
0.435327
0.27859
0.310329
0.606032
0.222209
0.0902305
0.60981
0.395361
0.335804
0.660494
0.111914
0.347668
0.256036
0.584174
0.446664
0.892937
0.440802
0.193215
0.39734
0.817098
0.498626
0.525564
0.488783
0.62114
0.548073
0.742507
0.598397
0.289641
0.185814
0.66638
0.511731
0.64061
0.485196
0.610492
0.344521
0.428488
0.447219
0.673184
0.753057
0.872213
0.325766
0.167859
0.854759
0.280191
0.248989
0.860878
0.28083
0.444087
0.0587012
0.689196
0.282865
0.47327
0.289674
0.629599
0.315291
0.741817
0.210686
0.391441
0.515513
0.619943
0.849231
0.604731
0.503635
0.661723
0.421728
0.17546
0.423644
0.420991
0.0911392
0.480043
0.647915
0.567287
0.473843
0.570744
0.566932
0.473732
0.317657
0.563959
0.386073
0.448696
0.772873
0.383242
0.351374
0.283141
0.67819
0.52894
0.326095
0.285517
0.283414
0.546312
0.140015
0.476074
0.830795
0.364008
0.633292
0.112486
0.416887
0.174794
0.316785
0.218631
0.5568
0.530377
0.570704
0.288436
0.372717
0.32222
0.803467
0.336636
0.828556
0.820221
0.492631
0.468338
0.932648
0.441131
0.0297903
0.13925
0.330309
0.418568
0.291289
0.778473
0.708178
0.546539
0.856652
0.445701
0.432201
0.668306
0.296588
0.694731
0.841124
0.582499
0.452454
0.315144
0.617391
0.538331
0.129041
0.124028
0.657302
0.491809
0.622575
0.479641
0.36231
0.794803
0.50579
0.688853
0.773346
0.488844
0.591961
0.480276
0.470027
0.375545
0.499765
0.714938
0.156638
0.535501
0.740845
0.00638246
0.356754
0.467553
0.25196
0.42206
0.638375
0.0202824
0.293585
0.437904
0.791466
0.287631
0.636844
0.817951
0.379751
0.640492
0.460641
0.590877
0.588657
0.566168
0.380886
0.795352
0.291272
0.487568
0.533658
0.666042
0.254202
0.734013
0.634213
0.932184
0.405189
0.83553
0.433688
0.400572
0.584371
0.312501
0.49539
0.49484
0.201064
0.63256
0.212536
0.422932
0.217938
0.506588
0.489326
0.644606
0.384453
0.195704
0.507221
0.31087
0.141442
0.501113
0.498301
0.347213
0.118717
0.608695
0.447574
0.352514
0.647555
0.460195
0.646124
0.485498
0.709963
0.322912
0.516954
0.510612
0.24658
0.72974
0.635414
0.675207
0.2451
0.461452
0.366089
0.58989
0.531082
0.743086
0.538004
0.283919
0.683031
0.326333
0.580048
0.607534
0.493626
0.629765
0.538469
0.15308
0.398959
0.608823
0.398329
0.866799
0.297664
0.527393
0.630787
0.523184
0.681827
0.80289
0.388083
0.233742
0.501523
0.596684
0.768113
0.162067
0.18488
0.321781
0.570447
0.617081
0.235534
0.239595
0.465689
0.696325
0.329348
0.317724
0.500025
0.651178
0.83228
0.520579
0.356872
0.645865
0.161262
0.204752
0.297465
0.582148
0.409973
0.790989
0.702288
0.661566
0.661387
0.38466
0.635193
0.357091
0.908949
0.516581
0.352118
0.466089
0.508285
0.176078
0.676243
0.416452
0.581291
0.80816
0.661494
0.497785
0.794501
0.446677
0.466232
0.189503
0.433584
0.655343
0.359039
0.757748
0.695876
0.448491
0.77845
0.792954
0.122785
0.363446
0.868515
0.359985
0.0939819
0.356375
0.412077
0.432682
0.80522
0.693505
0.583608
0.784711
0.651682
0.509578
0.443529
0.508593
0.438713
0.20541
0.0958307
0.334769
0.341823
0.356446
0.430923
0.422604
0.537833
0.80417
0.375552
0.795177
0.429038
0.602252
0.571671
0.0897525
0.382264
0.489306
0.906154
0.295799
0.404689
0.560142
0.313197
0.652429
0.678311
0.307364
0.771314
0.377141
0.374929
0.705219
0.91678
0.397734
0.67352
0.507553
0.195407
0.259271
0.401885
0.431743
0.474524
0.377966
0.224428
0.40051
0.537036
0.313867
0.79797
0.513451
0.379444
0.234222
0.317435
0.420193
0.735687
0.239383
0.373323
0.267023
0.748694
0.72314
0.542806
0.388894
0.711512
0.439353
0.636365
0.418649
0.299899
0.446753
0.521795
0.485375
0.718233
0.603801
0.447493
0.17373
0.680634
0.785467
0.786889
0.416137
0.649169
0.4938
0.625883
0.489713
0.751006
0.534183
0.615188
0.789809
0.296398
0.929131
0.509432
0.552037
0.819378
0.241516
0.314903
0.694661
0.563029
0.479087
0.967819
0.953215
0.83121
0.752163
0.464978
0.479245
0.628615
0.356386
0.36869
0.575028
0.0110294
0.452381
0.607839
0.736159
0.567678
0.514228
0.496971
0.673863
0.457518
0.218599
0.395269
0.488936
0.421368
0.446454
0.427302
0.669156
0.691736
0.569149
0.187408
0.582062
0.722239
0.190852
0.349603
0.134973
0.158461
0.519127
0.604876
0.774111
0.472159
0.53557
0.347755
0.494714
0.180657
0.63837
0.534018
0.534011
0.573337
0.428667
0.631417
0.918935
0.367067
0.312576
0.58529
0.540439
0.712478
0.59078
0.720956
0.426306
0.47293
0.707525
0.504741
0.384324
0.698067
0.330926
0.585517
0.187684
0.713826
0.936445
0.0386518
0.4745
0.250771
0.565416
0.734203
0.533316
0.53264
0.930493
0.751277
0.146463
0.246968
0.539902
0.760388
0.663167
0.819661
0.512363
0.79572
0.474258
0.915407
0.754555
0.839152
0.560372
0.585792
0.673022
0.637931
0.285504
0.486986
0.592353
0.17785
0.607812
0.588898
0.551563
0.233835
0.379522
0.297654
0.150502
0.419787
0.40782
0.413274
0.618197
0.659575
0.448608
0.844445
0.274988
0.50104
0.305
0.502233
0.56035
0.194893
0.202419
0.294635
0.298243
0.460386
0.612189
0.14383
0.371908
0.359621
0.695488
0.448017
0.479944
0.202372
0.0395283
0.4097
0.645568
0.403312
0.857863
0.65231
0.650928
0.713494
0.326665
0.547027
0.568323
0.747985
0.728875
0.671689
0.0602448
0.731513
0.578083
0.32364
0.620071
0.884003
0.394023
0.508436
0.425326
0.367888
0.301553
0.326226
0.47535
0.219063
0.624993
0.177731
0.185279
0.183344
0.649707
0.711674
0.108191
0.880333
0.722792
0.435542
0.457307
0.716549
0.364748
0.911545
0.600108
0.469692
0.564021
0.459668
0.69626
0.465935
0.426269
0.289664
0.151203
0.272103
0.850255
0.483889
0.057301
0.824626
0.402209
0.752835
0.794401
0.417122
0.560566
0.385246
0.461704
0.46851
0.50293
0.814689
0.812803
0.493509
0.607158
0.224449
0.365773
0.697412
0.83842
0.112644
0.860178
0.616988
0.694132
0.739403
0.232889
0.729418
0.878616
0.378007
0.784565
0.451114
0.379377
0.791867
0.708685
0.448305
0.116862
0.359187
0.65501
0.181274
0.339584
0.767233
0.499334
0.604102
0.436482
0.698035
0.49142
0.441814
0.838388
0.427431
0.452974
0.466781
0.680484
0.259315
0.697551
0.696282
0.397625
0.216961
0.344256
0.433064
0.424386
0.4133
0.697117
0.57081
0.171733
0.522042
0.362012
0.0863636
0.452169
0.271484
0.773017
0.140605
0.525255
0.382906
0.300051
0.709839
0.435354
0.375427
0.609698
0.169577
0.813491
0.659185
0.45108
0.752589
0.315203
0.838723
0.538642
0.303091
0.366248
0.648456
0.703752
0.748959
0.388049
0.442094
0.486964
0.213832
0.674745
0.65789
0.842834
0.190979
0.0937441
0.681604
0.629157
0.700813
0.781616
0.529033
0.552505
0.353924
0.00724107
0.770006
0.241941
0.741497
0.374055
0.615709
0.622775
0.575006
0.533292
0.591207
0.262253
0.497042
0.580079
0.715057
0.359035
0.485174
0.304276
0.607865
0.548353
0.27068
0.467919
0.45168
0.694719
0.194064
0.781155
0.222097
0.844054
0.419209
0.248534
0.614926
0.507113
0.42805
0.557544
0.589333
0.446089
0.717629
0.68125
0.449298
0.636263
0.121437
0.366921
0.38528
0.574583
0.676878
0.682524
0.897976
0.60703
0.460769
0.792947
0.526011
0.446672
0.314715
0.637838
0.299482
0.554255
0.882267
0.682924
0.841187
0.553229
0.879714
0.416706
0.537451
0.35106
0.522392
0.764369
0.200397
0.638728
0.52839
0.590823
0.143545
0.440264
0.621525
0.464717
0.592629
0.38422
0.45545
0.355321
0.353476
0.368932
0.88079
0.434146
0.158859
0.793453
0.477162
0.153164
0.116164
0.526046
0.271976
0.271532
0.177773
0.282092
0.0678591
0.50266
0.55602
0.583298
0.800614
0.453528
0.504606
0.470086
0.34956
0.528104
0.888346
0.639015
0.722149
0.466759
0.463112
0.177149
0.0347201
0.193537
0.287869
0.565202
0.211265
0.643158
0.190655
0.621371
0.322105
0.239642
0.710396
0.557713
0.48431
0.698411
0.436428
0.320945
0.245788
0.823754
0.667593
0.889548
0.374865
0.473534
0.312797
0.699033
0.477278
0.363001
0.454891
0.367273
0.362425
0.379586
0.499765
0.391744
0.580763
0.58057
0.332516
0.490568
0.554217
0.54548
0.90257
0.759243
0.221489
0.755096
0.659643
0.314895
0.62013
0.668948
0.262397
0.099987
0.327257
0.173174
0.481681
0.517296
0.180782
0.0706116
0.720225
0.568084
0.203046
0.785003
0.570671
0.665311
0.148703
0.451187
0.833795
0.79377
0.598764
0.063148
0.418824
0.689028
0.522647
0.351809
0.547699
0.707027
0.730122
0.564429
0.18517
0.556251
0.635029
0.817489
0.616599
0.564306
0.75263
0.194939
0.595341
0.150798
0.352488
0.263684
0.481575
0.178393
0.688726
0.678179
0.294477
0.853919
0.72957
0.546008
0.599585
0.851391
0.308021
0.226328
0.653254
0.328844
0.615546
0.23305
0.226061
0.510826
0.460672
0.414627
0.527042
0.508454
0.214337
0.0823317
0.650631
0.548882
0.363887
0.258896
0.468183
0.786076
0.59759
0.219385
0.885952
0.36476
0.841544
0.496179
0.391397
0.409405
0.170853
0.519952
0.30969
0.610157
0.51694
0.568498
0.192312
0.577548
0.59289
0.69531
0.759601
0.637885
0.458669
0.309751
0.319122
0.741196
0.648123
0.0807302
0.581757
0.65359
0.779616
0.835724
0.297362
0.105922
0.572184
0.127049
0.131886
0.570624
0.689084
0.637231
0.707817
0.838596
0.330608
0.595373
0.729838
0.568016
0.498043
0.376377
0.617554
0.47694
0.350645
0.454904
0.567182
0.351591
0.577504
0.885948
0.46407
0.542188
0.70619
0.483893
0.56792
0.118198
0.270017
0.371931
0.392583
0.354892
0.755851
0.0737181
0.702329
0.223069
0.754294
0.319144
0.546426
0.553835
0.234136
0.736084
0.753934
0.550303
0.362961
0.600011
0.310584
0.818086
0.295758
0.81335
0.539597
0.586473
0.35343
0.286442
0.50835
0.292156
0.513076
0.391985
0.582734
0.197364
0.631902
0.164853
0.551101
0.214312
0.32666
0.419139
0.23966
0.607822
0.430481
0.454309
0.541206
0.747984
0.948967
0.522351
0.279055
0.58475
0.437435
0.227779
0.328056
0.516319
0.221166
0.532373
0.91456
0.823205
0.380561
0.536535
0.517219
0.339845
0.42306
0.709124
0.290489
0.535638
0.563693
0.23766
0.432719
0.177276
0.536163
0.670762
0.42068
0.244251
0.356314
0.524693
0.532444
0.269421
0.459873
0.525895
0.0804518
0.776479
0.636318
0.661389
0.276672
0.486243
0.680789
0.708902
0.651709
0.4636
0.685872
0.418612
0.449736
0.377018
0.395153
0.518383
0.421149
0.542467
0.540425
0.214349
0.934787
0.423642
0.584401
0.358745
0.331613
0.760368
0.790826
0.456846
0.441719
0.497042
0.543856
0.184895
0.686549
0.683007
0.838576
0.0908798
0.688184
0.516725
0.36454
0.65007
0.307604
0.205617
0.604199
0.84714
0.533757
0.313455
0.868105
0.456794
0.645349
0.767187
0.688744
0.194749
0.567208
0.695041
0.494901
0.410949
0.343109
0.267825
0.488408
0.496899
0.646915
0.71526
0.645161
0.678979
0.753944
0.189242
0.262285
0.369619
0.394392
0.645905
0.473309
0.248217
0.910734
0.418355
0.653239
0.243661
0.640939
0.651954
0.635399
0.59034
0.949399
0.774027
0.661906
0.629518
0.32743
0.169868
0.489676
0.527942
0.48524
0.236921
0.573813
0.585561
0.857213
0.489008
0.750266
0.304237
0.442411
0.382484
0.339633
0.389305
0.402143
0.536185
0.59398
0.355888
0.836507
0.517057
0.408554
0.411802
0.661737
0.363329
0.220258
0.288961
0.510284
0.51711
0.514779
0.695145
0.575451
0.838286
0.364226
0.557994
0.322503
0.371592
0.417156
0.733121
0.488091
0.538734
0.262885
0.348209
0.289894
0.427426
0.591918
0.954968
0.268337
0.849239
0.57442
0.160832
0.182255
0.33811
0.378561
0.412264
0.380404
0.261414
0.25064
0.601549
0.570662
0.71545
0.578845
0.668947
0.408819
0.377225
0.362536
0.372083
0.828817
0.484422
0.508914
0.394449
0.536326
0.615406
0.378969
0.464892
0.0875162
0.441156
0.504551
0.159964
0.474919
0.621004
0.398482
0.561003
0.142238
0.514038
0.379544
0.437835
0.349993
0.378058
0.834238
0.630956
0.313866
0.727954
0.337191
0.804074
0.537629
0.525385
0.552076
0.738891
0.262529
0.371634
0.834924
0.843995
0.454997
0.375506
0.461705
0.549739
0.25457
0.36815
0.902054
0.260982
0.303885
0.636691
0.561008
0.53956
0.382636
0.848515
0.410646
0.188379
0.767355
0.83813
0.933484
0.408987
0.238901
0.428422
0.299523
0.204504
0.659526
0.458232
0.198808
0.199805
0.541405
0.688095
0.751384
0.550789
0.528478
0.256036
0.416517
0.614658
0.213521
0.35528
0.323057
0.553041
0.712278
0.805771
0.442822
0.53987
0.916553
0.691353
0.52887
0.745841
0.34814
0.234515
0.240544
0.771398
0.535446
0.580547
0.377151
0.700047
0.334705
0.662998
0.642174
0.443916
0.617636
0.822313
0.359855
0.0534402
0.747444
0.849517
0.566065
0.663008
0.265014
0.626812
0.395308
0.244492
0.207192
0.536989
0.185738
0.840499
0.479019
0.813507
0.724084
0.449246
0.701796
0.503117
0.55232
0.732908
0.458856
0.712913
0.758003
0.221339
0.860906
0.813685
0.670106
0.683024
0.35284
0.271443
0.382259
0.835139
0.683869
0.278984
0.525246
0.0646092
0.462862
0.859398
0.71066
0.83201
0.220768
0.613354
0.567556
0.430225
0.401985
0.282076
0.794013
0.769698
0.706573
0.297855
0.645454
0.362184
0.705156
0.493997
0.781613
0.674851
0.148421
0.646062
0.394022
0.526629
0.393055
0.516275
0.535876
0.698657
0.366024
0.572994
0.576192
0.430733
0.489057
0.55709
0.200081
0.475607
0.485198
0.567144
0.37706
0.383026
0.48933
0.335299
0.219246
0.185384
0.884515
0.365668
0.651319
0.156852
0.78605
0.607171
0.31413
0.317882
0.59509
0.832667
0.623823
0.356938
0.543744
0.896251
0.408353
0.641343
0.153481
0.540616
0.0432715
0.489105
0.528759
0.426328
0.508649
0.373619
0.40772
0.554904
0.789023
0.233089
0.391852
0.757561
0.538234
0.556567
0.77647
0.421512
0.43103
0.418492
0.403911
0.125698
0.623312
0.63356
0.461303
0.357802
0.742901
0.703866
0.644795
0.484447
0.832695
0.230127
0.112109
0.146441
0.16809
0.458911
0.645306
0.750946
0.370553
0.637718
0.445623
0.232447
0.239202
0.849801
0.482275
0.254386
0.722287
0.500595
0.817079
0.523361
0.450433
0.627637
0.826787
0.387731
0.253529
0.205845
0.244997
0.392539
0.583133
0.620028
0.445519
0.462585
0.762268
0.47652
0.889077
0.385575
0.48449
0.425786
0.655208
0.267172
0.484094
0.167902
0.481244
0.629853
0.299341
0.312759
0.230249
0.827445
0.550577
0.266892
0.709788
0.447204
0.655114
0.318781
0.263402
0.371319
0.400763
0.594526
0.556657
0.669716
0.799879
0.0557484
0.47965
0.496032
0.6458
0.211612
0.587854
0.658645
0.693548
0.716824
0.503151
0.538624
0.386685
0.5275
0.696968
0.526469
0.552173
0.286763
0.577343
0.649547
0.485139
0.611963
0.801838
0.562052
0.345394
0.455366
0.738153
0.569403
0.787607
0.710221
0.49432
0.35894
0.746991
0.234053
0.440348
0.608793
0.802381
0.461074
0.143203
0.646792
0.538579
0.775572
0.136993
0.331313
0.329848
0.318171
0.950232
0.325912
0.966414
0.396819
0.812055
0.439647
0.545867
0.674395
0.459269
0.704929
0.55133
0.304794
0.46611
0.364815
0.538264
0.189381
0.51857
0.441588
0.351803
0.525678
0.555194
0.558521
0.296461
0.320157
0.696191
0.186677
0.180134
0.537034
0.382765
0.488644
0.654219
0.554905
0.648517
0.431065
0.271767
0.603136
0.944802
0.83784
0.685518
0.349852
0.441921
0.555879
0.407716
0.813419
0.228015
0.40528
0.553551
0.769284
0.82754
0.5858
0.490135
0.324057
0.461194
0.711505
0.312853
0.328691
0.469182
0.645475
0.570999
0.302666
0.319674
0.806414
0.664544
0.541022
0.624357
0.619077
0.833921
0.576129
0.582929
0.280366
0.664709
0.16608
0.778433
0.512965
0.529082
0.481552
0.245288
0.478418
0.385895
0.163042
0.231911
0.521483
0.361296
0.420335
0.57978
0.917683
0.53173
0.346087
0.640839
0.295883
0.331199
0.615382
0.6551
0.907813
0.504681
0.74317
0.510333
0.416369
0.529554
0.57142
0.305703
0.874605
0.426921
0.657906
0.64124
0.567265
0.884694
0.738459
0.555021
0.386738
0.614332
0.434592
0.529915
0.415319
0.363082
0.378361
0.491805
0.385631
0.503626
0.426336
0.721123
0.691114
0.622991
0.63455
0.599595
0.618421
0.532597
0.666329
0.614075
0.473623
0.621328
0.804835
0.539314
0.774081
0.473492
0.242236
0.721581
0.677874
0.173557
0.31736
0.384977
0.822645
0.719513
0.873704
0.38233
0.245747
0.466771
0.409686
0.312546
0.557568
0.524438
0.693007
0.426294
0.539897
0.525873
0.510993
0.741889
0.841216
0.695373
0.22881
0.293261
0.940796
0.63289
0.827402
0.431877
0.553462
0.238625
0.593054
0.60449
0.646908
0.699407
0.630431
0.528598
0.243434
0.458698
0.370978
0.187485
0.177984
0.592131
0.748571
0.566706
0.48436
0.510424
0.214254
0.553913
0.58148
0.411576
0.26199
0.423882
0.431562
0.404202
0.137251
0.33062
0.342107
0.223877
0.400359
0.22843
0.583557
0.464383
0.516428
0.143798
0.494498
0.745721
0.643801
0.719997
0.246293
0.740761
0.292845
0.456257
0.439007
0.482415
0.526976
0.563409
0.20051
0.3732
0.377807
0.357836
0.460629
0.31907
0.646273
0.615648
0.57222
0.409385
0.761624
0.308928
0.451045
0.564909
0.370145
0.145936
0.406316
0.57569
0.825503
0.337141
0.833793
0.450711
0.752559
0.508959
0.443304
0.501184
0.356563
0.687073
0.192564
0.0793634
0.149571
0.271205
0.599167
0.894749
0.765976
0.423222
0.602626
0.329558
0.539031
0.290438
0.148343
0.675336
0.510227
0.486011
0.165366
0.712595
0.543408
0.748282
0.109833
0.555332
0.715505
0.200949
0.745958
0.682324
0.655744
0.635947
0.33644
0.577061
0.505224
0.740907
0.41417
0.398201
0.16873
0.693068
0.307121
0.602411
0.530654
0.541524
0.588273
0.441482
0.306907
0.299673
0.622474
0.755582
0.704689
0.669742
0.382093
0.484528
0.561997
0.321276
0.703347
0.818955
0.138741
0.145451
0.65518
0.413244
0.231352
0.407094
0.192567
0.582099
0.282746
0.716282
0.266108
0.402641
0.65953
0.241393
0.559805
0.14389
0.768311
0.5855
0.528887
0.44552
0.683
0.74795
0.409553
0.167758
0.454974
0.593044
0.372518
0.334289
0.27797
0.247653
0.492236
0.590069
0.179598
0.349678
0.703661
0.595894
0.911334
0.569211
0.418445
0.781616
0.20888
0.32427
0.472427
0.379881
0.594755
0.113002
0.576295
0.162247
0.394998
0.384201
0.441304
0.299586
0.641864
0.868042
0.251908
0.268614
0.534369
0.28889
0.1572
0.726445
0.628586
0.38207
0.453022
0.275043
0.92954
0.136457
0.126618
0.537429
0.556597
0.184778
0.435724
0.467541
0.654207
0.263494
0.693944
0.315606
0.219894
0.664139
0.434309
0.67091
0.521349
0.597979
0.622877
0.50383
0.274506
0.395889
0.594262
0.629007
0.754495
0.465301
0.880966
0.511549
0.511313
0.42611
0.60837
0.838108
0.362116
0.347414
0.62729
0.274743
0.332001
0.506951
0.555949
0.333412
0.715137
0.0951236
0.403247
0.268988
0.428142
0.285473
0.445208
0.928666
0.327573
0.593487
0.526477
0.475638
0.163392
0.445613
0.458732
0.40891
0.840303
0.380344
0.687909
0.301138
0.658821
0.303277
0.902087
0.176356
0.707952
0.717975
0.251931
0.449466
0.581363
0.354562
0.855556
0.849383
0.588909
0.117878
0.259686
0.747683
0.635396
0.277095
0.528996
0.814661
0.438462
0.318673
0.635492
0.424632
0.757439
0.384502
0.319824
0.232404
0.305072
0.71714
0.0963904
0.342742
0.513987
0.533999
0.574122
0.494741
0.829754
0.252364
0.264813
0.682964
0.202454
0.487114
0.550873
0.637215
0.448593
0.743023
0.484382
0.582837
0.655259
0.723523
0.0893177
0.703405
0.298389
0.177787
0.83883
0.727674
0.247021
0.708025
0.479439
0.562682
0.825414
0.458855
0.37404
0.394869
0.604892
0.610632
0.535569
0.681078
0.0973085
0.598606
0.523227
0.451338
0.522001
0.479784
0.373124
0.345282
0.318093
0.369378
0.235225
0.304079
0.574043
0.868696
0.388463
0.33977
0.546304
0.406376
0.305911
0.803857
0.438969
0.414822
0.441869
0.577051
0.616268
0.263706
0.412754
0.602019
0.419822
0.372451
0.743661
0.681044
0.262483
0.42352
0.852478
0.460429
0.670685
0.598424
0.443421
0.52357
0.947136
0.258306
0.481867
0.514525
0.625759
0.490976
0.422362
0.713986
0.390741
0.446287
0.36168
0.489515
0.631564
0.381703
0.288801
0.541925
0.805907
0.839956
0.603696
0.369678
0.28227
0.380657
0.576776
0.373174
0.334225
0.287729
0.420894
0.52081
0.458143
0.67456
0.647772
0.498676
0.686284
0.408722
0.380734
0.265779
0.567128
0.778153
0.295588
0.436647
0.48481
0.320664
0.861592
0.413214
0.489548
0.238658
0.554313
0.187831
0.310929
0.32092
0.7123
0.239314
0.725931
0.793373
0.209434
0.443871
0.45356
0.520651
0.614814
0.422793
0.747966
0.48039
0.512077
0.248808
0.361928
0.43209
0.650015
0.432928
0.0525735
0.702437
0.59636
0.113709
0.801203
0.508952
0.566627
0.370758
0.419113
0.243847
0.599874
0.584409
0.211266
0.639961
0.753264
0.263387
0.369709
0.740649
0.487299
0.762392
0.768597
0.595506
0.913601
0.311426
0.832701
0.603788
0.577128
0.278786
0.651289
0.427421
0.444669
0.0895509
0.509225
0.395464
0.771534
0.721486
0.507194
0.821894
0.518277
0.200191
0.44291
0.158606
0.489349
0.515409
0.625179
0.405489
0.365556
0.38034
0.792709
0.699456
0.802173
0.25586
0.30952
0.50431
0.764632
0.561493
0.308851
0.323299
0.773608
0.495038
0.457417
0.356276
0.731422
0.382707
0.511917
0.523292
0.501613
0.481656
0.339633
0.27653
0.413553
0.656788
0.575042
0.622441
0.863994
0.353692
0.584259
0.275964
0.187409
0.289603
0.409243
0.368692
0.467007
0.284258
0.863599
0.63288
0.458301
0.652514
0.451871
0.483146
0.297095
0.58061
0.284195
0.917765
0.163767
0.407945
0.158188
0.161405
0.575739
0.736259
0.479955
0.471202
0.479984
0.288063
0.196069
0.528038
0.317456
0.43623
0.408426
0.834896
0.731326
0.826591
0.343828
0.0441745
0.59089
0.515431
0.350181
0.63583
0.503022
0.543746
0.591174
0.368222
0.483058
0.870152
0.611331
0.423545
0.456964
0.5843
0.443283
0.169709
0.766702
0.822693
0.429169
0.46055
0.350619
0.808766
0.428005
0.396251
0.770777
0.439108
0.580932
0.465842
0.259077
0.337708
0.806188
0.493648
0.454055
0.800083
0.195692
0.311574
0.500227
0.549181
0.485127
0.579096
0.68186
0.72493
0.769368
0.672825
0.263044
0.529292
0.635153
0.567535
0.205929
0.448721
0.38287
0.63051
0.43902
0.475882
0.509321
0.751111
0.34739
0.252522
0.123359
0.227409
0.6567
0.0553424
0.466246
0.83178
0.882877
0.546782
0.20864
0.477325
0.519361
0.21255
0.196052
0.407009
0.633757
0.407821
0.814677
0.82736
0.545802
0.433929
0.64945
0.408636
0.758492
0.567463
0.106229
0.573321
0.314269
0.963634
0.669941
0.494823
0.748123
0.355777
0.470616
0.228253
0.309499
0.47287
0.329138
0.395161
0.624874
0.596955
0.454613
0.844095
0.47289
0.682317
0.465227
0.208879
0.343894
0.458311
0.404459
0.786454
0.4558
0.437703
0.424537
0.656191
0.398105
0.252406
0.308999
0.462517
0.575965
0.238482
0.506244
0.282763
0.626192
0.692292
0.345946
0.502078
0.477046
0.719652
0.6102
0.117307
0.723709
0.0998931
0.631279
0.391693
0.491298
0.586685
0.587883
0.282293
0.457314
0.5675
0.171746
0.561963
0.705372
0.503595
0.296476
0.557802
0.082126
0.572393
0.520512
0.427935
0.729226
0.434121
0.356065
0.898485
0.962209
0.544596
0.635921
0.382637
0.668182
0.436037
0.609974
0.403656
0.394182
0.887747
0.443384
0.243729
0.298086
0.408591
0.288208
0.240517
0.633946
0.453096
0.100398
0.153287
0.443615
0.293071
0.374037
0.520495
0.626553
0.466632
0.464682
0.930706
0.559687
0.72648
0.673696
0.628711
0.43918
0.409331
0.76544
0.87873
0.516015
0.648358
0.589207
0.506571
0.39724
0.850529
0.477758
0.54261
0.584773
0.360712
0.594345
0.387487
0.923619
0.234422
0.400109
0.42238
0.631396
0.541084
0.413697
0.48572
0.58103
0.11969
0.435001
0.638265
0.508498
0.208729
0.404879
0.638344
0.817499
0.372247
0.572737
0.549211
0.652918
0.643936
0.643854
0.40034
0.414971
0.811111
0.578306
0.324543
0.385893
0.260456
0.21339
0.592816
0.641048
0.80741
0.381398
0.468739
0.416349
0.431071
0.694635
0.30435
0.60384
0.336497
0.669542
0.299341
0.547331
0.266272
0.361815
0.845455
0.309956
0.483208
0.684373
0.377978
0.585537
0.346079
0.58007
0.156171
0.425608
0.400231
0.221018
0.394535
0.454
0.404973
0.906397
0.666787
0.240845
0.219604
0.830618
0.504416
0.507877
0.469958
0.393735
0.611683
0.336911
0.417343
0.725958
0.118964
0.553371
0.451748
0.598161
0.796291
0.456734
0.63119
0.390238
0.14898
0.0697805
0.189079
0.289218
0.817199
0.578523
0.431483
0.388962
0.201388
0.634665
0.946144
0.863374
0.735361
0.692511
0.54516
0.384951
0.229008
0.552146
0.363157
0.460588
0.702438
0.780813
0.53288
0.356482
0.633463
0.184325
0.860036
0.284024
0.540275
0.500405
0.919277
0.518557
0.821214
0.485826
0.493217
0.622866
0.273484
0.56923
0.776324
0.447286
0.212706
0.741478
0.265592
0.078282
