0.826094
1.64721
0.358508
1.49594
1.16833
0.698593
0.963466
0.848017
1.44811
0.863822
0.648674
0.601602
1.14194
0.699777
0.871914
1.19608
0.58338
1.27806
0.557256
0.894994
0.567931
0.911768
0.761488
0.914987
1.14411
0.863568
0.916669
1.27392
0.959889
1.24262
1.15811
0.853607
0.541188
0.673032
1.2051
0.655109
0.939936
0.973061
0.404352
0.599889
0.752557
1.37323
1.45206
0.608138
0.887604
1.09928
0.696783
0.692272
1.26885
0.776412
0.787918
1.06568
1.00303
0.898797
0.65095
0.891366
1.18085
0.994125
0.629163
1.28755
0.976985
1.11293
0.854197
0.871174
1.2035
1.37234
1.80243
1.16203
1.26286
0.896975
0.646207
0.706294
1.01871
1.29899
0.562458
1.18544
0.888105
1.01648
1.14383
1.21149
1.44925
1.39944
0.4322
1.56318
1.13098
1.15141
0.641327
0.792584
1.30506
1.06069
0.546612
0.823555
0.938547
1.01118
1.18053
1.26634
1.28551
1.16697
0.680235
0.56757
1.07514
1.07108
0.497852
0.826399
0.785829
0.870038
1.0532
1.07696
0.888885
0.719157
0.485517
0.874701
1.18225
1.22827
0.977781
1.00325
1.08886
1.50968
1.47007
1.85452
1.12273
1.00146
1.214
0.654348
0.709739
0.801709
1.3527
0.655508
1.42851
1.38223
0.752849
0.671896
1.01074
0.687581
1.04897
1.13608
1.27555
0.945119
0.579555
1.01013
0.562738
0.909398
1.00503
0.883294
1.59997
0.627406
1.19486
1.61453
1.09164
1.19813
1.5552
0.71383
1.36389
0.959438
1.41036
0.704245
1.78071
0.759407
1.14749
0.465318
1.60225
0.869642
0.593146
0.882798
0.667646
0.787272
1.2035
1.07268
0.707738
0.700388
1.49457
1.55367
1.05543
0.625625
0.847389
1.07775
0.532665
1.11839
1.69179
0.47159
0.776253
1.06661
0.92635
0.927828
1.54957
0.934988
1.23441
1.86071
1.03173
0.798239
0.47
0.841833
0.88516
0.754595
1.1495
1.60912
0.823274
0.96853
0.959281
0.885343
0.640318
1.35553
1.2585
0.909646
1.24529
1.06003
1.07059
1.11772
0.678396
0.892181
0.714874
1.34948
0.918954
1.16689
0.671449
0.69288
1.1663
0.408432
1.18541
1.273
0.718977
0.785601
1.19384
1.07013
0.930004
0.924287
1.04626
0.765984
0.836689
0.47157
1.25608
1.56903
1.51941
0.708303
1.19816
0.740414
1.20309
0.837065
0.439711
0.815897
0.684858
1.36171
0.619885
0.957916
0.717568
1.0944
0.580925
0.522252
1.94334
1.51153
0.981516
0.883879
0.920167
1.532
1.18017
1.60827
0.902901
1.00716
0.730334
0.791647
0.727647
0.541056
0.630427
0.754672
0.340967
1.30701
1.09701
1.03409
1.00235
1.09247
1.27586
0.880964
1.61243
0.508481
1.10687
0.795682
1.04495
0.971627
1.15448
1.34704
0.529973
0.952914
1.4331
1.17113
1.35063
1.15822
1.49387
0.784594
1.04441
1.04985
0.717777
0.913464
1.20739
0.486823
0.859387
0.236846
1.0756
1.06824
1.19186
0.900037
1.16394
0.828949
0.561459
1.03501
0.720094
0.702251
0.673223
1.37555
0.635135
0.786801
0.96875
1.0097
0.86356
0.515928
0.875726
1.17338
0.932647
0.854837
1.0444
0.925279
0.978956
1.75306
1.18218
0.78242
0.731118
0.679943
0.801226
1.02328
0.562114
0.713588
2.06122
0.552957
1.38095
1.50373
0.697549
1.98181
1.0107
0.926488
1.01135
0.484892
1.46404
0.816232
1.54899
0.925162
1.2152
0.95312
1.5933
0.830712
1.44353
1.27633
0.726456
0.801251
1.30028
1.02421
1.09188
0.632699
1.30908
1.19321
0.705123
0.912074
1.35371
1.52775
0.663279
1.13894
1.53512
0.998476
0.95715
0.909855
0.9379
0.725556
1.05912
1.32092
0.892699
0.633829
0.599944
1.49201
1.06088
1.2294
1.37361
1.18313
0.848679
0.52455
1.58575
1.01691
0.833347
0.771497
1.88606
1.07116
0.68083
0.978418
1.3961
0.810157
1.02357
1.12386
1.33759
0.672453
1.18848
0.867112
0.545793
1.4714
1.12181
1.04116
0.78468
1.14358
0.861718
1.45776
0.837632
1.28592
0.639282
1.52878
1.30516
0.598324
0.864796
0.766554
2.02114
1.147
1.00961
1.22905
0.9774
0.456404
1.12477
0.987773
1.28846
0.776004
1.29603
0.969942
0.714519
1.29171
0.93754
0.776731
0.569083
1.27073
0.789291
0.958462
1.16754
0.357675
0.757038
0.943317
0.937815
1.61735
0.672998
1.72428
1.31996
0.556163
1.01585
0.397849
1.17392
0.652116
1.734
0.673956
0.924059
0.906412
0.79682
0.879596
0.884122
1.05676
0.953298
1.05141
1.31373
0.76089
0.920511
1.00961
0.753457
1.09139
0.934582
1.15686
0.761173
0.671296
0.473169
0.929376
1.01599
0.722781
1.09905
0.769574
0.926816
0.320425
0.921428
0.85555
1.18692
0.559977
0.827739
1.54503
0.36348
1.46999
0.948645
0.972486
0.684074
0.882855
0.881174
1.35739
1.6136
1.14212
0.400904
1.21381
2.07159
0.606477
1.4224
1.1097
0.874359
0.594892
0.524162
1.57622
0.754012
0.661829
0.904948
0.924331
0.316038
1.49411
1.34409
0.986543
1.34243
1.09894
1.28366
1.08269
0.503435
0.925311
0.651852
1.19248
0.909837
0.546247
1.28943
0.854122
0.693623
1.64326
1.6214
1.10585
0.595926
1.25753
0.566016
1.49268
0.620845
1.11875
0.651887
1.50557
1.46032
1.43159
0.904096
0.923467
1.90465
1.64085
0.75259
1.18619
1.13498
0.950246
0.953516
1.054
1.33986
0.592116
0.930125
0.705205
0.944409
1.01492
0.810851
1.25791
0.307846
0.62884
1.48448
0.552696
0.662048
1.00304
1.22898
0.630278
1.52632
1.39808
1.42688
0.992369
1.69473
1.52776
0.758777
1.35583
1.05521
0.817804
0.867536
0.50497
1.41359
0.625821
0.315694
0.874
1.58151
0.84973
1.33009
1.20866
1.01922
1.0475
1.37141
1.11025
0.86076
1.96638
0.850462
0.730703
1.11456
1.15917
1.01027
0.883689
0.846155
0.69785
0.626157
1.09079
1.2865
0.671133
1.2502
0.973102
2.02404
0.945605
1.25209
1.21305
1.62307
0.836857
0.65755
1.151
0.792972
1.13872
0.788526
1.1464
0.943487
0.583443
0.673377
0.917434
1.08167
0.625634
1.00463
1.1072
0.771675
1.04173
0.369472
0.875218
0.547907
1.04352
1.14929
0.875345
1.24917
1.38149
1.54521
1.17086
0.613432
0.999158
0.887593
1.25159
1.48368
1.21303
1.29264
0.85725
1.11645
1.03772
0.950258
0.995372
1.74394
0.751124
1.06293
0.734482
0.594938
1.42193
1.0601
1.27193
1.37746
0.599546
1.14206
0.991524
0.745172
1.28401
1.24578
1.29174
1.0049
1.30474
1.09766
0.677934
1.52457
0.706718
0.621501
0.682303
1.38281
0.876678
0.993112
1.40341
1.25097
0.6509
0.772199
0.721391
1.2953
1.7688
1.46772
1.57011
1.2392
0.815255
1.42524
0.763392
0.572787
1.10967
1.27708
1.12354
1.04222
1.19259
0.86313
1.12673
0.632222
0.896383
2.34566
0.894411
1.18434
0.791211
0.668802
0.926349
1.21565
1.008
1.26538
1.13609
1.3402
1.29624
1.14669
1.16558
0.884245
0.359927
0.948249
0.622343
0.976568
0.744072
1.06438
0.558107
1.59743
0.361025
0.791183
1.35503
0.726004
0.686127
1.15697
0.633603
0.976066
0.609369
1.03403
0.78783
0.525942
0.769044
0.906061
0.81522
1.89488
1.41981
0.706762
1.13711
1.43112
1.12084
1.02283
0.928156
0.913271
1.5479
0.75233
0.976584
1.14864
1.15627
1.02847
0.672775
1.05586
0.920897
1.23936
0.552754
0.949926
0.944547
1.58112
0.820847
0.84377
1.18344
1.42427
0.953828
1.19429
0.762056
1.13523
0.631741
1.27486
0.59618
1.08806
0.844105
0.483318
1.46696
1.12562
1.27539
0.661791
1.77768
0.615671
0.811986
0.726714
0.610715
0.988169
1.03944
1.37526
1.11902
0.513489
0.555135
0.807024
1.08601
1.25618
0.906049
1.12492
0.721523
0.959106
0.717935
0.816627
1.16891
1.72844
0.655549
0.772187
1.35524
1.08352
1.08374
0.732405
1.26562
0.442973
1.01328
0.95494
0.669807
0.709846
0.888035
0.769647
1.14563
1.4627
0.984105
1.01592
0.58362
1.10437
1.16143
1.14304
0.701497
1.07775
1.3603
1.53581
1.01289
0.963018
0.799909
1.2219
0.860246
0.829529
0.626895
1.10028
0.813204
1.18635
1.02141
0.549931
0.733243
0.666068
1.11102
0.613191
1.03172
0.352065
0.65242
0.382751
0.776775
1.31041
0.894983
0.972672
0.987533
0.684863
1.11575
1.16643
0.458748
0.613118
0.963418
0.697459
1.35529
0.559465
0.73526
1.41763
0.626849
0.725828
0.75902
1.03159
0.820432
0.841733
1.46654
0.838646
1.2635
0.890415
0.882444
0.807965
1.1998
1.01773
1.72035
1.01896
0.81834
1.34691
0.832644
0.913645
1.04193
0.530475
0.532953
1.01542
0.81959
0.827854
1.34477
1.14273
1.01971
1.34164
0.889237
0.857133
1.50893
0.573565
0.980878
0.821392
0.622196
1.99172
1.52123
1.19589
0.775745
1.50445
1.17427
1.36387
1.47418
0.968812
0.90438
1.08396
1.19856
1.38114
1.34314
0.647543
1.35924
0.958415
1.30216
1.20631
0.930871
0.620812
0.695241
0.930189
1.29882
0.747733
0.734445
0.749123
0.60838
1.00401
0.882488
0.468463
0.555137
0.775884
0.78568
0.869573
1.14121
1.6303
0.915781
1.2359
1.88361
1.1418
0.499923
0.662793
1.03002
0.924836
0.824318
1.09721
1.15273
0.625761
1.09906
0.868558
1.99065
0.779596
1.30376
1.42753
1.12857
0.834879
0.728547
2.03966
0.886571
0.84127
0.722304
0.77819
1.08943
0.855106
0.934496
0.981856
0.658781
1.97298
1.25563
0.900846
1.75762
0.78663
0.812258
1.8949
1.11089
1.21483
0.538141
0.757765
0.768106
1.485
0.812847
0.941851
1.0075
0.819539
1.25653
1.32795
1.49046
1.4733
1.48745
0.868912
1.17299
1.0205
1.02411
0.766352
1.04575
1.53501
1.32705
1.13288
1.00117
0.832208
1.23156
0.618889
0.741237
0.658893
0.626936
1.21755
0.732302
0.855339
1.25816
0.86639
1.34642
0.968908
1.27779
0.769388
1.16834
0.697858
0.59785
1.21944
0.523257
0.898444
1.38864
1.14217
0.971951
1.08182
0.666561
1.1582
0.930909
1.2573
0.665088
0.818186
0.810539
1.14703
1.21415
0.956839
0.587632
1.1675
0.720876
1.03732
0.786671
1.58806
0.875355
0.901651
1.32332
0.807848
0.606426
0.874674
0.952092
1.46089
1.07943
1.48916
0.862473
0.910094
1.59295
0.386021
1.36668
1.19627
1.18326
0.711791
1.14446
0.562986
1.08543
0.646368
0.48185
0.854569
1.02418
0.898074
0.897113
0.913853
1.09722
0.746767
1.50115
0.876965
1.10354
1.02085
1.08822
0.958218
0.922163
0.883316
1.68122
1.17881
0.852936
0.87165
1.26839
1.2605
1.13636
1.10739
1.27388
0.983328
1.05191
1.52951
1.41113
1.17553
1.11894
0.86663
1.27634
0.874595
1.04183
0.747071
1.44646
1.4051
0.679681
1.17124
1.32659
1.08749
0.575466
1.46202
1.07861
0.690654
0.403412
1.05273
1.10762
1.40183
0.917072
0.869827
0.806943
0.805068
1.16921
0.581893
0.837807
0.636388
0.832508
0.662691
1.09973
1.45929
1.07194
1.20095
0.871022
1.53794
1.38962
0.701113
1.0319
0.754786
0.556632
1.18353
0.465471
1.36501
0.739189
1.18602
1.5664
1.15651
1.57725
0.810534
1.3657
0.97754
1.14031
0.65362
0.605271
1.53636
0.623638
1.10953
0.773156
0.94885
0.507776
0.729875
0.812737
0.488485
0.744378
1.12662
0.774671
0.651817
1.01152
0.883967
1.00972
0.93836
0.656905
0.534633
0.751047
0.567654
1.21175
1.14249
1.40797
1.04558
1.12172
1.13725
0.72072
0.686319
0.947544
0.898594
0.859296
0.788798
1.05805
1.71605
1.15635
0.970703
1.07707
0.742716
1.64476
0.946963
1.20319
0.872901
0.985698
1.78247
0.996869
1.09668
1.10715
1.00372
0.758056
1.04919
0.431152
0.745276
1.01066
0.659736
1.27761
0.693507
0.960566
0.838918
0.982587
0.489648
1.0102
1.08258
0.828369
0.735597
1.20737
0.87877
1.51528
0.964912
0.88998
0.845499
0.93177
0.868494
1.03716
0.459481
1.08762
1.13895
1.54821
0.954946
1.36865
1.00497
1.17593
1.03514
0.9792
1.20206
1.06781
0.571596
0.959302
0.615959
0.812284
0.747969
1.18304
0.637457
1.39153
0.890547
0.699421
1.69656
0.660168
0.668399
1.06452
1.16447
0.736383
0.978656
0.85737
1.43699
1.02124
0.938105
0.928927
0.610241
0.91053
0.970887
1.23055
0.767495
1.11216
1.3141
1.31438
0.722589
0.712953
1.4845
1.21573
1.98242
1.15272
1.08809
0.652514
0.88733
1.07123
1.11944
0.682185
0.941382
1.1467
1.77785
0.813445
1.71291
0.77702
1.07263
0.682869
1.24639
1.12486
1.55326
0.706956
1.10141
0.552863
0.584153
1.07555
0.958689
0.854142
1.0494
1.96823
0.905718
1.25187
1.00202
0.851746
0.983486
0.693936
0.940729
1.49787
0.341604
1.56815
1.0013
1.78645
0.716496
0.975408
0.759458
0.94206
1.03564
0.813684
0.802086
1.34148
1.10272
0.747488
1.03944
0.974982
1.35579
1.36831
1.55526
0.862129
0.653834
0.674185
1.40501
1.08908
1.44162
1.17242
0.71351
1.07221
1.0735
1.34786
0.921055
0.987618
0.912756
0.921961
0.893505
1.10778
0.863967
1.1475
1.20379
1.02292
0.831643
0.979745
0.592163
1.10497
1.15474
0.816778
0.966361
1.37626
1.07661
0.606313
0.525635
1.34409
1.12495
1.09144
0.860417
1.21272
1.16146
0.913656
1.43383
0.934032
0.659562
1.01465
0.867187
0.67443
0.685731
0.671359
1.31924
1.38475
1.00459
1.22887
0.768932
0.788784
0.904819
0.906214
0.499795
1.18011
1.02775
1.50752
0.700484
0.641782
0.954856
0.780009
1.08635
1.02814
1.24484
0.526957
0.472145
1.16757
1.18849
0.64146
0.53235
0.787971
1.25757
1.05686
0.589387
0.59393
0.92866
0.966402
1.54002
0.909821
1.58319
1.27662
1.83551
0.464252
1.33177
1.91208
0.916782
0.685963
0.63065
0.485211
0.992903
1.57558
1.09489
0.657982
1.47862
1.15493
0.971056
1.21301
1.86392
0.959921
1.24461
0.856116
1.21113
1.01909
1.56609
1.35794
0.441573
1.07496
0.812127
1.26126
0.952257
0.560075
0.921422
1.37207
0.781484
1.01749
0.751447
0.834729
1.56924
0.942356
1.23072
1.33752
0.719172
0.734767
0.869229
0.863674
0.918154
0.890197
1.10022
0.565905
0.854
0.945089
0.401655
0.941521
1.27729
1.54364
0.916691
1.11441
1.02455
1.13317
0.510016
0.687769
0.625733
0.799434
1.41239
0.442744
0.850956
0.902072
1.31332
0.638917
0.888317
1.00777
0.579255
1.16957
1.23536
1.74542
0.807638
0.748341
0.622599
1.03053
1.19896
1.70351
1.84083
0.764104
1.55243
1.25861
0.943602
0.697128
1.22869
0.572015
0.96193
0.7328
0.60556
1.09728
0.801712
1.23444
0.796358
1.46239
1.03671
0.890483
1.33186
0.663262
1.15188
1.07336
1.24795
0.927957
0.695551
1.02264
1.19828
0.938716
1.25654
1.06429
0.563705
1.39535
0.85714
0.414264
0.617045
0.551506
1.13992
1.17708
0.704181
0.481676
0.949323
0.781155
0.890058
1.85387
1.27402
1.51341
0.885085
1.0559
0.347837
1.74923
1.29155
0.76631
0.943172
1.06225
0.736617
0.707644
0.976627
1.11917
0.815187
1.18866
1.18054
1.17346
1.01477
0.710878
0.870625
1.19755
1.13278
0.993645
0.575526
1.01772
0.557146
0.672034
1.31805
1.41714
0.794022
0.965825
0.631198
0.575227
0.831256
1.07376
0.858639
1.07856
1.11427
0.205386
1.44552
1.19067
1.36087
1.19313
1.40107
0.587561
0.720522
1.42302
0.843715
1.3096
0.713602
1.00039
0.952832
0.74877
1.71613
1.29572
1.01445
1.01313
1.50284
1.18047
1.08711
0.486577
0.80548
0.691112
1.0123
1.24752
0.743075
0.642881
0.706116
0.849045
0.965017
0.949365
0.933548
0.948999
0.756978
1.27458
0.940552
0.761752
0.932742
1.28183
1.35831
0.598833
1.44818
0.595789
0.851329
0.976061
1.15898
1.18373
1.03685
1.98312
1.22116
0.93241
0.954238
0.903562
1.68664
0.979346
0.53681
1.51487
1.10836
0.718123
0.800034
0.633716
1.49573
1.44914
0.680508
1.24802
1.02277
0.672155
0.838104
0.594476
1.33261
0.789276
0.84237
0.722207
1.27541
0.934315
0.468059
1.03005
0.459063
1.13866
1.30086
1.14432
1.14813
0.905887
1.26594
1.08038
0.864921
0.812776
0.89503
1.1538
1.47186
1.0115
0.579324
1.03226
1.0289
0.890777
0.699025
1.06855
0.74343
1.1002
1.00889
1.01024
1.19132
1.20777
0.745736
1.48465
1.36994
1.1606
0.715554
0.93069
1.84704
0.815623
1.19185
0.65071
0.782203
0.496991
1.28277
0.80108
1.18173
1.42486
0.94435
1.41858
1.03899
1.11719
1.09515
0.774067
1.05577
0.77204
0.572747
1.69286
0.660164
1.1565
1.06439
1.16215
1.21287
1.08472
0.824867
1.08795
1.54502
0.88428
0.83052
1.14731
0.866071
0.578552
1.50492
1.03006
1.67609
1.44654
0.928487
1.06787
1.15962
0.940133
1.13764
1.18374
0.789485
1.24711
1.04486
1.05653
1.4055
0.803802
0.768132
0.691148
0.784458
0.899437
1.13436
0.976304
1.01153
0.834228
0.766758
0.994185
0.814214
0.777271
0.953136
1.39017
0.769179
0.820015
1.47266
0.978858
0.867123
0.840558
1.39968
1.16403
1.04926
0.811978
0.901684
1.66837
1.52937
1.15156
1.21512
1.64989
0.702136
0.877892
1.20553
1.00993
0.857878
1.03921
0.98757
1.01098
0.753635
1.31709
1.00608
1.29088
0.613464
0.90586
1.17798
0.905207
0.802535
0.760212
0.506114
1.11187
1.26193
0.615568
0.704818
0.858631
1.02878
1.05208
0.934679
1.22164
1.03933
1.05243
0.91816
0.909735
1.15143
1.02972
0.596952
0.845147
0.980989
1.93456
1.23397
0.918904
0.959333
1.62028
1.51835
0.816077
1.14389
0.738295
1.06068
0.977083
1.30612
0.837839
0.484113
0.973645
0.580714
1.10325
1.27004
0.569654
1.23005
0.672573
0.591972
0.701536
0.723641
1.19738
1.11563
1.46184
0.946175
1.15858
0.646147
0.670644
1.10106
0.330036
1.27266
0.377142
0.750404
1.24085
0.785457
0.970255
0.824825
1.57451
0.948905
1.01316
1.26472
0.758068
1.09742
0.963438
0.962441
1.18364
0.793143
0.966277
0.859289
1.3814
0.535869
1.08937
0.742646
0.864184
0.628269
1.42925
0.986154
1.13662
0.763678
0.481211
0.909693
1.00671
1.59873
0.756964
1.10527
1.18113
1.09968
1.11502
0.758761
1.41814
0.805015
0.968051
0.435155
0.913803
0.76698
1.42272
1.1552
1.17934
1.0373
1.24225
0.66476
0.602827
0.990699
1.26491
0.973198
0.903008
1.14351
1.23899
1.14995
0.90419
0.973544
0.790567
0.849864
0.752196
0.636592
1.41229
0.328002
1.27509
0.801173
1.27939
1.13123
0.872691
0.742347
0.653635
0.948253
0.856462
0.973647
0.987667
1.06222
1.11462
1.82616
1.69485
1.23567
1.09367
1.1543
1.24219
1.06329
0.725255
1.15261
0.599917
0.879614
0.789379
0.851019
1.12283
0.766511
1.44891
0.648788
1.41581
1.55745
1.31262
0.67686
0.902597
0.537977
0.789166
1.20044
1.55031
1.4271
0.876356
0.909955
0.782507
0.833374
0.738269
0.483379
1.03182
1.32273
1.90959
1.79514
0.842917
0.730565
0.662311
1.26223
1.19974
0.884854
1.14845
0.451153
0.796182
1.01349
0.952305
0.795599
1.34296
0.926312
0.901048
0.727325
1.0483
0.994635
1.70485
0.907261
1.47875
0.983229
1.52496
1.72537
1.07396
0.673972
0.876076
1.04181
0.514944
0.336168
0.833582
0.978989
0.824188
0.820808
1.35331
0.604157
0.545313
0.486041
0.994718
1.03648
1.09479
1.61753
1.09932
0.932743
1.47551
1.21314
1.20969
1.04425
0.677644
1.02742
1.7772
1.04539
0.724738
1.37863
0.856416
0.853181
1.00933
0.554797
0.962707
1.30792
0.628589
1.64765
1.3065
0.811295
1.0378
1.00205
1.41325
0.709503
1.0233
1.07909
0.608571
1.1814
0.758051
1.1465
0.934997
1.06276
1.34264
0.998897
1.46472
0.934091
0.940086
0.670077
1.30942
1.16664
0.846161
1.26721
1.15477
0.839066
1.2465
0.695582
0.686901
0.668763
0.558098
0.732336
0.88301
0.916765
1.00083
0.94268
1.25533
0.614229
1.01233
1.09987
1.12671
0.760993
0.76234
1.38357
0.430501
0.840116
0.982113
1.28843
1.20104
0.889743
0.869461
1.03187
0.948283
0.451979
1.4914
1.63139
0.505039
0.900539
1.15483
1.13389
1.33193
1.3594
0.650421
0.877438
1.85846
1.01677
1.15956
0.797259
0.955375
1.29375
1.38396
1.03618
0.920039
0.964259
1.0557
0.536032
1.02607
0.985068
0.93631
1.70094
1.19256
0.89049
1.14414
1.08708
0.714234
0.8168
1.29005
0.878483
0.586586
1.35521
0.640316
1.60557
0.643897
0.640589
0.695998
1.06992
0.567756
1.52739
0.817589
1.30803
1.15623
1.74795
1.05282
0.631959
0.937233
0.534417
0.854883
0.818192
1.37255
1.02001
1.17196
0.827483
1.15069
1.83859
1.02421
0.846005
1.18935
1.32534
0.920214
0.891275
0.870296
0.974194
1.10054
0.938542
1.17125
0.747448
0.99328
0.820733
0.760627
0.584884
1.18341
0.629515
1.00643
1.20057
1.11616
1.02006
0.404257
1.51391
0.823522
0.786086
1.09388
0.88604
1.05153
0.795219
0.729075
0.809592
1.35888
1.44176
1.30438
1.42019
1.45755
1.01494
1.27146
0.534079
1.08069
0.845575
1.59696
0.839737
0.977704
1.81905
0.496678
1.32397
0.44316
0.947409
1.24031
1.18323
1.87974
1.92265
0.723991
0.55699
0.640239
1.5316
1.06682
1.75462
0.484694
1.03643
0.787274
0.7886
0.828736
1.32591
0.683649
1.20536
1.10764
0.964479
1.2144
1.30236
1.67913
0.748437
0.76164
0.64913
1.00423
0.51908
1.18082
0.767943
1.08427
0.862113
0.917957
0.846171
1.29551
1.2335
0.541144
1.14402
0.846177
0.756914
0.850358
1.54234
0.987606
0.855679
0.80889
0.888796
1.38935
0.891116
0.957482
1.14876
1.00188
0.802839
0.994329
1.17737
1.25802
0.927964
1.036
0.983258
0.731365
0.6592
0.855107
1.1275
1.37817
0.933234
0.929699
1.0654
1.32606
0.569971
1.08316
0.870174
0.805768
1.17311
0.976366
0.704932
1.23077
0.63418
0.75651
1.61818
0.847492
1.4004
0.859629
1.40788
0.996221
0.654747
1.08491
1.53846
1.31114
0.567095
0.811506
0.793984
1.00909
0.856277
0.551703
1.31615
1.11695
1.08475
0.98097
1.12991
1.53344
1.04991
0.701962
0.675605
0.633673
0.350678
0.988994
1.18266
1.0476
0.705217
1.0731
1.35283
1.20333
1.32642
1.26033
1.33607
0.636364
0.937915
0.813202
0.777509
0.964099
1.00209
0.857116
0.921729
0.439607
1.04485
1.52164
1.0846
0.359258
0.543311
0.987506
0.445368
1.58005
0.90176
1.04126
0.621421
0.567294
0.973097
1.39482
1.64287
1.38931
1.28016
0.965345
0.990691
0.952856
1.31146
1.34829
0.635982
0.866774
0.960252
1.25306
1.43282
0.74727
0.94564
1.03578
1.45343
1.11919
1.05773
0.50646
0.937686
0.788876
0.761786
0.437115
1.19389
0.868435
0.712252
1.10463
0.862872
0.684265
0.983452
0.714408
1.23363
0.681361
0.913956
0.780017
1.4073
0.849529
0.760172
0.85511
2.13202
0.915986
0.934896
0.703151
0.569059
1.05533
0.947647
0.893625
0.684676
0.38279
0.671495
1.01571
1.82351
0.934577
0.981595
0.362376
1.08667
1.3595
0.694556
0.641636
1.64223
1.64965
1.11945
1.09848
0.994395
1.52095
0.629456
1.1297
0.460274
0.864815
1.0219
0.562932
1.70409
0.886783
0.766847
0.703542
1.0165
1.02601
0.581136
1.0966
1.16321
1.40689
0.540141
0.987861
1.27227
0.91135
1.50271
0.66655
1.65288
1.4397
0.843855
1.1465
0.667403
1.21814
1.33734
0.716849
1.02854
0.954109
0.500242
0.775061
0.867506
1.27725
0.705084
1.16726
0.522008
0.735205
1.07734
1.10034
0.965807
0.712378
0.889821
1.10913
1.98334
1.2156
1.10067
1.06219
1.22743
1.07366
0.734606
0.596125
0.872848
1.22675
0.810562
1.29818
1.05165
0.54488
0.975237
0.931323
0.853596
0.64587
1.14462
0.788795
1.91416
1.35946
0.94962
0.887821
1.12749
0.963834
1.14588
0.897267
0.916731
0.59482
1.26753
0.809377
0.770196
0.618618
0.940033
1.29772
0.649134
1.06076
0.722375
1.36099
0.883321
0.894249
0.854476
0.561817
1.30668
0.888197
1.0893
0.473071
0.777188
0.985428
1.09082
1.06654
1.13177
0.858111
1.50865
0.567748
0.701239
0.786428
0.885653
0.602263
1.08807
0.855443
1.17528
1.55546
1.4046
1.29954
1.06129
0.682555
1.28559
0.717394
1.1176
0.927553
0.984928
0.781192
0.856402
1.11569
1.88516
1.08917
0.998548
1.12998
1.14912
1.19004
1.24037
1.32938
0.71709
0.835022
1.86874
0.723085
0.572675
0.914945
1.46817
1.01851
0.507475
0.580818
1.01797
0.90884
0.991824
1.01014
0.781076
1.82492
0.574666
1.57497
0.864166
0.731683
1.09371
0.84134
1.28644
1.19192
0.999411
0.641861
0.904245
0.671293
1.38036
0.934889
0.883688
1.11606
0.655565
0.566481
0.812522
0.982422
1.20335
1.37919
1.83429
0.527519
0.9634
0.519441
0.914824
0.723955
1.00195
0.581165
0.669697
0.76867
1.01872
0.963364
0.821246
1.05969
1.22531
0.982108
1.43714
1.14315
0.53538
1.15182
1.05037
0.905528
0.393084
1.13433
1.08262
0.944002
0.947487
0.693399
0.706454
0.689807
1.30058
1.15991
1.18072
0.973084
0.6538
0.915648
1.08191
0.943595
1.37904
0.883266
1.17604
0.921141
0.619397
1.17512
1.08932
0.628593
1.08857
0.612628
1.6311
1.78209
0.755912
0.864224
0.959679
0.953027
0.938208
0.903738
0.580777
1.03322
0.922693
1.40442
0.939946
1.44222
0.33647
1.16664
1.34568
1.42528
0.544884
0.987692
1.28371
0.465886
1.00208
1.25606
0.832174
0.712423
1.1934
0.781801
0.981686
0.847236
0.609637
0.920344
1.01751
0.970971
0.901435
0.759882
0.871339
0.765073
0.912302
0.513321
0.715469
1.00209
0.901091
1.51601
1.24806
1.2012
0.78236
1.36724
0.78052
0.810642
1.25244
0.822065
0.979852
1.41178
1.40471
1.08998
1.20986
0.919745
0.715944
0.828509
1.50352
0.688874
0.825454
0.578459
1.08945
0.315086
1.30075
0.526197
0.812436
1.06724
1.20111
1.67955
1.64958
0.580888
1.18881
1.27642
1.41673
0.96052
1.12089
1.12977
0.573259
0.776003
0.783617
0.577129
0.8751
1.1732
1.55846
0.710688
0.802539
0.765702
0.863796
0.785898
1.35121
0.970997
1.17685
1.12065
1.11926
0.916924
0.989383
1.12513
0.675973
1.13481
0.683162
0.830345
1.12938
0.94632
0.816983
1.29088
1.04547
0.573532
0.84966
1.12342
0.756231
0.74945
1.15145
1.47765
0.978214
0.741196
1.06558
0.791245
1.46642
0.925045
1.08648
1.66409
0.532482
1.06519
1.17252
1.17378
0.608471
0.940969
0.891624
0.829869
1.53064
1.21521
0.483699
1.98634
0.899419
0.655427
0.789412
1.17701
0.933313
1.16533
0.846227
0.465057
1.26692
0.845548
1.25337
1.07315
1.3462
1.27515
0.502188
1.0696
0.91921
0.871361
0.77889
0.627485
1.19345
1.11572
0.544233
0.947267
0.760641
0.837217
0.803063
1.11709
0.825301
0.530265
1.23037
0.708713
0.940378
1.11344
0.895955
1.73579
0.636375
1.10646
0.990762
0.595896
0.787478
0.584453
0.654113
0.465619
1.05529
1.36469
1.28375
0.898869
0.984954
0.822659
1.59205
0.959959
0.937112
1.12966
0.820144
0.991958
1.124
1.17867
1.35082
0.911593
1.27302
0.645546
0.995227
2.54517
1.12382
0.726027
1.02915
1.55095
0.566518
1.09011
0.804099
1.22163
0.990194
0.915297
0.829591
0.933048
0.856029
1.01015
0.624673
0.254851
0.851309
0.947605
1.38345
0.821621
0.72202
0.730899
0.768659
0.811717
0.879648
0.702611
0.457931
1.20087
0.953919
0.746824
0.667658
1.18023
1.06882
0.739823
0.920684
1.6602
0.545203
0.666825
1.54174
0.777071
1.09279
0.7619
1.14865
0.673325
1.05245
1.03587
1.07135
1.11451
1.02885
0.994932
0.601547
0.745873
0.93943
1.38192
0.655241
0.855141
1.3875
1.02792
1.87459
1.05708
0.975613
0.768963
1.41534
1.00908
1.46111
0.744354
0.629798
0.629901
1.04461
0.954515
2.21167
0.630483
1.47991
1.23409
0.737482
0.964192
0.483949
1.28363
1.08443
1.21775
1.18404
1.30627
1.48165
1.00071
0.649112
1.02615
1.71049
0.667035
1.16887
0.870539
1.23117
1.67007
1.30305
0.977821
1.24137
1.44643
1.03043
0.886047
1.00124
1.83482
0.818548
1.53862
0.827758
1.29127
0.859091
0.96347
0.361587
1.10951
1.00511
1.04596
0.666466
0.618487
0.845785
0.913936
0.649406
0.83438
1.04637
1.12982
0.653195
0.909756
1.19776
0.816003
0.846307
1.20834
1.3898
0.818548
1.12066
0.884975
1.26001
0.734371
1.063
1.0183
0.782261
1.19272
1.10087
0.578274
1.33147
1.26944
0.839273
0.757525
0.854322
0.729241
1.91486
1.26515
1.50397
0.68437
1.0676
0.864861
1.39402
1.37637
0.708683
1.14182
1.5832
0.87953
0.810661
1.41918
1.52899
1.07676
0.817336
1.1446
0.823145
0.800798
0.958825
0.849099
1.03079
0.792773
0.520553
0.983852
0.819453
0.818664
0.827743
1.02926
0.631554
1.52543
0.640172
0.354832
1.38009
0.827337
0.507812
0.698542
1.4679
1.71256
1.21204
1.16485
1.08295
1.1211
1.20657
0.790441
0.339671
0.94163
0.721647
0.968815
0.760658
1.52028
1.0874
1.47854
1.11369
1.02349
1.5611
1.58086
1.20206
0.750058
1.46915
0.856873
0.788505
0.701427
1.43663
0.725492
1.3545
0.633178
1.90902
0.937574
1.14495
0.933091
0.933971
0.564369
1.00848
0.572041
0.485949
0.795858
0.840564
0.773763
1.1649
1.7213
1.40195
1.2274
0.8464
1.2632
1.20531
1.02937
0.664845
1.62361
1.18096
1.0091
0.457846
0.86821
0.660206
1.28611
1.08358
1.81449
0.605601
0.993788
0.752245
1.64756
0.756325
1.54523
0.870996
1.07662
0.851989
1.55775
1.1183
0.697516
1.51153
1.59135
0.562102
1.2171
1.36266
0.913593
1.42269
0.579436
0.879678
2.13501
0.747421
1.11828
1.57538
1.36059
0.862635
1.01268
0.839349
0.519274
1.41337
1.05472
1.31823
0.883013
1.10375
0.623222
1.10912
1.12209
1.44914
0.381155
0.775944
0.469971
1.22881
1.08459
0.631306
0.885775
0.820715
0.977074
1.38526
1.68528
0.730868
0.604568
1.19465
1.07712
1.2603
1.3977
0.896667
0.722272
0.905616
0.997335
0.93007
1.1301
1.01853
1.25961
1.29046
0.893968
0.736298
2.02297
0.747844
0.918213
1.15472
0.770983
0.706486
0.977253
0.984757
0.85663
1.52187
0.918593
1.41788
1.52229
1.1036
1.63237
0.843715
0.854895
0.637556
0.59481
0.916686
0.926481
1.48029
0.871225
1.19873
1.51522
0.897079
1.05357
1.26648
0.891907
0.616072
1.15375
1.02404
1.20936
1.11758
1.2488
0.752923
1.56262
1.02616
1.25348
0.785479
0.540574
1.25057
0.955379
0.995621
1.16684
0.575467
1.33547
0.429216
1.13029
1.10693
0.921866
1.31528
1.71198
0.930588
1.34843
1.81604
0.764397
1.09505
0.968047
0.935901
0.733329
0.467312
0.750801
1.07379
0.933595
1.26018
0.933984
0.824504
0.760609
0.807796
0.542203
0.989557
0.631927
1.44115
1.39057
0.766108
0.650903
1.05688
1.23475
0.501359
0.960142
0.515471
0.822033
1.33146
0.985194
0.798364
1.2468
1.84568
1.13221
0.652268
1.40919
0.83937
1.08173
1.05507
0.941307
0.945099
0.723848
1.19455
1.10235
0.710325
0.722553
1.01548
1.476
0.904238
0.9035
1.36322
0.441446
1.09444
1.17553
0.833497
1.13744
1.0815
1.595
0.725283
0.482393
1.26401
0.657419
0.606787
0.52209
0.76616
0.912131
1.12086
0.951785
1.53656
0.989159
0.383817
1.02191
0.921345
0.981741
0.35851
0.980226
0.929902
0.722174
0.622123
1.84018
0.978344
0.770113
1.27707
1.46969
2.32347
1.04864
1.06554
1.01621
0.958463
1.50557
0.704079
0.691603
1.04991
0.681859
0.804621
0.967243
1.01982
0.621204
0.548622
1.37624
2.03534
0.863978
0.721073
1.18242
1.04844
0.56575
1.27319
0.778229
0.567146
0.841999
0.795719
1.12886
1.35147
1.39378
0.753697
1.05862
0.91379
0.511885
1.37787
1.53214
0.5839
1.3917
1.01157
0.954213
1.23366
0.452788
0.723377
1.00254
1.28273
0.65904
1.07472
0.814371
1.17602
0.661156
0.903876
1.08297
0.785263
1.46956
0.602627
1.52863
0.649715
0.98439
0.757163
0.446515
1.39024
0.932728
0.835897
1.42432
1.09163
1.03009
1.02047
0.988616
0.892021
0.965416
0.769253
0.517282
0.982691
0.684544
0.615643
0.924535
1.02715
1.12902
1.29353
0.837293
0.720001
1.0167
0.737944
1.18273
1.07208
1.483
0.907474
0.554272
0.694764
0.92892
1.34143
0.570671
1.55884
0.741694
1.21202
1.00691
1.09631
0.766038
0.604164
1.42098
1.72788
0.939807
1.78809
0.876873
1.21518
0.682402
1.1031
1.2442
0.859626
0.990813
0.422701
1.06674
1.22208
1.1452
0.650651
0.830628
0.868979
0.800382
0.995625
1.13276
0.690495
0.561588
0.460681
0.875741
1.06747
0.759802
0.92569
0.536075
0.699262
1.19934
1.06291
1.47774
0.450282
0.677191
1.62426
1.73936
1.42013
1.36424
0.874126
0.727323
1.18215
0.862214
0.966554
0.931268
1.08072
0.730433
1.22983
0.945628
1.00859
0.615724
0.409714
1.0943
1.03403
0.730102
0.55808
1.57512
0.968096
0.853808
0.938069
0.990037
0.864163
0.62417
1.67873
0.811055
0.863992
1.46657
1.00896
0.67035
0.93189
1.03059
1.60094
0.593861
0.971323
0.915653
0.98618
0.690962
0.79405
0.78433
1.23627
1.13685
0.593164
0.578917
0.968225
1.38294
0.964352
0.898872
0.77905
1.35989
0.991722
0.927949
1.20791
1.01008
1.45592
0.937611
0.805891
0.852874
0.912205
0.52331
0.979272
0.877509
0.664781
0.696098
1.01616
1.33667
0.478556
1.59393
0.862497
0.949906
0.815551
0.970094
0.600425
0.583905
0.49186
1.14418
1.39656
0.723484
1.03888
0.782807
1.08215
0.938114
0.508598
0.422466
1.84311
0.833128
0.508477
0.701274
0.8163
1.08892
1.28285
0.711934
1.57644
0.747922
2.04098
1.56605
1.44652
1.25458
1.29956
0.846218
1.04845
1.10277
1.27013
1.01494
1.18462
1.3904
0.753608
0.870288
0.931873
1.00598
1.02022
0.663766
0.826948
0.913756
0.534099
0.803779
1.41382
1.00549
1.35687
0.993084
0.754072
0.718051
1.53269
1.01131
0.779932
0.918867
0.539813
0.576718
1.44294
0.845089
1.08901
0.665666
0.841119
1.59516
0.825363
0.617895
0.822916
1.41152
1.03582
1.67675
1.40272
0.847165
1.19203
1.02342
1.22426
1.10966
0.733713
0.612843
0.993644
1.06968
1.03399
1.09268
0.688587
0.86355
1.02488
0.842486
1.14932
0.809078
1.13376
0.632375
0.845321
1.12895
1.07555
1.19837
2.34042
0.696835
0.917312
0.696723
0.750637
1.24953
0.910065
0.856258
1.23885
0.863493
1.00498
1.19572
0.465246
1.56449
1.22174
0.790102
1.38567
0.72266
1.52588
0.792622
0.929859
0.961994
1.13385
1.249
0.660629
0.77666
0.906794
1.00067
0.670574
0.951328
0.548724
0.627269
0.657486
1.30661
1.54078
0.896568
0.992612
1.13047
0.634628
1.06585
0.581097
1.46064
0.943183
0.888411
1.08309
1.0283
0.828238
1.96746
1.29382
0.696799
0.66008
1.48774
0.820558
1.63761
0.58304
1.37351
1.04068
0.935688
1.91007
0.399645
0.777616
1.68143
1.21817
0.758764
0.891827
1.11371
0.5529
1.1323
1.39364
0.948139
1.60428
1.32598
0.946633
1.13175
0.653912
1.18806
1.14878
0.950138
0.538543
0.603087
1.00957
1.95449
1.35666
1.82442
1.18433
0.759948
0.68014
1.12492
1.39486
1.50258
0.969621
1.14994
0.79107
0.783953
1.03008
0.676983
0.906436
0.827247
1.08849
0.934972
0.540505
0.929513
0.643299
1.89632
0.756731
0.862566
1.00463
1.22918
1.03395
1.18024
1.10252
1.49636
0.904793
0.972598
0.913332
0.64387
0.915905
0.955961
0.933808
1.07661
0.937872
1.08147
0.441825
1.2444
0.910763
0.429662
1.03101
1.23088
0.866861
1.19846
0.532208
0.873755
1.56823
0.66031
0.469865
0.871438
1.5405
0.884763
0.994461
0.892435
1.21839
1.01881
0.819284
0.568834
0.647891
1.49667
0.980095
1.14272
0.912189
1.38331
1.6509
0.927781
0.833032
0.887012
1.29589
1.05931
0.616263
1.48344
1.59163
0.877415
1.01637
0.925617
1.18502
0.67382
1.06708
1.787
1.67326
0.91782
1.46061
1.43792
0.604712
0.945502
0.802677
1.18636
0.874913
0.849432
1.25159
0.884773
0.847672
1.04992
1.64809
1.16863
0.976716
0.905326
0.748056
1.02695
1.00983
1.05032
1.21817
1.01751
0.904886
1.0906
1.72324
1.06758
0.965569
0.388482
1.15087
1.54455
0.835852
0.791807
0.696804
0.838903
0.715182
0.617522
0.569556
1.53037
0.933472
1.60689
1.25833
1.08954
1.65187
0.608677
1.2382
0.780981
0.815766
1.73253
0.887887
0.583591
0.695264
1.26857
0.723769
1.18931
0.307804
0.637176
1.02097
0.916029
0.866692
0.368888
1.45728
1.04564
1.69835
0.640853
0.413811
1.62423
0.964503
1.68132
1.14778
1.19853
1.2925
1.38823
0.861159
1.07627
0.958225
1.10787
0.875493
1.46796
0.809079
0.692391
0.609306
1.17594
0.845982
0.627524
0.61994
1.04181
1.11071
1.41624
1.08094
0.987196
0.840484
1.77496
0.567117
1.21338
0.919057
1.55183
1.27261
0.672894
0.581645
0.721773
1.47502
1.01954
1.08598
0.515481
0.726996
1.79004
1.14182
0.880539
1.41163
0.679539
1.04396
1.07922
1.05727
1.64868
0.741045
0.608621
1.25942
0.923026
1.16072
0.922919
1.37888
0.508066
1.71586
0.840597
1.77961
0.663608
0.979485
1.34525
0.747567
0.80493
0.94868
1.19736
0.901283
1.17009
1.34241
1.38958
1.19181
0.8314
0.998749
0.908649
0.79631
1.53317
1.32467
1.42826
0.747777
0.88261
0.748679
2.12871
0.583517
1.11064
0.684759
1.36923
1.9518
0.636257
1.38901
1.06024
1.50505
1.12018
0.868254
0.68848
1.19863
1.56004
1.24578
1.50598
0.973459
0.493596
0.808569
0.6004
0.896936
1.29275
0.934804
1.42511
0.85131
0.856086
0.610052
1.12822
0.905074
1.05296
1.40244
0.415955
1.16419
0.691483
1.08901
1.03333
1.23373
0.642635
1.19843
0.910267
0.953272
0.604122
0.754758
0.64165
0.817662
0.798157
1.35093
1.0151
0.945666
1.01519
1.0854
1.46938
0.572501
0.476482
1.316
1.06418
0.939486
0.959422
1.11858
0.876164
1.06429
0.978857
1.28792
1.48897
1.20369
0.554315
1.19778
0.716272
0.883507
0.996008
0.877446
1.42974
1.57284
1.23754
1.10482
1.26471
1.06825
0.747957
0.671418
0.790918
0.6724
1.06917
0.624245
1.17975
0.660639
0.669633
0.904941
0.56442
0.957811
0.700081
1.11223
1.03393
1.25543
0.83686
1.23965
1.01938
0.78119
0.947009
0.800524
0.981491
0.789417
1.18226
1.57354
1.24655
0.958028
0.676951
0.432054
0.676371
0.980267
0.742592
0.931107
1.02413
1.11984
1.04744
0.671521
1.18755
1.01233
0.935036
0.623911
1.15561
1.43663
1.28591
0.608005
1.09329
0.872568
1.01906
0.824128
0.815956
0.76798
1.0393
0.906026
0.911005
0.741234
0.898668
1.31384
0.839922
1.25907
0.943302
0.726563
0.547325
0.782592
0.59738
0.844071
0.855078
0.63398
0.638467
1.56335
1.2803
1.11559
0.80751
1.19313
1.47146
1.45634
1.05343
1.27759
0.92271
1.16388
0.807668
0.879717
1.252
0.775027
0.668685
1.39318
1.20843
0.993887
1.27369
1.48219
0.982769
0.811687
1.32121
0.819525
0.636886
0.670069
1.20268
1.26412
1.17543
0.635984
0.823252
0.673846
0.813419
0.655585
1.40724
1.05649
1.67544
0.911908
1.17527
1.71091
0.668467
0.996948
1.01102
1.07529
1.11519
1.2288
1.33083
0.753181
1.24063
1.10352
0.824514
1.20974
0.802617
0.527735
0.487223
0.924752
0.748545
0.733757
0.642784
0.81433
1.12885
0.883524
1.08648
0.74348
0.795594
0.647449
1.28101
0.404755
0.748403
0.772771
1.56988
0.929301
0.637973
0.620433
0.866967
1.23356
0.720515
1.34924
1.75573
0.900731
1.08806
0.89597
1.45108
0.966217
1.16321
0.827531
0.501986
0.732888
0.838833
0.431543
0.916713
0.734747
0.554532
1.45684
1.13866
0.561649
0.934429
0.94502
1.45505
1.25099
0.770907
0.91019
1.45298
1.25972
0.700462
0.735862
0.871935
0.857038
1.16869
1.18275
0.740199
1.37031
0.835322
0.768002
1.06617
1.36404
0.612918
1.51728
0.699614
1.23207
0.691872
1.20067
1.57737
1.34739
0.740435
0.572766
0.745817
0.74281
1.36984
0.977256
0.544426
1.03218
0.566255
1.15238
0.528552
0.932047
1.02207
1.18319
0.921193
0.69058
0.466984
0.741327
0.823707
0.829095
1.38814
0.99084
0.431687
0.973881
1.09887
0.525734
1.33945
1.1097
0.736142
1.40562
1.46211
1.44071
0.915732
0.957652
0.87316
1.24134
0.712252
1.11602
1.95936
0.806596
0.453464
0.649109
0.62937
0.567808
1.0343
0.601417
1.291
1.82525
0.432094
2.20878
1.22128
1.37419
0.923773
0.861449
1.26724
1.31282
1.69554
1.2263
0.958019
1.36805
1.30282
0.942583
0.93219
1.02337
1.19221
0.832753
1.02949
0.792959
1.52234
1.10639
1.74219
1.2405
0.611634
1.21798
1.64267
0.885618
1.07994
1.23289
1.51134
1.06168
1.16432
1.06184
1.23156
0.867293
0.863155
1.14135
1.26655
0.850026
1.3693
1.07406
1.08033
1.14809
1.12269
0.722348
1.24343
0.59313
0.839859
1.11733
0.980982
1.07774
0.990387
0.734608
0.988128
1.509
1.53196
0.932022
1.18453
0.696344
0.562728
1.57302
0.872486
1.27203
1.29594
1.17472
1.51341
1.31055
0.595951
0.708156
1.0892
1.34901
1.02472
1.11982
0.880522
1.5043
0.624332
1.34438
0.972394
1.12913
0.494374
0.60249
1.10052
1.07961
0.711725
0.797697
1.29345
0.745537
0.900934
0.713387
0.60598
1.25364
0.822805
1.04999
0.770505
0.578069
0.941622
0.673803
0.617264
1.08108
1.26998
1.43195
1.45305
0.629034
1.00777
0.915125
1.37248
0.859972
1.04064
1.43928
0.703834
0.954379
0.716506
1.27984
0.842002
1.12761
0.806478
0.690519
0.885982
1.24107
1.22612
0.590511
0.46537
0.647974
0.65713
0.905686
1.57941
0.264299
0.827618
0.803207
0.740089
0.778056
0.695708
0.749228
1.47702
0.741003
0.506402
1.80228
0.803826
1.11887
0.756844
0.958754
0.834869
0.772261
1.48162
1.06325
0.943876
0.958302
1.08353
0.689052
1.07878
0.650513
0.563996
1.46895
1.33526
0.912841
1.17742
1.38513
1.51314
0.748294
0.798048
0.829929
0.369198
0.719943
2.18472
1.25877
1.53371
1.53414
0.851544
0.51545
1.33965
1.12681
0.766236
0.806176
1.37348
1.24421
0.903626
1.23955
0.833892
0.73463
1.12269
1.55075
0.661492
1.61288
1.18689
0.95084
0.482021
1.41488
1.83456
1.31689
1.87666
0.929909
1.10725
1.56776
0.853467
0.729117
0.506993
1.22734
0.602067
1.50325
1.4254
0.59894
0.725769
1.23878
1.5778
0.951033
1.33368
0.939057
0.922093
1.03892
0.608424
1.08182
1.09964
1.89639
0.676551
1.00206
0.784076
0.790316
0.549137
1.049
0.772877
0.699861
1.21832
1.1072
1.18622
1.43684
0.951757
0.845312
0.889012
1.04476
0.722396
1.95974
0.470112
0.943222
0.950757
1.2249
1.17841
0.982329
1.22302
1.3618
0.981082
0.670543
0.462109
0.943912
0.818295
1.2085
1.12448
2.32059
1.01113
1.53316
1.01562
1.35789
0.944903
0.778554
0.849991
1.43947
1.51724
1.08852
1.42851
1.40371
0.768038
0.679436
0.606666
1.00855
1.24324
1.18363
1.6287
1.08215
0.704705
0.63151
1.14437
1.16474
1.73855
1.21669
1.4827
0.960093
1.06731
0.774441
0.958762
1.02391
1.93258
1.32996
1.56243
1.83675
1.09934
0.473365
0.388769
0.554397
0.711307
0.922108
0.73278
0.693
1.24881
0.562423
0.694399
0.956264
0.581236
1.37115
0.831571
1.05621
0.400221
0.550342
0.936088
0.604115
1.78538
0.934351
1.25479
0.911643
1.3884
0.810571
0.815581
0.878286
1.06787
0.892455
0.716208
1.9792
0.751972
0.585597
1.07351
2.01095
1.20888
0.53721
1.49631
1.6359
0.718217
0.954646
0.871967
1.03487
0.939078
1.21419
0.89887
1.1374
0.719811
1.62863
0.940695
0.69884
1.41423
0.75218
0.84497
0.65086
0.545478
1.05512
1.18109
1.33852
0.8543
1.11921
1.04772
0.980742
1.12677
0.755601
0.869027
1.05076
0.86635
1.42923
1.51784
0.695081
0.717031
0.554379
0.670579
1.57547
1.16929
0.841584
0.783503
0.500178
1.10772
0.960865
0.907913
0.926695
0.746759
0.367541
0.409285
0.822808
0.949185
0.833794
1.16153
0.862198
1.54717
0.820093
0.581694
2.1424
0.71144
0.606631
0.999031
0.623764
0.66793
0.577568
0.629974
1.37947
1.11611
1.00485
1.17737
1.06997
0.942667
0.5486
0.490319
1.06557
0.710617
1.11906
0.795991
1.03302
1.61216
1.27496
0.956283
0.833607
1.17311
1.19933
0.852644
0.858974
0.909089
0.428424
1.1643
1.04255
1.11789
1.04507
1.52941
1.23271
0.810272
0.955986
0.655732
1.06751
0.765961
1.84976
0.876329
0.589239
1.00175
0.926929
1.4586
0.844055
1.33388
0.839758
0.576255
1.15808
1.34765
0.653037
0.758868
1.04447
1.1354
1.16373
1.12812
0.761684
1.14674
1.69359
0.859879
0.636177
0.995256
0.705034
0.960185
0.55827
1.22811
1.44752
1.01561
1.00549
0.614865
1.2303
0.822347
0.785337
0.870928
0.903257
1.06728
0.909406
0.704235
1.29269
0.92794
1.01669
1.0641
0.969966
1.43276
0.812483
0.986395
0.615619
0.713785
1.05396
0.91244
0.702963
0.664802
0.573248
1.49423
1.5647
0.736456
1.14896
0.7074
1.71997
0.855299
0.895989
0.814727
0.624599
1.0926
0.92486
1.38058
1.82543
0.794327
0.894431
0.495111
0.48989
1.77543
0.791307
0.864201
0.926147
0.605342
1.60065
0.664265
0.937555
1.44724
1.04296
0.884445
0.511817
0.805898
1.25261
0.828674
1.08436
0.72015
0.871005
1.50047
1.30918
1.46119
1.09695
0.431702
0.588531
1.15466
1.34442
0.898749
1.1797
1.38073
0.787452
0.825455
0.984827
1.61112
1.29343
1.01823
0.890311
0.707069
0.66685
1.46646
0.643906
1.44971
0.463148
1.71511
1.21676
1.4407
0.852263
0.705867
0.893736
0.93179
0.681239
0.937714
1.07056
0.94652
0.951243
0.833064
0.92878
1.17614
1.11983
0.524639
0.931666
1.21352
0.823144
1.00181
1.01873
0.469466
0.870269
0.442964
0.608401
1.2005
0.981916
0.733352
0.6767
0.544487
0.433015
1.22695
1.15012
1.28812
1.0735
1.02424
1.25575
1.19821
0.927913
0.677788
1.13573
0.781323
1.24575
0.379578
0.572902
0.782709
0.996678
0.871143
0.730362
1.39191
0.832953
0.921284
1.38822
1.01667
1.14318
1.64866
0.942515
0.981396
1.05569
1.05719
0.992433
1.38312
0.56944
0.980789
1.04879
0.741675
0.954266
0.801896
0.980398
0.671124
0.913773
0.688191
1.29813
1.02935
1.12635
0.928507
0.779177
0.900507
0.601251
0.460512
1.22293
1.05019
1.04435
0.931794
1.37016
1.17705
0.802903
0.642914
1.06031
1.6161
0.799972
0.948576
0.881494
1.59341
0.593451
1.4205
1.50521
0.83425
0.858517
0.724657
2.0664
0.747521
0.631469
0.876492
1.17406
0.876619
1.527
0.58946
1.03375
1.46709
0.720355
1.35378
1.27805
0.779716
1.20748
1.16196
1.00539
0.421264
1.0347
1.21043
1.01489
1.25284
1.08308
0.434944
0.603506
0.844722
1.42012
0.95372
1.53565
0.533718
1.63727
0.755242
0.825104
1.05316
0.913717
1.34528
1.09892
0.558261
1.37866
1.11762
0.993642
1.02779
0.705941
1.00569
0.821402
0.907136
1.08376
0.760942
1.38125
1.2717
0.708304
1.37646
1.78919
0.611647
1.46714
1.23107
1.23565
0.851752
0.686426
1.267
1.18381
0.772969
0.576811
1.2071
1.51717
1.36694
0.956403
1.16315
0.955655
1.19293
0.834416
1.0576
0.697584
0.778129
0.999175
1.56109
0.925681
0.689412
1.14584
0.77603
1.31393
1.13708
1.15272
1.17785
0.952993
0.850929
0.507077
0.781429
1.5154
0.855931
0.909454
1.13576
1.07615
0.673253
0.83498
0.881795
0.735498
0.819506
0.993127
1.19742
0.928502
0.882811
0.71648
1.31328
0.903744
0.928546
0.923385
0.512322
0.53019
0.906918
0.805102
0.63868
1.40094
1.10869
1.41532
0.691107
0.82079
1.05723
0.775964
1.0796
0.441068
1.21544
1.00378
0.89412
1.02818
0.631906
1.3363
1.77176
1.43985
0.829678
0.940108
0.876588
0.903494
0.951311
0.933999
0.735347
0.880289
1.25492
1.4239
0.854404
1.23423
0.926594
0.926125
0.752577
1.30653
0.682578
1.44949
0.804077
0.793634
0.568065
0.984973
0.531643
1.06433
1.01271
0.666274
0.840411
1.01253
0.97905
0.620222
0.765188
0.505872
0.823166
0.6491
0.993279
0.907058
1.05446
0.455632
1.34265
1.128
0.972812
0.724045
1.269
1.7203
0.984616
0.985997
0.979767
0.806801
0.751237
0.505363
0.322157
0.852864
1.24053
1.0033
1.08025
0.529948
1.23248
0.67743
1.03469
0.759607
1.21913
1.04583
1.10317
0.724092
1.01815
0.617781
0.700818
1.43971
1.34654
1.40354
0.777497
0.868856
0.637866
0.571146
1.06447
0.665611
1.15409
1.46181
1.2481
0.443879
0.919618
1.14911
1.16196
0.757288
0.436048
0.596944
0.58043
0.88245
0.837444
0.914438
0.725013
0.802116
0.719151
1.18634
0.451838
0.962752
0.999151
0.510282
0.548008
1.1942
1.68301
1.2485
1.30195
1.05661
1.31942
1.15561
1.99971
0.815667
0.632465
1.26792
1.28325
0.761982
0.792034
1.06426
0.970364
1.24414
1.12794
0.992652
0.962083
0.805074
0.815591
0.627667
0.893773
0.553506
0.820614
0.895741
0.494451
1.51287
0.488099
1.06531
0.754821
0.879079
0.949295
0.824029
1.09987
0.832804
0.578803
0.686856
1.26896
1.01759
1.03991
0.468192
0.492381
0.750086
0.694663
0.967771
1.17488
0.867627
0.892563
0.714261
1.46126
0.80127
1.03951
0.843458
1.19058
0.85624
0.87435
1.21885
1.58225
0.683767
1.50896
1.15171
1.33961
0.718706
1.44714
0.709331
1.15914
0.80119
0.825699
1.0874
1.00212
1.13929
1.08909
0.811158
1.41492
1.26694
0.835104
1.2781
0.72519
0.97781
0.814695
0.794813
1.12646
0.497979
1.21271
0.516628
1.24503
0.696297
0.791053
0.838747
0.649056
0.861783
1.00619
0.997887
0.775987
1.67791
1.55818
0.926604
1.28708
0.584436
0.491381
1.14914
1.20414
0.601118
1.3778
1.01953
1.10651
1.62432
1.13645
1.20383
1.48733
0.393563
1.12043
0.667981
1.50561
1.12416
0.671753
0.941528
0.723919
0.896503
1.26005
0.847476
0.92725
0.935907
0.899031
0.48792
1.34512
0.644867
1.11387
0.867728
1.59359
1.14805
1.10884
0.745695
0.304541
0.846193
0.695448
0.802719
1.60678
0.881291
0.788089
1.2575
0.647823
1.29982
1.30426
1.29325
0.942735
1.07291
0.640807
0.580915
0.820568
1.67988
1.52799
1.77392
1.51217
0.854301
1.00589
1.13737
1.06324
1.67856
0.951922
1.12094
0.830042
0.910763
1.39682
1.22501
0.583281
0.894429
1.28743
1.20778
0.983276
0.734924
1.38674
0.947171
0.709774
0.679918
0.679991
0.717298
1.15698
0.727413
0.737685
1.49767
1.04173
1.005
1.60154
1.54601
1.40796
0.977659
1.0429
0.779132
1.13565
0.830728
1.38639
1.15158
1.71462
1.01412
1.02714
0.766604
1.15982
0.896388
0.775193
1.58663
1.3639
0.769859
1.26909
0.417577
1.71977
0.85719
0.847533
0.723847
1.06805
0.98092
0.687286
0.730947
1.0114
0.916739
0.619988
1.12038
0.62354
1.09059
0.960614
0.954201
1.0978
0.891041
0.387524
0.440386
0.872748
1.02603
1.37523
1.15811
0.813521
0.981315
0.568695
1.66802
0.792783
0.990409
0.731613
0.755454
1.04781
0.663724
0.411811
0.960293
1.03773
1.20619
1.18293
0.928013
0.595966
0.695192
0.825376
0.763515
1.09818
1.27168
1.12591
1.31078
1.10959
0.680709
0.775859
0.896553
1.27849
1.02422
0.627569
1.13173
1.09276
0.663414
1.25093
1.49419
0.581778
0.829135
0.960028
1.45844
1.24498
0.762612
1.00581
1.03817
0.743056
1.18178
1.04882
1.31119
1.16254
0.823688
0.80396
1.25008
0.64654
0.698807
0.80091
0.577738
1.21181
0.879393
1.11322
0.705394
1.33434
1.1788
0.829
1.075
1.10438
0.841994
0.398937
1.02331
0.729903
0.851224
0.79963
1.42137
0.811361
0.807797
1.09095
1.62901
0.778426
1.23262
0.972745
0.800995
0.520109
0.721201
1.43285
0.974376
1.01828
1.15626
0.643016
0.862147
1.06994
1.0868
0.855913
1.164
1.33051
1.21199
0.441445
0.679272
1.16611
1.36356
0.945987
1.38159
0.761468
0.749653
0.524302
1.04746
0.524275
1.53405
1.20023
1.05836
0.911934
0.731615
0.694379
1.10336
1.19531
1.13422
0.644863
0.636013
0.837272
0.797423
0.558816
0.749376
0.892968
1.43333
0.825814
0.943558
0.690278
1.90186
0.823686
0.809665
1.30558
0.838094
1.44556
0.819028
1.31593
0.771853
1.0032
1.02583
0.873939
0.701927
1.39739
1.057
0.465591
1.12953
2.12987
1.31861
1.19454
0.872503
0.369458
0.938768
0.263522
1.39508
0.898512
1.31089
0.409261
0.767193
0.761573
1.74511
1.23335
1.0202
0.99046
0.73271
1.21682
0.949932
1.28755
0.642764
0.478449
0.739493
0.905112
1.19662
1.3511
0.800072
1.21394
0.691638
1.35079
1.31935
0.841245
1.14423
1.09753
1.3701
1.29801
0.792583
0.843035
1.38226
1.18616
0.500885
1.32408
1.14297
1.35895
1.04976
0.500476
1.38926
0.720991
0.909082
1.23832
0.759371
0.343747
0.937245
1.18235
0.473247
1.0845
0.539112
1.36006
0.862832
0.949219
1.03933
1.31313
0.733424
1.07175
0.751651
1.04313
0.915892
1.15091
1.06522
0.861399
0.523093
1.4431
0.717788
1.06147
1.10144
1.36063
0.806677
0.791433
1.77149
0.737466
0.878321
0.75736
1.17244
0.959715
0.566593
0.890418
0.883034
0.91379
0.939712
0.666791
0.803927
1.86845
2.23145
0.748836
0.784106
0.947937
1.19975
1.20023
0.883396
0.530393
1.1732
1.02694
0.614931
1.22101
0.846112
0.988846
0.596151
0.898389
1.19341
0.991061
1.17999
0.968075
1.21381
1.3492
0.966435
0.653349
1.24284
1.27969
0.706322
0.831749
0.827977
0.942482
0.953562
0.856771
1.19487
1.65551
0.946444
1.13155
0.949884
0.496404
0.627192
1.51603
1.31536
0.554513
0.7657
0.633424
0.96611
1.54984
1.01564
1.77067
0.613615
1.3319
0.973084
1.30756
0.795249
0.864701
0.867905
1.02769
0.588244
1.11675
0.653645
1.1365
0.995835
0.913324
0.798789
1.15427
0.663959
0.952038
0.515486
1.12615
0.647814
0.905953
0.635266
0.704073
0.980589
1.20834
1.61127
1.25542
0.50083
0.694936
1.31767
0.587437
0.819139
1.32747
0.803835
1.19488
0.984379
1.72572
0.947065
1.1598
0.808762
1.40634
1.2731
1.09817
0.933179
1.17027
0.788756
1.1309
0.693169
1.17702
1.28908
1.04271
1.38133
1.95223
0.74581
0.683701
0.846086
1.29349
0.928043
1.07985
0.754313
0.41245
0.500081
1.19106
1.03334
0.565205
0.645526
0.665835
1.23074
0.688434
1.37491
1.86643
1.35094
0.905543
1.03364
0.577215
0.81967
0.637377
0.713592
0.681967
0.563398
0.996054
0.716582
0.752194
1.00487
1.41121
0.55142
1.87683
0.716923
1.13994
0.569237
1.99247
1.12098
0.775837
0.87184
1.19767
1.42615
0.715029
0.67697
0.700784
0.886201
0.816233
0.833526
0.733726
0.423157
1.12467
0.698877
1.31965
0.864742
1.08471
1.28133
1.78747
1.11227
0.698839
0.713779
1.13312
0.743443
1.25376
1.36632
1.24662
0.974736
0.934192
0.767999
0.771731
1.00003
0.63378
1.31402
1.12317
1.14102
1.21295
0.893874
1.55954
0.693079
0.836575
0.763084
0.657423
1.07985
1.00461
0.916487
1.37314
1.07207
0.932599
1.21106
1.22919
1.12058
0.638598
0.943166
0.742254
0.854002
1.49513
0.733973
0.956512
0.773021
0.603779
0.431545
0.926841
0.734441
0.605893
0.377235
0.847457
1.41656
0.887987
1.05892
0.451281
1.11223
1.65058
0.708291
1.3751
0.955781
0.869878
1.17079
1.48224
0.84246
0.863019
1.15791
1.91854
0.618921
1.18384
0.983662
0.647321
1.26447
0.807589
0.837306
0.780754
1.1153
1.85474
1.24826
1.52462
0.629796
1.38174
1.14227
1.00684
1.13207
1.30522
0.964827
1.2124
1.06523
1.74319
1.10614
1.66464
0.939707
1.31224
0.724792
1.0036
0.744477
0.76962
0.782736
0.621633
1.34887
1.62279
0.766097
1.33195
1.20902
1.08874
0.948134
0.632131
0.854279
1.19596
0.880164
0.742193
0.635328
1.14412
0.934874
0.929696
1.03168
1.21803
0.53975
0.99501
0.719064
0.821943
0.973466
0.587552
1.82705
1.0358
1.06459
1.65193
0.736025
0.986689
1.02203
0.757354
0.775843
1.09743
0.787154
1.56985
0.776691
0.935654
1.14202
0.922927
0.672765
1.16133
0.594469
1.16451
0.997804
0.517518
0.61305
0.828861
1.06884
0.910451
1.29734
0.740507
1.28037
1.09808
0.974808
1.30184
1.17284
0.732753
1.3855
1.16536
1.28095
1.29414
1.00637
1.05658
1.37687
0.724263
0.982755
0.585124
1.04682
0.741369
0.531095
1.05625
0.902783
1.18705
0.857616
0.987613
1.15544
1.0537
1.1515
0.695289
0.816238
0.881194
1.32293
1.0239
0.786498
1.35681
1.22649
0.941885
1.62491
0.800002
0.900991
0.924351
1.19533
1.39296
0.668581
0.896697
0.704875
1.08836
1.07065
0.887573
1.18044
0.894011
1.09026
1.3782
0.523897
0.777709
0.724604
0.716121
0.875647
1.62689
1.51957
0.63135
0.703356
1.18792
1.07041
0.522188
0.940757
0.927001
0.797084
1.12401
0.872661
1.56381
1.14463
0.9259
0.904425
0.868835
0.990583
0.747552
1.37766
0.905233
0.87888
1.52349
1.0838
0.591607
1.27174
1.04608
0.997216
0.578674
1.32233
1.27742
0.913043
1.52945
0.948503
0.787437
0.91881
0.702879
1.44079
0.936986
0.949856
1.11706
1.68444
1.70567
0.80346
1.68585
0.814282
0.908809
0.755864
0.754859
1.22894
1.17336
1.26225
1.23528
1.13416
1.05106
0.979748
0.689293
1.13689
0.975007
1.14602
1.23391
0.924245
1.49297
0.73145
0.712494
0.834562
0.691145
1.25242
1.14351
1.02881
0.58024
0.863614
1.10184
0.919811
0.995466
1.09473
0.976338
0.929955
1.05914
0.900609
1.02975
0.833518
1.04911
1.50401
1.07735
0.621026
1.13137
1.08383
0.93269
0.625298
0.721484
1.19876
0.752086
0.842559
0.758634
1.24149
0.797309
1.01087
0.692919
0.99995
0.855606
1.35877
0.854281
0.934824
0.672039
0.877146
1.4222
1.10229
0.618559
0.658372
0.605436
0.967654
0.480232
0.735968
1.29685
1.92616
1.37289
0.773865
1.38288
0.9542
0.585102
0.882458
1.08978
0.906497
0.745886
0.535227
0.677942
1.04688
1.06566
1.71589
0.699859
1.35483
0.719352
1.1079
1.21774
0.762379
0.717392
0.774829
1.33309
1.14953
1.10459
1.31805
0.584191
0.886653
1.21429
0.779885
0.800972
1.40684
0.925648
1.15447
1.41412
0.925853
1.4775
1.0913
0.656458
0.340637
0.797437
1.51924
0.674154
1.27945
0.902717
1.6469
1.21666
0.977093
0.553797
1.38921
0.676222
0.804506
0.668962
0.665199
1.60133
1.31928
0.506312
1.05094
1.17623
0.548118
1.33433
1.12902
0.452453
0.803671
0.929034
1.01421
1.11768
1.16631
0.617196
0.928962
1.70283
0.709382
0.981388
1.59171
1.30566
1.51487
0.752974
1.04002
0.415432
0.866128
1.3309
1.68467
0.395727
0.604225
0.64723
1.16005
1.27295
1.19868
0.842902
0.616713
1.11593
1.34383
1.09058
1.50646
0.906626
1.03269
1.04745
0.742157
1.09094
0.766025
0.581589
0.914197
0.572796
0.67663
0.828894
1.58318
0.752081
0.69633
1.13687
0.790069
0.685307
1.41229
1.06578
0.818786
0.58748
1.33959
0.817709
0.85712
0.656334
0.65498
0.660165
1.35648
1.15827
0.780078
0.786775
0.515125
1.21459
0.892581
0.538186
1.63731
0.884354
1.13711
1.19479
0.716274
0.552768
0.83941
0.70043
1.07056
1.28366
1.41844
0.644579
1.33083
0.733678
0.9735
0.773665
1.07736
0.995413
1.48791
0.785527
0.625159
1.16398
1.24398
1.04997
1.42534
1.11124
0.951699
0.472539
0.937039
1.19413
0.775443
0.682169
0.992157
0.826691
1.77004
0.702241
1.19193
0.652636
1.68578
0.439548
1.68294
1.3574
0.711872
1.4744
0.648443
0.792245
1.206
0.388773
0.745076
0.687235
0.760054
0.585411
0.872297
0.804357
1.06585
1.10804
1.06287
0.487962
0.618003
0.889088
1.61906
0.629901
0.808306
0.893237
1.15552
1.0612
1.26514
0.869828
0.741655
2.08503
0.573015
2.00204
0.567465
0.956093
1.16019
0.610806
0.636417
0.871356
0.980227
0.594535
0.59756
1.59271
0.825103
0.719288
0.834276
0.754404
0.436345
1.22978
1.25963
0.454553
1.12963
0.539758
0.851124
0.924412
1.47668
0.516423
0.578984
1.35257
1.69551
0.97793
0.544021
1.67367
0.749241
0.932743
1.40684
0.637975
1.30974
1.04011
1.15738
1.02812
1.7438
1.1694
0.878109
1.07602
0.632883
1.00658
1.14497
1.32184
1.26708
0.697001
0.864046
0.778972
0.905297
1.34326
1.28211
1.19506
1.10167
1.26346
1.08637
0.617709
1.20044
0.971027
0.658331
0.927568
1.69945
1.12471
1.26892
1.15265
0.759112
1.07355
0.764973
1.13313
0.463609
0.838794
0.874713
1.00419
1.06675
0.696399
0.729073
1.16198
1.10975
0.766016
0.607758
0.900069
0.582124
0.931702
0.971667
0.601602
1.32674
1.07922
0.619901
0.87463
0.999254
1.09839
0.978903
1.29611
0.591456
0.861607
0.930907
0.63661
0.653099
0.696392
0.735525
1.18153
0.666771
1.40201
1.21437
0.921634
0.793206
2.43725
1.17327
1.53147
1.19967
1.21051
0.712806
0.313398
0.812771
0.692183
1.36222
0.400531
1.45364
0.830217
0.693516
1.02438
0.859025
1.19352
0.881675
1.07037
0.864004
0.815845
0.77124
0.783503
0.851946
1.33337
1.17818
1.77461
0.648339
0.956556
1.54708
0.985692
1.23025
1.1165
0.823027
1.02229
0.568387
0.469061
1.03463
0.687513
1.43272
1.06027
0.963315
0.884062
0.839268
0.87752
0.632071
1.00088
1.45077
1.38323
1.01588
0.829224
1.06154
0.969998
1.20207
1.17559
0.903291
0.90261
1.06094
1.35463
1.16135
0.841886
0.670207
1.42049
1.10114
0.899832
1.40283
1.62546
1.41105
0.821053
0.79632
0.924366
1.08198
0.929023
1.71047
0.881482
0.950963
0.945036
0.499622
0.661001
0.658146
0.485929
1.09947
1.333
1.57853
1.44909
1.18441
1.6518
1.13695
0.907168
0.783041
0.725369
1.26864
0.928865
1.8138
1.58293
1.02485
0.683583
0.928203
1.0209
1.23838
0.840804
0.895853
0.984304
1.42282
1.10324
1.41813
0.876041
1.22176
1.12457
0.682072
1.03693
0.548837
0.926191
0.660715
0.930074
0.477276
0.738966
0.552483
0.940721
0.830272
1.27307
1.17264
0.73882
1.25938
0.542202
1.0273
1.30498
1.28456
1.27777
0.624213
0.5114
1.03531
1.35088
0.832276
1.01982
1.20605
0.885012
1.10887
1.18095
0.631756
1.27698
0.624697
1.48695
0.624706
1.02435
1.4237
0.830006
0.843903
0.64131
1.2876
0.744281
0.822184
1.38598
0.891182
1.21296
0.643639
0.816078
0.930807
1.19856
0.821879
0.779717
1.27553
0.902225
1.02242
0.536473
1.53461
0.431676
0.93866
0.857491
1.1133
0.988788
0.985553
0.578323
0.774018
0.866951
1.31015
0.927767
0.802218
0.878331
0.965267
1.44078
0.634747
0.889192
0.853028
0.910111
0.548053
0.817082
1.00393
0.996001
1.05828
1.27916
0.597184
0.80224
1.48031
0.433663
1.14247
0.54175
0.688383
0.489664
1.16725
0.916403
0.550961
0.583041
1.40806
0.753792
0.853427
1.07904
0.734611
0.543108
0.732386
1.05596
1.72412
0.78781
0.953201
1.36943
1.85515
0.765251
0.628612
0.372316
0.965171
1.56961
1.26392
1.72792
1.06469
0.919366
0.862539
1.52565
0.312875
0.917251
1.06107
0.954329
1.17552
1.30734
0.663427
0.902653
0.805206
1.00581
1.22572
0.870146
1.01802
0.892706
0.685028
0.668687
0.946057
1.59207
0.77174
1.14527
0.894741
1.09242
1.35898
1.59673
1.14955
0.837874
1.19324
0.886761
1.17872
0.970142
1.8686
0.76266
1.25081
0.495756
1.06727
0.737275
0.951132
0.790362
1.25677
0.741714
1.08555
0.618508
1.75243
0.980561
0.75103
1.05651
1.43415
0.733466
1.24239
0.770295
1.2161
1.02606
0.846656
0.892182
1.30373
0.782897
1.37957
1.40683
0.803125
1.30836
1.0347
1.14141
1.08117
1.0373
0.468752
1.18984
0.820294
1.32608
0.689743
0.96327
0.852492
1.35489
1.05213
1.36856
0.93991
0.718168
1.53189
1.64548
0.770949
0.71901
0.974809
0.876165
0.696975
0.993037
1.3598
0.736989
0.930867
0.58202
0.902428
0.801743
0.976779
0.970858
0.925654
1.04974
0.385444
0.845074
0.87026
0.66457
0.592742
1.1221
0.615979
1.11082
1.35608
0.659149
0.774314
1.78903
0.712389
1.03218
0.656661
1.11061
1.43412
1.05427
1.31066
0.940507
1.79335
0.709467
1.10284
0.618874
0.611447
1.16851
0.673632
0.473204
0.710422
1.163
0.946115
1.46069
0.913635
0.95907
1.03459
0.919284
0.68821
0.871964
0.797458
0.988422
1.42709
1.16416
0.896262
1.07268
0.39703
1.31566
0.575074
0.553695
0.725897
1.25654
1.00446
0.499019
0.876062
0.534506
0.297134
1.12833
0.701754
0.855446
0.661577
1.21018
1.09455
1.14775
1.35975
0.859319
1.69957
1.86704
0.886993
1.02161
0.593635
0.920806
0.802575
1.07577
0.681893
0.923812
1.06839
0.796909
1.2406
1.9832
1.28547
1.38604
1.0317
2.31756
1.08608
1.52232
1.46996
1.0405
0.879144
1.14557
1.34981
0.792157
0.70834
1.68699
0.89706
0.745417
0.859033
1.05191
1.02667
0.527467
1.2243
1.02112
1.20732
0.741422
0.9687
1.24375
0.740513
0.813653
1.18979
0.909412
0.931582
1.44673
1.17453
0.612149
1.04086
1.26239
0.871082
1.59178
0.658887
0.458008
0.923097
0.736759
0.873029
0.670923
0.644321
0.737077
0.998979
0.921506
0.967456
0.882482
0.999858
1.03612
0.904408
0.872949
1.32065
1.7353
0.988227
1.49533
0.977347
0.842757
0.745519
1.46895
0.74091
1.12646
0.89063
1.1443
0.614969
0.917905
1.03709
1.35167
0.637215
0.836996
0.875152
1.29323
0.499776
1.16716
0.766571
0.843388
0.833394
2.06624
1.34926
0.693508
0.681438
1.23219
1.0079
0.791225
1.73753
0.191744
0.902224
0.665921
0.89552
1.09036
1.56465
1.40613
1.252
1.06644
1.24593
0.734742
0.949689
1.30076
1.32112
1.19709
1.09631
2.04657
1.30136
0.958748
1.38792
0.888428
0.836812
1.14043
1.63813
0.803347
0.827414
1.2123
1.02995
1.1183
0.790418
0.856621
0.843108
1.71166
1.09289
1.01594
1.76265
1.4698
1.26068
0.691108
1.23644
1.18229
0.644174
1.47167
1.69091
1.52448
0.442778
0.556006
1.26024
1.26894
0.679959
1.17319
0.85619
0.893469
0.532264
0.523848
1.41039
1.2973
0.869482
0.739906
1.03588
0.693563
0.477113
1.19307
1.16172
1.28515
1.37393
0.867871
1.34113
0.737366
0.629974
1.22481
1.13794
0.956119
1.42388
1.24619
0.933931
0.722424
0.728939
0.853054
0.970724
0.586631
0.796636
1.7226
0.669289
1.14698
0.958481
1.11567
0.467189
0.900102
1.05961
0.943703
0.601433
0.53312
1.02227
1.27945
1.00193
0.722841
0.96354
0.49738
1.15016
0.862183
0.794629
1.01546
1.27529
1.15179
0.877063
0.51102
1.22047
1.1144
1.74772
0.938682
0.758636
1.47055
0.97168
1.70095
0.671603
0.925898
1.16806
1.05621
1.33199
0.837027
1.47209
0.778471
1.3325
0.936529
0.762464
0.762709
1.47737
0.878585
0.720364
1.10067
1.54085
1.39656
1.24697
1.33524
0.745924
1.39769
0.729529
0.859534
1.06812
1.30745
1.31209
0.831326
0.893821
1.53442
1.47872
1.1158
1.43834
1.35273
0.641468
0.998646
0.868752
1.06748
1.06577
1.01935
1.25776
0.91937
1.31278
1.66798
0.515627
1.1579
0.939624
1.57615
1.02704
0.837346
1.0298
0.92128
1.37095
0.948546
1.20969
1.12432
0.685671
0.604342
1.3187
1.10813
0.63753
1.55086
1.61982
0.801816
1.31061
1.4628
1.00037
0.958152
1.4997
0.680706
0.800214
0.590849
1.24961
0.853534
0.59436
0.357919
0.749063
1.07543
0.57534
1.18464
1.03196
0.792849
1.20155
0.761083
0.836683
0.427173
0.775803
1.2399
1.05104
0.651273
0.584863
0.693069
0.944577
0.721407
0.700099
0.635718
0.952222
1.13918
0.647868
1.0442
1.28869
0.870978
0.669813
1.05546
1.14985
0.977689
1.05966
0.741507
0.9849
1.35492
0.942404
0.783722
1.02297
1.12537
1.24209
0.921329
0.694216
0.689664
1.21685
1.00642
0.887318
0.855619
1.27105
0.486371
0.779872
1.30284
1.43418
1.13175
0.908653
0.479208
0.565397
0.724135
1.50042
1.10669
0.397794
1.32767
0.525304
0.939278
0.98904
1.51502
0.982485
0.929294
1.03633
1.12875
1.61344
0.845936
1.2232
1.10936
1.44442
1.19911
0.669653
1.18866
1.21422
1.24246
0.466228
0.962896
0.930927
1.67975
1.19868
1.00745
0.978393
1.5796
0.972464
1.02925
1.06858
1.09223
1.16917
0.645046
1.13028
0.648588
1.87682
1.1514
0.522991
0.708201
0.970486
1.23901
1.25236
0.876505
0.684099
0.776732
0.843386
0.624188
0.872105
1.07727
0.747287
0.87552
0.968283
1.9195
1.10141
0.913616
0.914917
1.23281
0.787935
1.55302
0.631335
1.14668
1.34288
1.15575
1.12367
0.672733
0.851251
1.09826
1.5401
1.20833
1.39059
1.15405
0.89372
1.03619
1.04174
0.45576
1.1301
0.897668
0.948186
0.786227
1.38894
0.613942
0.927302
0.873761
0.730644
1.29064
1.23604
0.482993
1.82128
0.819531
0.99723
0.676317
1.66354
0.877997
0.594887
1.13543
0.908043
1.4757
0.552771
0.820669
1.08383
1.13323
1.17901
1.17885
1.25953
0.782639
0.86871
1.18941
1.09609
1.0068
0.500852
0.799629
0.675673
1.61013
1.24295
0.772015
0.978311
0.885923
1.14915
0.489028
0.600853
0.582443
0.584167
0.908396
1.1261
1.77091
0.783825
1.22855
1.47056
0.740641
0.881169
0.621637
0.785212
0.636983
0.783394
1.03977
0.869286
1.43359
0.554781
0.792548
0.623267
0.852797
0.976278
0.998508
1.62862
1.01661
0.97375
1.34332
0.979135
1.20913
0.327408
1.42085
0.811441
1.20774
0.460785
0.851288
1.04938
0.987682
1.25932
0.842093
1.53931
1.40224
0.956155
1.18033
0.607827
1.12366
0.949731
0.64862
1.1629
0.788417
0.342096
1.10161
0.634781
1.10192
1.30776
0.951802
0.70295
1.30178
1.6196
1.24961
1.02369
0.893398
1.08021
0.877343
0.827717
1.07863
1.19522
0.628774
0.733655
1.21189
0.949806
1.12548
1.50068
1.38625
0.908827
1.20206
0.54268
0.642224
0.631486
0.653048
0.982504
0.775131
1.50538
1.51424
0.905094
0.86098
0.797723
0.701418
1.19159
0.95625
0.53539
1.06948
1.28933
0.695741
0.967022
0.812919
0.742492
1.56759
1.1479
0.745158
0.784205
0.7343
1.20005
0.680522
0.599039
0.920374
1.1329
1.74897
0.99241
1.2686
1.46624
0.738419
0.970777
1.55909
1.09153
0.867523
1.08714
1.18259
0.743967
0.753802
0.508468
0.786136
0.675328
0.680307
0.912664
1.13698
1.02443
1.21802
1.42428
0.898148
1.26568
1.49286
0.872112
0.866557
0.784884
0.801756
0.791902
1.11843
1.4368
0.537759
1.04147
0.819312
1.66513
0.797319
1.35009
0.92612
1.04445
0.743094
0.965611
0.94223
0.873921
1.47439
0.981413
0.832643
1.01678
1.53701
0.832971
0.930353
0.568458
1.1137
0.935278
0.852558
0.845387
1.69105
0.95734
1.03995
1.2201
1.00194
1.08267
1.29672
1.15532
1.67951
1.09514
0.675708
0.5344
0.867536
1.48382
0.69051
0.890795
0.70929
0.669603
1.00777
0.87683
1.24343
1.76633
1.0585
0.576808
1.29719
0.70427
1.05754
0.959518
1.43755
0.872541
1.27187
1.70157
1.33958
1.10273
1.02112
1.05238
0.783388
0.713997
1.05767
0.996797
1.79427
0.935282
0.70752
1.22818
1.53184
1.10146
0.844177
0.484035
1.14665
1.00568
1.32414
0.783588
1.52199
1.05017
1.04392
0.758957
0.646696
0.879288
0.812959
0.581765
1.21285
1.1112
1.15045
0.728731
1.02416
1.07833
0.77413
1.28969
0.705599
0.631876
1.33229
0.77955
0.999386
0.814655
1.21933
1.20106
1.59584
1.02346
0.494363
1.07381
1.10304
1.04191
1.06693
1.68364
0.668849
0.995041
0.86777
1.36534
1.0076
0.678793
1.30109
1.76614
0.52346
0.899436
0.822599
1.07007
0.664352
0.97099
1.49802
0.747162
0.764995
1.23964
0.715917
0.973614
0.797195
0.902252
0.60503
0.918633
1.13757
0.668815
1.53781
1.81168
0.87206
0.53926
1.53975
0.307078
0.895294
0.854492
1.18581
0.959644
1.22553
1.30717
0.473542
0.694846
0.994256
1.64968
1.06876
1.60662
0.943835
0.739389
0.760788
1.60691
1.20039
1.34098
1.43457
1.7247
1.02547
1.17763
0.786014
0.837152
0.963668
0.770096
1.27285
1.49267
1.02101
0.822823
0.344594
1.30901
0.936548
0.828702
0.904399
0.881415
0.813126
0.472153
0.760322
0.760558
1.0329
0.899828
1.01938
1.05089
0.93171
1.35739
0.79313
1.06616
1.78638
1.18555
1.01695
0.556551
1.02761
1.2633
0.367442
1.18861
1.20469
1.13002
0.895227
1.31369
1.62344
0.803782
0.775705
1.46597
1.19816
0.904711
1.11487
0.864259
0.91053
1.15714
0.562071
0.856545
0.59686
1.34258
1.10795
0.789466
0.512649
0.543526
0.800198
0.872144
0.545278
1.18313
0.913629
1.19416
0.758806
0.945559
0.636965
0.931409
0.778314
0.90226
1.25279
0.965358
0.931185
1.13768
1.2887
1.38038
0.637196
1.04563
1.08096
0.724972
0.806241
1.38539
1.37129
0.550996
1.14912
1.40232
1.34278
1.06645
1.1485
1.13131
1.07235
1.41051
0.767547
1.25197
0.520148
0.677175
1.07108
1.26595
0.871392
1.10656
0.740102
1.01844
0.488721
0.651617
0.627268
1.05428
0.604366
0.821389
0.895627
0.652936
1.42925
0.935529
0.891995
1.05943
1.20191
1.38391
0.96142
1.18518
0.73577
1.10854
1.27312
0.577313
1.02607
0.831459
0.826893
0.63279
0.981923
0.684831
1.06609
1.54203
0.369205
0.888181
0.898144
1.84229
0.232211
0.534863
1.33405
0.463667
0.949478
0.851321
0.852537
1.39015
1.27176
0.443868
1.59675
0.92259
0.611679
1.16331
1.31357
0.427942
0.920942
1.02569
1.78932
0.731537
1.05053
1.59335
0.672547
0.788089
0.876969
0.820604
1.02566
0.992082
1.41015
0.902897
0.579702
1.03071
1.73258
0.84511
1.12314
0.736802
0.775531
0.672524
1.19347
0.749241
0.715155
1.04119
0.921699
0.698083
0.548616
1.19617
0.831127
1.52204
1.15666
1.31423
0.810867
1.41034
0.835097
0.620201
1.03212
0.967613
1.24133
0.760332
1.25352
1.15941
0.83071
0.871609
0.691666
0.96915
0.632435
1.19828
0.685816
1.22023
0.888296
0.757859
1.15479
1.31463
1.37907
1.03204
0.406846
0.56529
0.967836
0.812816
0.767959
0.872272
0.820677
1.2316
1.2202
0.948534
0.95683
1.14795
0.823768
0.834971
1.34213
1.37103
0.593234
0.76431
0.715502
0.933972
1.3705
0.68928
1.28156
0.735702
0.956421
0.807115
0.613157
0.557743
0.802673
1.64566
0.853259
1.25287
1.28923
1.2441
1.03602
0.946397
0.960707
0.68576
1.11018
0.937519
0.969113
0.807954
0.740017
1.88976
1.19975
0.972982
0.737054
1.04162
1.02651
0.889301
0.651564
0.684898
0.816199
1.68683
1.37919
0.914791
1.27285
1.26682
0.92145
0.782489
0.624526
0.640099
0.631193
0.730109
1.7951
0.889462
0.818623
1.39695
0.804399
0.90954
0.763924
0.989767
0.942805
0.50877
0.588935
0.825847
0.836171
0.729896
1.2964
1.48468
1.25827
1.29851
1.27547
1.33228
1.3783
0.657695
0.55536
1.02493
0.63465
0.943725
0.842509
0.796623
0.906138
0.731134
0.85849
1.23631
1.31269
1.3408
0.742977
0.590239
0.522111
0.990546
0.791531
1.53542
0.842523
1.39648
1.07587
1.10867
0.630556
1.25935
1.15292
0.821185
1.28577
1.60433
0.83941
1.11643
1.35497
0.87407
0.738805
1.40167
0.667072
0.715832
1.00013
0.76703
0.452851
0.609711
0.324416
0.597562
1.38506
0.740332
1.20382
0.396944
1.20991
1.19808
0.594446
1.17293
0.820519
0.922016
0.435198
0.970166
1.03313
1.19568
0.995833
1.01587
0.441758
0.908157
0.919652
0.776633
1.11234
0.989481
1.048
1.03652
1.08762
1.14659
0.366097
1.2171
0.992033
1.24346
0.67858
2.01276
0.647972
1.08976
0.560173
1.06938
0.810183
1.10752
1.26242
1.69341
1.3793
0.951202
0.826245
1.13426
1.15331
0.611006
1.08221
1.25061
0.992968
1.68033
1.68744
0.784598
0.828107
0.784684
1.05087
0.80346
0.757596
1.25571
0.541135
0.419179
0.66272
0.671087
0.837068
1.09302
1.26999
1.90767
1.18392
0.720972
0.905558
0.818156
1.40115
1.21535
0.930329
0.714515
1.37235
1.14627
0.655095
0.43752
1.37988
1.12332
0.780293
0.82337
1.76978
1.07596
1.19076
1.08501
0.653333
0.788688
1.17899
1.03082
0.738522
0.677899
1.18589
0.911636
0.977489
1.29063
1.45711
1.08042
1.55241
0.753963
1.13157
0.726671
1.0627
0.966499
1.19537
0.945988
0.545426
0.77844
0.754756
0.77598
0.982733
1.5368
0.861354
0.944197
1.4671
1.18194
1.50301
0.60596
0.961904
1.30933
0.900409
0.988185
0.746678
0.995216
1.35523
1.04806
0.68679
0.791986
0.87137
1.15056
0.829766
1.20949
0.821481
1.62931
0.828244
1.14525
1.0367
1.08615
1.14045
0.907027
1.3487
0.618589
0.587539
1.25521
1.21073
0.587527
1.34009
1.63602
0.703593
0.595863
0.812972
0.923337
0.686163
1.29196
0.678723
1.16946
0.573945
0.860325
1.03644
1.34954
1.42612
1.25317
1.26985
1.2553
1.43313
0.648906
0.690409
0.573046
0.56592
0.67573
1.77969
0.862669
0.948765
1.03871
1.11959
1.12245
0.556077
0.754182
1.08077
0.777269
0.61828
0.439587
0.887995
0.755207
1.03995
1.19302
0.944047
1.17187
0.943699
1.27699
0.829149
1.14204
1.01902
1.02107
0.86648
0.875242
1.13861
1.1816
0.926225
1.32626
1.13298
1.18008
0.641078
0.774562
1.13765
0.756637
0.851643
0.650234
0.956837
0.913873
1.2422
1.05935
0.785893
1.18509
0.76787
1.11816
0.73801
0.831657
0.868044
1.20774
0.861449
0.854604
1.21359
1.10346
1.19092
1.16894
0.77438
0.582741
0.860997
0.756385
1.37377
0.808745
1.04043
1.23057
1.54253
1.05678
1.65644
0.629647
1.44941
1.37939
0.775163
0.688187
0.655029
1.05804
1.44293
0.959377
0.705928
0.600326
0.656985
0.761098
0.925313
0.475906
1.34065
0.748427
0.894442
0.955885
1.0955
0.629051
0.907925
1.01946
0.700829
0.66007
0.775592
0.936268
0.903085
0.651501
2.05978
0.716271
1.01046
0.487265
1.4523
1.01819
1.11408
1.55342
1.90135
0.937403
1.00341
1.27552
1.05973
0.654288
1.44166
1.60103
1.11251
0.735247
0.674001
1.02446
0.960844
1.26391
0.684578
1.42304
1.1007
1.32657
1.12959
1.0716
0.632208
0.912098
0.847407
0.506055
1.27997
0.993071
1.21504
0.554715
0.952382
1.34533
0.419913
1.49371
1.42798
1.5669
1.26503
0.579739
1.5857
1.54072
1.38371
0.719012
1.14954
1.31968
0.57496
0.738646
0.881657
1.1622
1.05772
1.0008
0.630907
0.762198
1.16682
0.621821
0.723842
0.78232
1.46962
1.13666
0.580473
1.18114
1.11551
0.845978
1.46961
0.562773
0.906839
0.460211
0.433555
0.811357
0.641777
1.04442
0.70599
0.535686
0.878388
1.02682
0.737964
1.14644
0.99353
0.73779
1.29754
1.02322
1.10229
0.930063
0.771437
0.960588
1.16734
0.845583
1.18175
1.25967
1.37104
0.891323
0.80014
0.710822
0.919485
0.577606
1.09154
1.46561
1.1641
0.646675
0.576512
1.13931
0.576196
1.21797
1.3615
1.1462
0.956444
0.770044
0.677721
1.52567
0.860688
1.01669
1.9321
1.512
1.06066
1.20487
1.22945
1.14108
0.682739
1.46172
1.16368
0.739938
0.836078
0.753266
1.94117
1.62169
0.744309
1.48592
0.625448
1.0734
0.919103
0.661431
1.2693
0.432758
0.558332
0.647806
1.01814
0.772403
1.14343
0.957446
1.07964
1.00939
0.783736
1.27317
0.690482
1.54916
0.786295
1.21858
0.552617
0.628395
1.44742
1.11881
0.910872
1.00625
0.546198
0.779561
1.09503
0.963902
1.36223
0.464874
0.827952
1.07589
0.693044
1.32305
1.95246
1.28742
0.962177
0.955081
1.25525
1.09149
0.770829
0.906247
1.07307
1.59421
0.596033
1.18497
1.15598
0.762796
0.684496
0.478526
0.993377
1.67528
0.60605
0.954466
0.97042
1.14031
0.850357
1.33722
1.56095
1.29888
1.19621
0.504135
0.886204
0.945019
1.0751
0.952992
0.763475
1.11512
0.805878
0.818389
0.862632
0.450264
0.707114
1.25751
0.563367
0.613601
0.722042
0.697597
0.907464
1.02162
1.15476
1.05383
1.27446
1.1548
0.922741
1.04627
1.40768
1.94628
0.976128
1.01942
1.21974
0.815119
1.04465
0.658243
1.38376
0.809309
0.711129
0.408038
0.242692
0.968184
0.780145
0.494928
0.939049
1.21158
0.805328
0.591697
0.710373
1.37007
1.15817
0.731672
0.972677
1.05488
0.857306
0.921076
1.02661
0.707254
1.21976
0.85203
0.958543
0.87622
1.23329
0.607359
1.24788
0.945104
0.892862
0.976016
0.79828
1.4126
0.55133
1.30981
1.05819
1.39044
1.38423
0.924013
1.13509
1.13944
1.4509
1.22026
0.838764
0.646327
0.960233
1.14677
0.987032
1.27247
0.613233
1.52374
0.9416
1.11266
1.16614
0.626098
1.23437
1.62719
0.747594
0.761189
0.876194
1.0285
1.04429
0.642464
0.99568
0.900921
0.86379
0.712927
1.10233
1.09876
1.35253
1.20858
0.950488
0.774699
0.683994
0.619273
1.14813
0.803108
1.01669
1.56924
0.888005
0.709059
1.47738
1.08702
1.21496
0.718105
0.953171
1.36129
0.399663
0.648295
1.0101
1.00291
0.878191
1.57159
1.06093
0.865211
0.940571
0.720673
0.370518
0.507779
0.764382
0.396137
1.13821
0.680171
1.07322
1.07117
1.20815
0.453692
0.813289
0.993898
0.653307
0.977722
0.456006
0.634735
0.568772
1.47251
1.1791
0.894357
1.13599
1.44121
0.857035
1.22721
0.756722
1.5691
1.13245
1.33667
0.600245
0.357639
0.921876
0.87592
0.76846
0.628561
1.14969
1.99377
0.785792
1.10261
0.756293
0.819155
0.786448
0.856869
1.90903
0.696231
1.04855
0.708916
2.11861
0.97473
0.746694
1.31651
1.27924
1.32065
1.27328
0.763339
0.803314
1.13259
0.855988
1.01442
0.39467
0.826488
1.28608
0.780075
0.697957
1.1901
0.680644
0.805466
0.593624
1.01276
0.941286
0.881512
0.776319
0.780225
1.05699
1.51304
1.0588
0.649368
1.682
1.04601
0.772996
1.05991
1.31001
0.81794
0.658776
1.0523
1.01338
0.549369
0.859834
0.633499
0.796888
0.455638
1.18822
1.0402
0.932549
0.938899
1.13211
1.33451
0.795668
1.05427
1.03832
0.892495
0.932107
0.647781
0.957853
1.03834
0.865592
0.523124
0.841701
1.0952
1.74572
1.02086
1.06793
0.541921
0.767214
0.873909
0.824162
1.13176
0.828062
1.30675
0.767717
0.685873
0.70225
1.29756
0.747574
1.16355
1.09405
0.600886
0.828237
1.41373
0.687063
1.11911
0.781741
0.697436
1.46417
0.918638
0.839003
0.957808
1.21049
0.632503
0.547636
1.45187
0.888876
1.03463
0.872128
1.49758
1.12838
1.01806
0.744222
0.880382
0.705778
2.10802
1.62028
1.33196
0.997406
1.47146
0.982357
0.885476
0.737331
1.22624
0.754133
1.44476
1.45853
0.62334
1.2685
0.973153
0.630455
1.49479
0.60273
0.660332
0.832812
0.844543
1.41279
0.658986
1.01236
0.581639
1.07883
0.703445
0.977966
0.528264
0.646494
0.918732
0.634306
0.925604
1.01253
0.77589
1.16754
0.613942
0.741228
1.24615
1.06632
0.93002
0.945771
0.68456
0.629418
1.09179
0.81025
0.973016
0.4643
0.847797
1.08819
1.58215
1.28632
1.40463
0.950541
0.576931
0.765478
0.709165
0.422386
1.45436
0.71579
0.669129
0.858783
1.85705
0.995159
1.67565
0.578447
0.885337
0.761926
0.527449
0.605458
1.0501
1.26285
0.858154
0.946105
0.84427
1.32311
0.76902
0.720302
1.30365
0.685219
0.985433
0.840892
1.22707
1.29014
0.50332
0.656668
0.376153
1.00152
1.04969
1.33285
0.804372
1.37306
1.06569
1.03706
0.668467
0.509112
0.76087
0.913816
0.738384
0.846439
0.540509
1.47284
0.720341
1.42375
0.985183
1.22847
0.820224
1.10359
0.530043
0.622434
1.26071
0.536791
1.21041
1.1365
0.534116
0.718595
0.674112
0.798105
1.3659
0.920484
0.81048
1.03139
1.04373
0.812375
0.644405
0.989002
1.00525
1.13768
0.861163
0.656851
1.72472
1.09404
1.13654
1.55178
0.695852
1.27684
1.09278
0.693877
1.24324
1.01975
0.72767
0.784244
1.10391
1.05996
0.786197
1.12965
0.785081
1.46254
1.06256
0.897069
0.508032
0.549766
1.25175
0.70361
0.994934
1.07494
1.05261
1.20054
0.473899
1.33283
0.755617
1.10583
1.12446
1.47012
1.41827
0.725201
0.75956
0.931509
1.22131
0.477337
1.08403
1.39401
1.28297
0.701655
1.39582
1.2642
1.31297
1.15982
1.55698
0.38632
0.806947
0.862033
0.835093
1.36134
0.770687
0.816417
0.962458
1.23529
1.18232
1.09862
1.27572
1.52871
0.986093
1.64776
1.17729
0.541917
0.769284
0.846787
0.935344
1.42447
0.638072
1.2846
0.412483
1.08491
1.28593
0.886256
1.15752
0.992149
0.505711
0.515143
1.21799
1.23824
1.01622
0.878923
0.801705
1.69801
0.871597
1.70646
0.708515
0.887455
0.567951
1.46843
0.826684
1.40184
1.3413
1.06758
0.817722
0.989498
1.05912
1.26929
0.824777
1.57812
1.30741
0.803758
1.37394
1.774
1.20244
1.74266
0.632818
1.09481
0.624212
1.20135
0.990378
1.37321
0.84263
0.25261
0.846945
1.4421
0.985897
1.10905
1.25397
0.78286
1.23317
0.779397
1.26714
0.705761
0.788368
1.38795
1.50329
0.7803
0.83337
1.14779
1.21793
0.906681
1.1769
1.03209
0.767568
1.22833
1.20122
0.807672
0.812824
0.888408
1.11365
1.76038
1.07556
1.43536
1.06737
1.23799
0.729533
1.17619
0.764066
0.949711
0.953844
1.15085
0.502334
1.2469
1.04949
1.42828
0.435485
0.931309
1.61767
0.976861
0.828398
0.783004
1.03441
0.821809
0.612022
1.06756
1.06424
1.80205
0.978715
1.27555
1.47794
1.23746
0.820675
1.05884
0.823032
0.656089
1.71847
0.952318
1.49653
0.545705
1.02692
1.02305
1.12686
1.33587
0.951495
0.517192
0.977559
1.34267
0.949351
0.450251
1.25944
1.22478
0.804116
0.666701
1.1306
0.655962
1.27729
0.971123
0.829372
0.931585
0.83394
1.36557
1.34262
0.962515
1.19047
0.470747
0.506532
1.18085
0.486824
0.520828
1.13462
1.48207
0.758687
0.868055
0.939409
1.13602
0.624728
1.71353
0.8295
0.834755
1.30114
0.814031
1.42416
0.693737
1.19041
0.801618
0.854045
1.33072
0.786829
1.00034
0.722428
1.08839
0.768262
0.765081
0.875245
0.786669
1.42994
1.53486
1.47215
0.775129
1.14907
0.507203
1.19026
1.05811
1.04639
0.645214
0.98772
0.824759
0.794795
1.56181
0.618712
1.32696
0.630871
1.30821
2.09398
1.27367
0.737488
1.02403
0.503453
1.60063
0.683482
0.633929
1.10883
1.09342
0.954797
1.18666
0.354321
1.18951
1.00835
0.607343
1.39899
0.910909
0.913618
0.891666
1.55578
1.26822
1.20898
1.23114
0.831916
0.92842
0.924321
0.812783
1.03129
0.967894
0.766452
0.736571
1.41886
0.448603
1.26347
1.55452
0.84848
0.990574
0.877314
1.01757
0.707516
0.888827
1.0192
0.761797
1.21984
0.866506
0.930467
0.528513
0.770039
1.61054
0.896344
0.823317
0.93656
1.12453
1.27669
0.782999
1.19297
0.450839
1.33174
0.720679
1.08546
1.12675
0.823274
0.653499
0.695632
1.13948
0.868969
0.816585
0.622677
1.43136
0.849243
0.525845
0.650785
0.970083
0.923085
0.981369
1.41257
0.895516
0.705998
0.617784
1.27886
1.13996
0.817805
1.21283
0.851504
0.893593
1.20401
1.28755
0.844196
1.1558
1.48148
1.02045
1.25032
1.25447
1.31115
0.561783
0.913574
1.33605
1.1635
1.24479
0.861189
0.648016
1.06022
1.07855
1.74196
0.97194
0.855101
0.838148
0.710724
1.19842
0.490791
0.929009
1.15118
1.49834
0.720892
0.558653
0.770922
1.06848
1.27964
1.08597
0.874317
1.03635
1.01587
0.915584
1.14075
0.585962
1.81516
1.24517
1.06856
1.23122
1.06008
0.714162
1.36488
1.11723
0.835169
1.35637
0.742635
0.727051
1.17228
0.92173
1.06707
1.31921
0.717274
0.805866
0.788544
0.490428
0.840237
0.89937
0.667432
0.84827
1.29176
1.19498
1.05143
0.514337
1.17623
1.28699
0.75308
1.37188
1.23485
0.674559
1.28181
1.10382
1.34002
0.826431
0.767402
0.568711
0.832933
0.619155
1.01519
1.08914
1.24299
1.43596
1.39388
0.950457
0.583786
0.636677
0.887009
0.911635
0.884797
1.01643
0.698282
0.968093
1.02832
1.23906
1.21228
0.916108
0.93521
1.25797
0.710195
1.49495
0.537404
1.07287
1.51795
1.12183
0.908403
1.19934
0.996493
0.792921
1.53765
1.08147
0.91486
0.556322
0.881282
1.44085
1.49884
0.986695
1.16025
0.872594
1.14933
1.05371
0.81971
1.22778
0.798006
1.2537
1.10737
0.552304
0.40713
1.22775
0.67114
0.969972
1.2225
1.46298
0.62525
1.10935
0.788008
1.43712
1.24593
0.936457
1.31476
0.85609
1.22827
0.648118
0.291485
0.862503
1.8152
1.19058
0.817767
0.967064
0.797723
0.764734
1.3106
1.31392
1.10813
1.00472
1.51113
1.15176
0.956935
0.507912
0.984572
0.727705
1.29786
0.873877
0.602368
0.844601
1.98002
0.778828
0.460221
0.735354
1.48967
0.960956
0.694573
0.64859
1.2481
0.519364
0.676101
0.9928
0.746713
1.12731
0.458768
1.28557
1.35528
1.38497
1.25988
0.766293
0.909572
0.648486
1.05129
0.937619
1.18244
1.40339
0.830655
0.834091
0.937177
1.55706
0.849998
0.821145
1.11286
1.3527
0.917879
1.17556
0.734211
1.74835
1.25193
1.18605
0.817134
0.568713
1.10596
0.435862
0.508972
1.63482
1.16171
0.93045
1.22708
1.35653
1.0462
1.08184
0.897009
0.569911
0.925958
1.08901
1.11879
1.2074
1.01355
0.744386
0.891898
1.18823
1.65006
0.848696
0.742601
0.845272
0.619058
1.13872
0.91407
0.499599
0.88904
0.63696
1.66044
1.00395
1.16936
0.741757
0.599062
0.887757
1.12686
1.01257
0.783377
1.12127
1.31991
1.0697
1.55131
0.848702
1.50553
0.520012
1.08781
0.964831
0.707102
1.01435
1.01047
0.930148
0.69292
1.00011
1.19197
0.504562
0.92552
1.33312
0.807236
1.33594
0.734659
0.844053
0.548213
1.02093
1.1527
0.846575
0.77763
0.759287
0.94946
1.00927
1.40825
1.01384
1.03237
1.18473
1.03665
1.19442
0.93428
0.768437
1.46483
0.93721
1.32612
1.03601
1.20685
0.937146
0.852552
0.905572
1.29981
0.83425
0.754231
1.57152
0.979065
1.41122
0.923884
0.673407
1.33786
0.437126
1.82157
0.682123
0.508997
1.40222
0.745612
0.878777
0.948895
1.05084
0.592058
0.961744
0.501802
0.800336
1.30149
1.64523
0.808208
0.908496
0.643756
0.51921
1.04378
1.02096
0.689162
1.13507
0.849026
1.37375
1.0555
1.09707
1.1288
1.40444
1.09587
1.21897
0.732815
0.743213
1.20757
1.02472
1.56813
0.856446
0.879137
0.609753
0.868644
1.25788
0.919934
0.802024
1.79382
1.03601
0.667477
0.766581
1.67245
1.43608
0.580086
1.84808
1.09925
1.36675
1.07467
1.02329
1.2159
0.665012
1.17797
1.2408
1.03725
1.07832
1.35765
1.18002
0.808362
0.947238
0.456729
0.98492
0.819902
0.557833
0.836229
1.37552
1.1447
1.26882
1.07372
0.921619
0.89905
1.24045
0.754741
0.626444
1.4449
1.4439
0.775577
1.12271
0.8016
1.08339
1.01218
1.43092
1.05136
1.46892
0.651524
0.880839
0.95986
1.06018
0.839929
0.983612
1.00766
0.786541
0.637661
0.79528
1.54076
1.85143
1.06284
1.13086
1.13323
0.857604
1.01191
0.921202
0.755529
1.12032
0.665969
1.17364
0.844472
0.480338
0.932501
0.68575
0.965819
1.32741
0.689938
1.0735
1.03137
1.13878
0.701141
0.704231
1.65307
0.659622
1.1773
0.970725
1.17477
1.10946
1.39163
0.715095
0.704862
0.749456
1.51282
1.10228
1.14144
1.38046
1.01113
1.03471
1.27121
0.843085
1.00804
1.69985
0.923197
1.09374
0.810865
0.692045
1.25666
0.839307
1.08532
1.19904
1.11495
0.612333
1.09406
1.15859
0.922387
1.22243
1.33164
0.696378
0.576866
0.44782
0.758764
0.596195
0.849827
1.19594
1.29046
0.904617
0.759655
0.878955
0.887972
1.21611
1.55334
1.18877
0.746593
1.28178
0.816632
0.602102
1.19636
1.97844
1.03162
1.11952
0.930871
0.728957
0.804793
0.796071
1.13345
0.847997
1.34475
0.678766
1.2246
0.821636
0.99461
1.19332
0.240102
0.915409
0.891575
1.12271
0.816288
0.733516
1.13986
1.11773
1.08104
0.873492
1.7056
0.933986
0.635158
0.969892
0.907643
1.37162
1.06972
0.549409
0.516568
0.675457
1.31314
0.877122
1.00523
1.02333
0.750775
0.565091
0.711825
0.747161
1.24362
0.891404
0.628918
1.17846
0.831232
0.930875
0.943101
1.18216
1.0364
1.45938
0.995441
0.954498
0.742471
1.27664
0.785088
1.00911
0.741792
1.07526
0.729156
0.830712
0.986002
0.81388
0.717768
0.722176
1.69619
0.989193
0.996051
0.939817
1.10253
1.27735
0.843491
0.997658
0.943979
0.925092
0.847095
1.3511
0.656576
0.884132
0.717415
0.550992
1.44323
0.872985
0.877864
1.22242
1.16263
1.46027
1.08755
1.23786
0.55511
0.914383
0.71082
0.472945
0.67879
0.758668
0.998922
1.18053
1.06068
1.08565
0.763423
1.46788
1.00746
1.21478
0.921601
1.34267
0.920118
0.837436
1.17498
0.929576
1.1291
1.1465
0.636683
0.649682
0.689271
1.0468
1.43929
1.11305
1.07226
1.14292
0.423245
0.891153
0.72272
1.22154
1.05579
0.72609
1.11484
1.04694
0.551645
1.41841
1.07602
0.92838
1.42711
1.13973
1.15754
1.37923
1.57831
1.40558
1.06938
1.09945
1.22515
0.750253
1.05149
0.956336
0.991146
0.736029
1.38802
0.972785
0.766835
0.769574
1.13237
0.694275
0.99731
0.659883
1.03807
1.6578
1.48944
0.756148
1.33872
0.51141
0.289933
0.97888
0.919795
0.986221
1.04122
1.07367
1.21351
0.818038
1.14338
0.926402
1.04797
1.06257
0.673563
1.03246
1.42806
0.806285
1.23079
1.24825
0.825362
0.777201
1.23878
1.03319
0.597793
1.14481
1.09978
1.24824
0.908707
0.861924
0.782049
0.645129
1.05776
1.31941
0.734476
0.841804
0.618885
0.890963
0.82766
1.42513
1.23919
0.77501
1.1849
0.76675
0.648505
1.41314
0.814544
0.977262
0.982827
0.745816
1.26783
0.482346
0.567035
0.813361
1.07774
0.825039
0.823028
0.946468
1.31716
0.527244
0.895319
0.688098
1.11892
0.779404
1.85586
0.661899
1.37016
1.43844
0.876357
1.13775
0.845579
0.381828
0.593506
1.18057
1.24972
0.867553
0.715307
1.44979
0.794113
1.11939
0.76796
0.763867
0.949155
1.00672
1.13058
0.905751
1.15454
0.753876
1.158
1.37401
0.582702
0.868664
1.37034
1.13328
0.424442
0.676266
1.22512
0.817054
0.543687
0.651086
1.59399
1.23939
0.582972
0.866547
0.933316
1.06255
0.669395
0.808268
0.691995
0.779273
0.765826
1.17031
1.018
0.698587
0.802792
0.838008
0.388472
1.99415
0.785625
0.771888
1.03379
0.809436
1.55069
1.45642
1.04864
1.15546
0.418254
1.32971
0.585958
0.426894
1.28421
0.68687
1.14579
1.01622
1.3974
0.96324
1.30691
0.88183
0.682038
0.982534
1.15132
0.795965
1.31683
0.576979
1.08779
0.709686
1.41152
0.802631
0.976502
0.768473
0.853676
0.650623
0.993526
0.703441
1.26717
1.06932
1.17728
0.853727
1.02442
0.961534
1.27311
0.922319
1.1476
1.19005
0.822295
0.787461
1.11983
0.649457
0.493914
0.773976
0.710939
1.14023
1.12898
1.77144
0.99626
0.769899
0.958553
1.06435
0.757848
0.735266
0.659168
0.970642
1.05128
1.50902
1.13479
0.779155
0.710124
0.647942
1.25938
1.43111
0.760035
1.25787
0.929866
0.680303
1.01084
1.14685
1.54356
1.12374
0.954989
0.758113
0.758797
0.724786
1.30058
0.963878
0.814002
1.31914
0.630302
0.754028
0.74576
1.28016
0.849691
1.60516
0.813821
1.11904
0.844653
0.900639
1.07524
0.695813
0.879277
0.85152
1.3107
0.656396
1.34423
1.12718
1.71052
0.856038
0.945226
0.837402
1.09508
1.01195
0.981493
1.07467
1.47833
1.36162
1.01799
1.06954
1.07728
2.19462
0.804291
1.50184
0.782883
0.767957
1.39915
0.84
0.745943
1.03347
0.891999
1.05635
1.0437
0.981074
1.09749
0.874019
0.917647
1.36292
0.476029
1.28592
1.16251
0.63966
0.877654
0.826515
0.713001
0.523637
1.05272
1.3226
1.09375
0.954601
1.38276
1.23074
0.786761
0.582812
1.00909
1.00522
0.648656
1.5562
0.654773
1.33119
0.852806
1.01456
0.677925
0.869473
1.06561
0.992388
0.520907
1.42482
1.46441
1.08698
0.868197
1.07267
0.701538
1.37758
0.437351
1.07003
0.514531
0.977979
0.825731
0.542034
1.07365
0.676999
0.910519
1.14273
1.41798
0.753746
0.868505
1.02671
0.542547
1.25303
0.891962
0.591956
0.823493
0.886082
0.762152
1.53104
1.03246
1.23609
0.756913
0.991089
1.53729
1.09606
0.990741
1.52287
0.651441
0.512367
1.06902
0.840732
1.07751
0.795302
0.45075
1.43296
0.617564
0.819942
0.972756
1.00266
0.744098
1.5626
0.908567
0.748263
0.974011
0.761074
0.612722
0.583802
1.44127
0.999819
1.18726
1.07162
1.42736
0.865341
1.67254
0.356852
1.30016
1.81299
0.970602
1.48421
1.12531
0.544828
0.632359
1.18175
0.88435
1.25577
1.03256
1.30896
0.695109
1.41593
1.35065
1.19871
