-0.581615
-47.9343
-2.77979
2.43867
2.36491
-6.97573
-1.24369
0.0300891
0.83003
1.90815
-9.6151
0.117374
-1.04011
-0.452518
-0.138605
2.86406
0.0140428
-12.6406
5.30431
1.88312
0.159418
-0.782417
0.843856
-0.92681
0.943759
-0.840169
2.25403
-0.950635
0.913907
-0.666918
-0.626669
-2.20429
0.79247
-0.714235
-0.230295
-0.11032
2.04616
-0.100282
1.05962
-1.42759
-1.05565
-1.61728
-15.5659
0.959061
-0.0330398
-0.161905
15.482
0.573639
-0.523878
-23.465
0.102274
0.0532724
-11.2889
-1.70709
-0.286279
-2.56563
1.22729
0.339271
0.422637
-0.603122
-8.49439
-0.720253
-5.56784
1.77602
-0.0718982
-0.317812
2.16881
0.949771
1.3392
0.526029
1.58876
0.0861332
2.35468
-4.96228
1.84008
1.13829
-1.23174
0.937358
1.05583
1.42014
-27.7608
0.491764
-2.00605
1.46251
-1.6786
-0.0993705
-0.341446
-0.821776
0.567243
0.969361
-1.01601
-1.44862
-7.97092
1.90427
-7.67156
-0.0825808
-0.928894
2.85287
-0.459545
0.572239
0.323188
-0.970407
-1.42993
-4.29179
1.85868
4.03476
2.38723
0.779498
-3.29015
0.11302
0.474867
1.46026
18.713
-0.606449
-0.479336
0.144971
-0.00506439
1.01431
-7.75001
0.162609
2.05943
0.974032
0.347501
-0.948365
-0.45401
4.06586
-0.502121
0.0149686
0.746016
1.60999
0.372941
0.494312
-2.00636
-0.21075
-6.25714
1.09738
-0.779075
1.47966
-0.993966
-0.721309
0.540566
142.542
0.986591
-0.0926229
5.18013
-1.30023
-0.225072
2.08756
1.11606
0.809969
-2.16771
-0.37777
0.180598
-0.803233
-2.06547
2.24282
2.76958
-0.118509
42.3463
-2.10528
1.71614
0.615969
0.585287
2.79421
0.363911
0.894798
1.39448
19.4429
0.637811
-27.2829
11.727
-0.307773
0.827996
-0.27251
0.994784
-0.4583
0.982425
0.810003
2.05894
-0.136826
-0.687238
-3.08938
-7.37542
-0.238782
1.14677
-1.87232
-1.69855
0.77453
0.679224
0.459219
-0.380949
-15.4957
-2.90401
-4.27393
-1.72466
-0.191514
-1.03782
1.51828
0.0795872
0.221896
-5.49989
-0.915651
-0.260996
1.66491
-2.37165
17.9554
0.311085
1.17731
3.89038
-0.741469
-0.693456
-5.4238
0.374801
-0.0659438
15.2854
21.1211
-0.280762
0.398145
-0.151572
-0.0289792
-8.8781
6.25099
-1.74937
1.44098
1.09823
-7.86246
1.11723
-0.439145
-1.78158
-0.605699
-2.84069
1.00712
-0.175617
-0.589197
0.219065
0.140657
1.50304
0.443189
-1.02593
-0.744803
4.88865
2.30453
-17.9551
-0.283783
0.0414303
2.00049
1.26629
2.29425
-1.85601
0.42374
-0.626437
-0.753334
0.57663
0.138878
-0.375337
14.6618
-1.20798
-4.87232
-0.52712
-2.20197
-19.2316
0.423994
1.90723
-0.144639
-3.7797
-0.638569
-0.239566
4.57913
0.361404
6.07079
-0.160434
-2.36961
0.978916
-1.60961
-0.65369
-0.161748
-0.0942847
-0.0697721
3.49219
-0.249935
-4.61768
0.613951
2.93116
-1.16493
-0.262954
0.0443335
2.94056
-0.031848
-0.370594
0.773716
-1.75183
0.821493
-4.21818
0.178316
-0.612808
-2.93559
0.469887
2.46613
5.67575
-0.394413
1.681
-1.58136
6.51346
-1.31033
-0.471624
0.153801
-0.405654
1.77021
-1.23641
1.9219
-0.685584
-2.7506
1.40714
-0.405107
-0.864498
-1.13761
0.383775
0.269076
-22.8189
0.592279
-0.945104
0.936866
0.414517
-2.42886
1.54769
-1.13292
-0.227699
-3.49788
-0.454567
-1.78295
1.01139
1.97858
-0.40903
1.17174
-8.33641
1.93982
-0.923705
-27.0166
-1.03904
-0.326886
-0.281734
-1.04304
1.17337
-0.212234
-0.148501
0.844536
-0.884335
7.13697
0.730346
0.125713
-0.365713
6.87967
0.708728
-0.312717
0.461103
-1.10122
1.26509
-0.435445
-0.909165
-0.634866
288.431
-1.1109
-12.0456
-1.62872
-0.226149
-1.22204
1.38258
1.08356
-3.32133
3.11948
1.61158
0.206604
0.181682
1.33097
0.530537
1.245
-0.193342
-3.2813
-0.815903
-2.09203
0.369538
0.310083
0.179838
-2.78727
-0.750508
-1.41123
4.52125
-0.46021
-3.35899
-0.481702
0.560248
-0.232701
0.360282
1.78908
0.539615
0.934175
0.786126
-0.998501
1.37702
0.461476
5.02954
0.786794
1.2995
-1.26855
-0.424749
1.85772
-0.614727
-8.39596
-6.10735
-0.0890304
-0.192771
-13.1009
0.751222
-1.78871
5.73811
1.11512
1.479
2.11073
2.625
-0.175767
0.735707
0.252308
12.7868
0.786436
2.63952
0.487777
-0.288174
-0.337539
-0.45887
-0.729842
-0.267435
-0.541165
-0.474266
-0.396307
-0.0521583
0.89952
-0.960919
3.6117
0.810275
1.58286
0.306776
0.0718939
1.28431
0.126512
-1.91619
0.356887
-1.00307
-8.4819
1.131
0.494067
0.0805399
-0.0558538
-0.450165
0.42139
26.9423
1.09554
-1.39701
0.305787
0.856773
-1.21783
0.314125
-8.32453
1.63176
1.93794
-0.0594108
-5.53691
-0.814556
-4.69117
4.81081
0.928852
0.917833
-1.02916
1.2291
-1.38402
0.280204
-1.32901
0.393079
2.40166
-1.45269
0.732938
1.17258
-2.92328
20.9188
-1.88826
2.39062
0.60468
-0.99403
-1.44077
-0.311725
2.43836
2.68778
1.49285
0.815669
0.335715
-0.526623
0.364465
-0.0291187
-1.40123
0.963318
4.62613
-0.890492
1.21994
-1.71871
-0.00697388
2.70236
1.10693
-0.207209
-3.8402
0.161516
-0.919211
0.983121
-0.214754
69.8419
-0.0571822
0.528946
1.48889
-0.336795
2.91436
2.95485
-1.46058
-1.22153
-0.985761
0.133757
38.6711
0.547457
3.67722
21.7451
-1.80399
-3.68124
-13.2349
-0.231316
3.94541
-0.649575
-0.16821
0.435792
0.72123
-1.21613
1.58365
0.197768
17.168
-0.0544097
0.27771
-0.548683
-28.3338
-1.2394
1.00956
17.7304
0.622195
3.17721
-1.7089
-6.28649
-0.57046
3.33709
-0.853908
1.11197
-1.92858
1.5832
-1.16418
0.195743
1.74859
0.8908
-0.262846
0.174008
1.7725
-10.5603
2.39085
1.22698
0.881061
-0.914062
61.2132
-0.831185
1.53793
2.39912
0.296699
-0.166382
-2.27567
-0.603805
-0.811017
-1.98357
0.379097
1.08642
1.19654
26.0837
-0.301455
-0.118819
4.39849
-1.36989
-0.203471
0.408102
0.989962
7.32627
0.186777
0.00694446
-1.12116
-0.906583
-0.120124
0.741339
187.219
0.245046
-1.0405
8.13042
2.77671
2.43288
-4.95269
-0.0130626
1.15107
0.870324
-0.0053024
0.0195082
1.48615
0.898849
-0.0216919
-0.00711676
-0.252455
5.06178
1.98953
0.700912
0.0161455
-0.397861
-2.75257
0.751587
-1.53616
-0.0348894
-2.16235
0.340092
-0.0793805
1.0813
2.82122
-1.88086
29.2006
0.20155
0.37045
-0.952125
8.94504
-3.84387
-0.909982
-0.829498
-20.1237
2.07263
0.28533
0.552209
-0.435609
1.21869
-6.62263
-4.66556
-0.731093
0.473346
-0.525437
0.867824
-0.521278
0.791357
-0.83214
-0.123526
1.37491
1.60134
-0.10671
-3.95559
8.64998
4.38415
2.6512
-16.3175
1.30543
0.0215312
-0.749184
-0.764837
2.16107
9.73155
-3.62072
-0.662094
2.95822
-2.92208
-1.36618
3.69587
-4.43457
0.409525
4.28666
-2.40915
-0.520386
-2.56061
0.875594
-8.37217
-0.317691
0.300493
4.25536
-29.8713
-2.66684
1.873
-1.8663
0.302388
73.7138
6.94263
1.35943
0.00201036
5.97979
-0.420263
-6.41774
1.09552
8.42222
-0.0254028
2.08385
3.29152
-15.9434
1.23111
0.273375
0.348904
-1.82466
1.44888
-1.0206
-1.40438
0.378139
-0.142485
-203.928
-2.1758
-0.684241
-0.172305
-1.43732
-0.17854
2.31964
3.13196
-0.128926
2.48495
1.27152
-1.15801
-1.19601
1.44197
-0.000235662
-0.76536
1.79424
13.8797
-0.151474
2.96671
6.55182
-0.109911
1.06094
-0.441874
-7.24993
-3.45765
-0.865687
0.18316
0.0555871
-1.583
0.666198
0.565233
-0.459959
-5.36629
-1.0662
0.441919
-0.049695
-1.09002
-2.15111
-0.352019
0.936782
0.487824
-1.33503
1.0244
-0.0432968
-1.51082
0.258854
1.26183
0.242348
2.03379
-0.0539279
-1.04288
-0.0523417
-0.0448548
-0.0788684
-42.9729
-5.09858
-2.19076
-0.101942
-1.80816
0.368658
-1.89479
-0.0153982
0.616948
3.74445
0.750687
0.532376
-1.89278
-0.894392
-12.7093
-1.22421
0.824396
-1.20448
-0.267898
-0.836399
-0.121629
0.756207
0.695082
-12.74
0.141295
0.861587
-0.706481
-0.638044
10.4687
3.76284
1.02365
0.935918
1.09173
1.80428
-0.374879
-0.842063
1.16892
0.466953
0.263854
-0.289896
-0.488451
0.811891
2.6695
0.0221244
0.564944
0.351077
-4.21137
0.836931
0.0910625
-0.643359
-2.96908
0.575406
-0.348316
0.428508
-0.165591
-3.08114
-0.117938
-0.207079
0.370844
-0.315033
4.42566
0.105106
0.369174
-9.63578
-0.32071
-0.864232
1.01846
-0.392143
0.175016
-3.32855
4.53832
12.7744
-0.904686
0.191687
1.23597
-8.41307
-1.57562
-7.03971
0.816277
-0.0670465
-0.28272
3.32729
0.144598
-1.2826
1.46151
-0.987833
0.424993
-0.214464
0.795354
0.728564
-0.271603
0.227427
1.46776
-0.697088
-0.124905
-1.67081
-1.25266
-0.501245
-0.548826
-2.19762
2.13578
0.868861
-0.8326
-4.99517
0.505192
1.39756
0.505786
-1.82397
-0.356918
0.383753
0.262776
1.6925
0.236939
0.926192
-0.424011
1.9002
-0.119119
0.434663
-0.117981
-0.830767
-3.72049
-1.08885
2.14766
-0.321724
-1.57936
0.724936
-153.121
1.80599
-1.39427
-0.359825
2.83909
-0.0821264
-0.109614
-0.0183449
1.80787
-3.45968
8.05014
7.34515
2.55064
-1.05191
-4.37868
-0.0941903
-0.000983402
1.25925
-0.00310481
0.349551
-0.199979
1.35152
0.172312
0.675827
-3.08137
1.01872
-0.0872657
-0.18938
-1.09245
-0.0289246
1.8758
1.57093
2.17515
1.13212
-0.192232
2.3624
1.4927
-1.00798
-662.882
-0.920742
1.85885
-4.29063
-2.17103
2.16817
-6.39521
-4.05966
-1.61327
-0.320717
0.768029
3.85391
-1.13132
-0.409315
-0.261914
0.945066
-1.43081
6.99014
4.61472
-0.325009
0.450864
0.158717
-2.91973
0.977352
1.36486
-0.228165
-5.43443
-2.74757
-0.43242
3.7067
-4.33376
0.307728
0.786499
-1.29045
5.3334
0.0256406
-0.21768
1.58798
-0.826557
0.221371
4.94436
-0.844681
-6.88225
4.30702
0.919032
2.17273
2.12429
-0.796374
-3.06196
1.15406
0.641916
-0.818293
-1.89823
-4.19065
2.09008
0.531758
-0.863058
1.94378
26.1104
-1.00535
-1.74343
-0.367926
0.616081
-8.66165
-1.43966
-0.330897
0.0519049
1.10662
2.13351
-2.80906
-0.399202
-0.432557
-1.17765
-1.65605
2.20229
10.1404
-0.0124445
9.70422
-1.18216
-2.34909
-2.27578
0.242676
-0.919143
-0.385539
-0.204741
2.8629
-1.11691
0.949469
3.38497
-1.79631
-0.338923
-0.396717
2.0305
0.0886577
-1.20037
-1.15787
0.115307
5.86388
-3.13938
-0.0512406
-2.74115
-0.553505
-14.2171
-0.771694
-1.93446
-3.87314
-0.0386064
0.478819
1.57324
1.70472
-0.290897
0.268924
-0.935257
0.592777
0.477789
-0.985467
0.891468
4.21703
-1.89259
-0.535113
-0.0384648
3.50388
-1.20409
0.168305
1.76545
-1.40694
-0.162426
-3.36689
-2.65235
-0.00747513
2.32417
1.11475
-0.599413
-1.4339
1.09069
2.83865
-0.979775
2.93771
0.267792
-0.705035
13.7465
0.394488
1.75662
-30.4147
-0.772622
5.32214
0.176962
-1.43886
-1.43999
9.64804
0.45986
12.0464
-6.51125
1.98073
-0.781419
11.3643
-0.206241
-0.0982949
0.808568
1.20385
1.56821
0.245831
-0.169077
0.426551
0.79553
-0.549175
2.10042
2.65744
0.00115203
-0.893735
-0.488326
-0.970348
-0.424534
-0.641783
0.343672
1.24226
0.845693
-10.128
1.45178
-0.0711279
-0.760969
-0.332377
0.236788
0.303878
-0.0287377
-1.0872
-2.23557
-0.629334
0.399628
-4.16667
0.590169
-2.5028
4.2462
0.206117
-0.128674
16.0151
-0.229042
-0.89024
-0.126832
-1.91291
-0.947114
0.27121
-8.56146
-1.31575
-1.65459
0.779341
1.05449
2.43713
2.09081
0.823131
-17.9493
-2.91125
0.0442686
2.1187
-3.93116
-0.284475
2.90583
-21.2205
-0.595414
0.706585
-1.55091
-0.505312
-0.801916
-4.46531
0.169167
-5.94128
-0.29522
1.14458
-0.814121
-1.19426
0.786001
0.428156
-6.90401
7.58968
-1.45507
-0.672046
0.22732
-2.84132
0.110223
4.25632
0.3676
-1.66859
0.0391469
1.07704
4.18906
-0.294805
-0.127797
0.214057
1.90311
-0.830541
-1.42346
2.06287
2.13759
-0.847599
-0.463365
0.624509
-0.491792
-0.26644
2.84256
-1.74399
2.79117
2.15613
-0.334001
-0.373925
0.803547
-0.50719
-9.2935
-0.804665
-10.2172
3.74024
-2.78809
0.784885
0.520722
-0.180859
6.15674
-215.352
-0.0853912
2.20267
-4.34791
-2.85413
0.210945
0.1712
-0.337471
1.20864
1.55314
-0.422253
1.05994
1.10126
1.69908
-0.191558
-0.504845
-0.670237
-1.1777
1.27523
1.94287
-0.401286
-0.950848
-2.44549
5.84373
-2.48823
-1.09274
0.147019
1.42673
1.79233
-1.34952
-1.51582
-162.48
-0.0354382
6.1372
-2.48545
-36.6119
-1.3716
-0.31199
-0.470429
-0.275636
8.88894
2.64809
0.831762
0.901779
0.811019
-1.58932
0.877646
-1.03128
-5.25396
3.52505
0.423909
-16.6899
-2.6319
2.46632
0.0194344
-1.30536
-2.60569
2.51275
-0.853639
0.891487
-1.09012
-7.39759
-3.55581
3.71326
1.44049
0.0153421
0.0550048
-0.453061
-0.247747
2.27447
-1.27989
-0.426116
-0.655466
0.408833
-0.147209
0.726988
-1.2729
5.64871
-6.33486
-0.771543
-2.1796
-9.77878
0.529568
2.59802
-0.749137
-1.35924
2.57035
0.310597
-1.01749
-0.972956
-0.561043
-0.143391
-5.13925
0.0684417
0.558198
8.23421
0.0888158
-0.436054
0.850865
0.409982
-0.331102
-1.18603
0.849877
-8.88354
-0.235338
1.90628
0.323979
0.21019
-1.56111
-0.0293619
48.0255
-0.164461
1.1684
5.85754
-0.0759094
-1.03529
0.340837
-15.4987
-0.47242
-0.387649
0.0385059
0.93794
0.32541
-0.0680443
0.219564
0.149493
0.0347977
-0.944355
-0.237973
-0.134719
15.988
0.737426
0.739988
0.58539
0.418544
-0.367307
-2.38337
-1.71482
0.615
1.24229
-0.094723
1.50698
13.0677
10.3228
2.59089
0.115158
-0.0955295
2.40195
-0.170484
-1.80171
4.97013
-1050.26
-1.0912
3.31634
-24.7909
0.186344
1.18709
-3.72347
-0.842043
-0.0553902
-0.518757
2.88927
1.3064
-5.03037
7.75568
-0.298993
-2.22773
0.699976
0.55842
0.430584
4.45839
0.716756
4.94593
-1.54734
-1.39226
-0.718694
0.567756
0.294866
6.78661
14.0197
-0.5218
-7.7542
0.988822
-1.37548
-3.53802
1.10022
-12.3108
4.24709
-0.433738
-1.71214
0.524215
-0.0160422
1.2441
-1.67274
-1.59399
1.26925
0.580223
24.183
0.489263
-2.12166
2.42229
-2.88511
0.626199
-0.847427
0.735112
2.01868
1.88503
4.35091
0.795359
5.28489
0.630705
-0.32668
-0.319164
1.99896
0.118713
0.0106828
-0.395735
33.2407
-2.04971
-0.374137
-1.30491
-1.84137
1.29263
-0.0350147
-0.80558
0.41399
-0.0543888
-14.6397
-3.42722
4.42067
0.586123
-0.323828
1.98486
-0.237304
0.251038
1.73143
0.247382
-4.70719
1.28482
30.366
-1.10859
-0.235054
1.28999
-179.515
-1.00604
-7.29404
-0.263965
-0.443974
-1.53259
-0.0923755
-0.758798
0.0406361
0.911608
-11.3682
-3.17948
5.19653
-0.678782
1.77851
6.89698
0.234243
0.156083
-1.79321
-0.788419
-2.70079
-2.0695
-1.20261
-0.433296
0.503816
5.876
1.88187
0.814244
-0.169367
0.75996
-2.51889
2.17335
-1.32542
2.40135
-0.913973
-0.034816
-0.764872
0.82302
5.74341
-2.97307
-0.78813
-0.356169
-0.650188
27.1782
-0.994533
1.2485
3.00849
-0.269802
0.200429
-0.118219
0.171373
-0.316931
-6.42745
-1.84424
-0.468592
0.241732
-2.26181
-357.62
-1.70485
2.9879
0.621268
-13.2248
1.7191
3.4895
-2.09183
0.380214
2.87599
1.02146
-0.246608
1.97013
-1.07961
-2.55639
-0.161727
0.316784
0.215322
-3.29552
0.254512
1.52547
0.0454113
0.82485
-0.256715
-0.533175
0.187019
-5.48536
-1.29743
12.121
0.214516
1.06092
-0.194896
0.378647
-0.272386
0.483963
7.92233
-0.17258
21.7387
0.120925
-1.18358
0.712209
-0.159164
-1.56469
8.21681
-0.089991
6.91108
-0.135635
0.0661994
0.106635
-5.51515
8.93881
0.651709
11.3253
2.0605
-0.43597
18.467
-0.148126
-0.208858
-0.380888
0.0452931
-2.5613
-2.3921
0.0100484
0.997257
0.399475
1.0399
0.0723766
-0.276084
0.370398
2.10658
0.325756
15.8151
-0.799901
0.954848
-0.199751
0.377427
17.503
0.746728
-0.998671
-0.510687
-0.271052
0.542095
-0.353522
0.512669
-0.306236
0.00355916
3.40852
-0.176419
2.3325
-3.03556
-1.31983
0.494854
0.554907
2.12392
0.652257
0.810439
0.900501
2.29765
0.559748
-0.583966
-1.22186
1.98514
0.978975
-1.44153
-1.79697
-0.338949
0.0288652
-0.183137
0.942465
0.337768
5.47964
-0.878704
0.014579
2.09175
-9.32414
512.811
0.587811
-1.37481
0.81926
-1.18121
0.539619
-256.801
1.61385
-1.2786
-1.11286
-6.77889
0.631569
-0.743674
0.952381
7.77281
0.163219
-1.03771
-5.35235
-1.30897
-0.319336
-0.602809
-15.3861
1.26125
8.28715
12.1271
0.0139128
-4.51689
3.13542
-0.0533679
-0.110747
-0.12594
1.29881
-1.42012
-3.25523
0.0189429
0.0764441
1.54746
-0.0464131
0.174169
0.715715
2.6439
-0.856042
0.615352
0.0189485
1.67821
-0.249246
-3.74083
-2.9194
0.0566642
1.08794
0.420471
-0.367733
-0.271242
-1.47446
-4.08254
-0.383109
1.08357
0.63821
-0.210656
0.328355
0.325755
0.803382
0.750701
0.691505
-2.90481
1.29835
6.1389
1.7975
1.71716
-3.44911
-2.55903
4.39952
2.24643
0.851021
4.6722
1.59193
1.43891
-0.238753
1.48828
-0.249434
-0.635981
-0.459593
-0.314716
0.861071
-0.79368
-0.721041
-0.355793
-0.696786
-0.00530285
12.6646
-1.71316
0.923963
0.498968
-0.656724
-2.76715
0.733861
-3.32513
0.39358
0.157687
0.374772
2.30486
0.479307
-0.369544
0.822695
-255.202
10.2671
0.883846
-1.98435
-0.567882
1.96243
1.2848
-1.81056
0.173716
-0.438859
-1.0209
-1.68
39.0389
5.77196
1.10238
-7.5741
0.470932
0.139697
-0.138785
-0.170029
-0.705966
1.9244
-2.04733
-0.394371
0.203743
2.64925
-0.460017
4.4212
-0.430602
-1.83994
-0.456583
-0.895288
0.372954
3.18035
-0.349935
-1.72555
-0.45044
0.329137
13.5523
0.890974
-0.699265
0.34597
-4.35484
54.9741
-0.0493069
-0.199604
3.60981
-11.5038
-1.74527
1.71779
0.0393523
0.45664
0.32364
-85.1048
-0.598467
-2.35019
1.25218
-0.143169
-12.1537
0.864061
21.7889
-0.0927727
3.68091
0.148511
3.68856
1.59021
-0.131672
-0.566592
0.319308
0.770428
0.592363
0.148468
0.0645591
-56.6095
0.670566
-1.38726
0.00924374
-2.39546
-0.195262
-0.671019
1.00385
1.15996
1.58167
0.844668
-4.00686
-0.419227
0.401388
-0.245448
0.342093
0.792513
-0.557359
3.42941
0.0609551
-2.39987
0.242677
-2.36687
-0.8407
-3.09118
-2.21326
-0.0822481
-4.08734
-2.5743
0.637211
7.07099
-2.12151
1.22665
-1.06387
0.793054
-1.57106
0.815079
0.286079
-0.640303
5.00814
0.264899
0.219188
0.668804
-0.730589
1.59786
-0.872347
-2.03059
0.131592
1.03725
-0.721685
1.13097
0.788372
-0.357582
-0.3812
-1.70383
-2.16798
-0.311495
-1.55425
3.0134
-0.661436
-5.56532
-5.97032
-0.251655
0.734424
-0.279551
1.19496
34.5665
2.68022
0.753272
0.0383871
7.54278
-3.65758
1.41941
7.00665
3.57808
-2.99644
-3.60771
0.209832
0.281149
-0.636671
-1.0544
-7.04547
0.258305
3.16788
-0.217223
-1.9515
-0.625188
2.67467
-0.109109
1.98368
-0.0503636
-0.00349615
1.4271
0.648301
2.29364
-1.08075
-0.217154
0.0126027
-3.46391
2.00955
-0.173174
0.926052
-0.67472
14.4047
-2.44305
-7.60362
11.1788
-33.6902
0.198112
8.62883
-0.322392
1.03483
2.49985
-1.24542
0.681165
0.474777
-4.84892
-1.22704
-0.695479
-206.071
-0.515497
0.228123
-1.12116
-0.671737
-0.21916
0.21306
2.02365
-1.31421
1.46659
-2.08216
-7.95256
-1.4719
0.554968
0.57697
0.764583
2.27198
-1.10653
0.172922
-1.18604
-0.114665
0.868154
-2.15589
-3.41081
-0.492899
1.5837
-26.0636
-6.36066
1.31863
-0.015735
0.623577
0.746588
-0.220538
-0.098833
-1.7986
0.614508
-0.00695075
-7.8587
-1.73658
-1.50743
4.72872
-9.05626
63.8209
0.647003
-0.143595
-2.67598
0.120092
2.35407
-0.494606
14.9959
-0.42139
-0.0619722
0.611555
2.26387
0.982083
-1.4528
0.063037
-0.488515
0.853247
-0.346842
-9.4342
-0.502335
-0.0588544
0.694328
-1.54867
1.05775
-0.2347
0.43785
-0.538346
2.10195
-0.107596
-0.227339
2.94106
0.840254
-0.69029
0.411241
-1.88131
0.819739
-2.27245
-26.1686
2.39299
0.379868
1.41104
-1.07861
-0.437845
-0.138094
1.11237
1.65179
0.125558
0.836785
1.57355
4.69922
12.3017
-1.69208
-0.452254
-3.4906
0.745696
-2.37653
-0.592849
2.61981
-0.774926
2.28854
1.48729
0.243497
0.474122
1.56168
0.66992
-4.90632
-0.690965
0.472671
0.157622
8.148
1.34868
0.895976
-0.688394
-1.52787
1.08593
0.334373
-0.0120542
0.905766
-1.12322
1.10311
0.419309
-0.564275
-3.97612
1.49894
-0.417418
-0.559384
-0.568268
-2.20604
1.88192
-1.24042
0.278653
3.62346
-0.2708
-3.74727
3.5489
1.26785
1.57168
-0.290014
-1.38057
-5.41324
-1.04187
0.910033
7.14303
1.74948
132.91
0.0333829
1.04848
15.3745
1.53941
-0.860183
4.42893
1.59517
-1.93175
0.874468
-0.738752
-1.09374
0.958811
-2.23984
1.61114
-0.362053
1.37418
16.3282
-1.64358
1.03221
0.434766
0.408411
0.335435
200.585
0.360172
-62.9024
-0.789223
-0.621756
-0.563526
-1.30362
-0.441384
-1.72141
-0.935979
-1.17585
5.63678
-25.8143
0.52576
-1.08705
-1.92504
-56.5481
0.9795
-3.22662
2.22515
-15.784
2.43163
0.737864
0.775618
-0.821038
-4.66435
-4.16451
-2.36156
0.86523
-0.242224
-0.0721487
-0.148167
-1.6184
30.6035
-9.13475
-1.50608
-0.294403
0.474546
0.892077
1.77215
3.86889
0.215942
0.74586
17.8597
4.09722
-22.5666
-2.23933
0.638281
-0.590926
27.1514
-0.395006
1.44949
1.12348
1.31029
-5.04366
-0.0985015
-7.21316
1.74188
0.380217
0.618099
-0.0712994
-1.25235
0.74167
-9.07438
-3.11568
-2.92013
-0.422422
1.95757
0.707717
3.03602
0.217046
-1.33525
-0.355936
0.830657
0.038932
0.15386
-4.03515
0.792877
-0.691412
7.23169
-4.11224
0.454387
-8.31777
-0.453864
0.634828
-3.53649
0.201511
-0.173825
-3.28497
-0.147455
6.59488
2.85639
0.871249
3.49347
-0.799407
-1.95963
0.148575
0.393972
0.0596446
-0.527525
2.69862
0.789807
-0.153646
-0.428636
1.44015
4.55033
-2.12544
-0.378532
-1.44609
-5.09537
-0.569502
-2.17161
0.60621
-0.703758
8.56086
-0.356647
5.0946
-6.4174
-0.367581
-1.68887
-1.34561
-0.0304428
-0.4187
-0.32361
2.1574
1.91169
3.75232
-7.62193
-2.29334
-0.396901
-3.6521
-3.55853
-0.0645584
0.592722
-0.000645444
0.256537
0.840701
-1.56665
0.25462
-1.15175
-24.1583
0.946383
-0.266154
-1.69042
2.02724
-0.760976
-1.15171
1.34737
-0.445617
1.49636
4.40235
-0.296614
3.1415
0.744199
-1.05776
-0.32652
-0.214981
0.732001
-1.40442
-0.782924
0.568493
1.48397
55.3743
-2.6077
-1.67264
3.00952
-0.900064
1.73614
-2.00847
0.390744
0.540367
-0.690963
0.837581
-1.23172
2.09865
0.871689
-0.968423
-1.84628
-35.134
-0.558135
0.297237
0.759438
0.315214
-1.54984
0.103951
-3.93013
0.174224
-2.38603
-1.4057
-0.468868
-0.163189
-2.42921
-1.68236
1.06919
3.25341
-6.66523
0.486423
-8.99375
-0.818328
1.14195
0.361536
-0.187662
-0.73576
-1.68608
-0.414319
0.638332
1.52656
2.02402
-1.68041
3.92423
-0.37251
-0.582272
-0.45558
-4.25756
-0.60959
1.37651
-0.522955
0.106405
3.09601
0.886043
0.335696
-3.46828
-0.661875
0.246497
0.962916
-1.14053
-21.6133
-0.519949
1.68266
4.83661
1.5096
-0.423167
0.546187
-2.12513
9.56004
-1.74282
0.36903
1.30319
-0.201711
4.09675
-11.7603
-0.634709
-1.79045
-0.218754
-0.210383
0.16541
0.0276492
7.45899
1.06866
-5.83376
-0.394932
24.9599
-0.84067
-0.0779883
0.654041
0.344008
-0.477394
-0.293088
-3.93551
-15.5547
-39.0668
-1.58664
86.6423
-2.30948
-0.83188
-0.294191
-0.422589
-2.28788
-0.162771
-0.514431
-0.342471
-0.582929
-2.33546
-0.132162
2.30842
2.30125
-1.08656
-0.142747
-0.128985
-0.467986
-2.79768
0.61804
14.812
-4.1673
-0.103635
1.12762
2.48192
-0.0978018
-0.873285
0.358504
-1.60275
2.2797
3.79667
3.16855
-19.7411
-0.09179
3.59146
1.21563
-0.810136
-2.96864
0.151373
-0.350129
0.652273
-1.53525
0.0260086
-2.02613
-0.765964
0.677871
-0.19116
138.887
0.526071
0.75882
1.05543
-0.533882
0.369351
-4.11272
-0.687587
-0.118983
0.423926
0.633061
-0.164543
-3.21521
4.84073
-0.334208
-0.261562
1.86525
0.542919
2.00298
-0.867208
-5.74326
-2.9853
-1.84343
0.478649
5.46689
0.913422
1.09824
0.833234
-1.75372
-0.249131
-1.69377
5.63485
-0.748268
1.26279
-0.138523
6.55347
0.62794
-9.42456
0.673404
-0.551384
9.8259
-5.50821
8.07496
-0.885269
5.98259
6.90348
0.97372
-0.342773
2.67894
-2.0084
0.866621
-14.5473
-2.17819
0.768872
1.0626
-0.169139
7.45996
-1.40625
0.390976
0.31299
-0.30152
1.20486
-4.04926
-0.164896
-1.07151
0.935767
0.146864
0.127565
-0.378967
-1.14918
4.08841
-1.87025
1.06291
-4.48276
-0.336702
0.569146
1.70225
-0.336391
0.0455803
0.368251
1.24286
-0.621427
0.590296
-0.416039
-0.112244
0.447045
0.903011
0.0598249
0.531971
-0.119581
-1.3257
-0.29045
0.115609
-2.41997
-0.204515
-2.2773
-1.54727
-0.75773
0.00837451
-1.8311
4.71234
-0.53729
4.24068
-2.09076
-2.17015
1.67127
1.55367
-0.376767
0.872723
-0.910448
-15.1214
-2.17325
0.694483
0.886896
1.79224
5.08634
0.465559
3.49361
3.12095
2.39694
-0.0689468
-0.625634
2.12179
1.41019
8.46011
-1.68312
0.172211
0.188504
-3.68904
0.187785
10.4423
5.51254
3.0468
0.115457
0.915285
-1.27629
-1.07936
-0.167673
-0.061922
1.04722
-0.139967
1.03904
-13.3723
4.39891
1.02256
19.9331
3.7011
-1.3585
0.286689
1.0565
11.0474
-5.4354
-1.11032
-0.574016
-0.160274
2.4522
-5.07805
-1.5544
-0.434559
1.1873
1.21412
-1.52869
1.46599
0.881802
-1.50023
-1.00635
-0.401942
-19.2961
14.9737
0.328144
0.212503
-0.371788
2.02363
-0.598197
0.341648
-3.45993
-1.05287
-0.804013
0.393912
0.265586
1.39492
-1.34855
-0.453482
-6.74633
0.232814
0.225317
1.46641
-0.82232
1.92302
-1.20119
0.562848
0.536437
-0.68566
-0.376612
3.65707
0.989455
1.84034
0.215746
-0.130468
0.247504
0.494159
0.141811
1.54344
0.40239
-25.2959
-0.783274
-0.627371
28.7637
0.194044
1.63611
4.69458
2.56192
-1.58174
0.1981
1.06056
0.533715
-0.100119
-0.455387
1.69997
-1.01348
-0.296639
1.39714
-1.3058
-14.6111
-3.3652
0.511245
-0.149081
-88.4175
0.842933
0.162159
-0.802787
1.02092
1.12201
0.995149
-0.149002
1.18367
59.2219
-21.4338
-0.185194
-0.431354
-0.315939
0.00742145
-2.53688
0.135252
3.37647
-4.95202
7.79157
4.22342
-0.681747
-0.468205
0.327993
-0.355707
0.408566
-0.805218
3.63466
0.157228
1.38013
-0.431758
-24.3546
-4.2983
-0.248252
-3.9242
0.343913
1.12903
-0.270165
0.391189
9.79515
1.27663
-0.248053
7.83988
3.83208
-6.57103
-4.68629
-2.65438
1.00346
-0.716393
0.347944
0.449276
0.469472
0.15289
24.3645
2.46475
0.0400744
-0.473321
-0.387653
-4.17147
1.43624
0.14187
-1.8537
-0.573504
-2.97275
1.37464
-0.873762
0.266317
-5.96566
-0.743088
0.314474
-0.481805
-0.231939
-0.229729
-11.9388
0.30718
-1.11909
-1.53106
0.728316
0.896168
-1.22766
7.46902
-0.0432811
-1.75741
-24.7415
-1.08265
0.613105
-31.998
-0.743376
-2.52525
-1.0134
-5.66165
0.737074
-0.254388
-1.20837
-1.09988
2.39017
0.614737
1.4519
3.2603
-0.148665
0.985689
-1.00598
3.08364
-0.882752
1.69557
-0.229496
4.22994
-0.348082
4.85804
0.173992
2.91533
-0.113128
2.29547
-0.123569
4.38473
44.5537
1.62417
-1.25909
0.276489
-0.247272
-8.79256
0.534201
-0.00662415
0.237219
-30.1176
0.997582
2.92074
-3.23304
-2.29868
-0.00755142
-0.441071
-0.0150126
0.889063
-0.330495
-1.00436
0.481044
1.88701
1.33501
0.501579
5.22351
2.63944
-0.550209
0.254615
-0.0268274
-0.983951
-0.160702
3.06774
0.367577
-5.61621
0.321866
-1.75625
0.677142
-4.7956
0.861676
4.18551
3.60256
9.64671
1.5125
0.964376
-0.230316
-1.96495
0.655394
1.66632
0.0594283
-0.687669
-1.13192
5.56405
1.80926
-2.30423
-0.730284
-0.554736
-0.414354
0.0677518
0.731078
1.7666
0.0563638
0.490668
-0.256315
0.299018
-0.835578
-0.164152
0.661918
-6.02134
-11.9125
0.819946
-1.08188
-0.542842
-2.4655
-0.601643
-3.98462
-1.23147
3.37376
-0.636909
0.020139
0.260433
11.9987
-2.08918
0.0902333
-1.03715
-1.70153
0.192561
-3.81378
0.701215
-0.182865
-0.0687133
1.33055
1.22005
-3.43388
-0.325064
-0.591353
-0.462394
-0.150736
1.67481
2.10042
1.07661
-0.793554
3.4392
-4.88187
-0.134756
7.54514
1.06696
-6.45199
2.05706
-0.147813
-0.471098
-0.0747933
34.8864
-16.1907
0.966042
5.73404
-5.25049
1.10934
-5.89184
-7.53286
-2.18596
0.270855
8.28906
7.19345
3.02713
2.13434
-0.690089
1.19437
-0.270988
-1.72522
0.702537
3.31011
3.5941
-2.34293
1.49681
9.68094
1.01525
-4.28345
0.840691
0.399222
-4.44409
-1.19806
-4.58328
8.26971
1.15689
1.28146
-2.26703
0.187163
-4.74768
-6.39102
-7.32402
-3.14157
8.62922
3.65278
-1.15473
-464.209
1.13114
0.202201
0.569102
-7.58882
3.6698
-2.43901
-0.447544
-3.84872
-0.194119
0.236536
0.0881006
0.0727319
-0.746991
-0.389286
0.361722
0.438796
-0.183183
1.87429
1.05951
0.838229
2.54613
0.47373
1.95857
13.0206
9.39651
-0.234278
-0.683884
-0.00367817
0.634309
-0.242019
-0.243682
0.0945317
-1.21266
-2.90316
-0.61394
-1.80712
-0.246914
-33.9323
-0.792455
0.701382
-1.18881
0.0427827
-0.307015
-1.29994
-2.68143
4.61472
0.800647
-0.14835
0.923125
0.41906
2.92328
-2.28543
9.55707
-1.02122
5.15359
0.0132093
2.43526
49.9102
1.32694
-2.37692
-1.55657
-5.42558
0.0916025
-0.628783
-2.56675
-0.31003
1.08375
-3.38836
-0.450624
0.00188018
1.28912
0.285319
0.759165
0.437163
2.29193
-4.51858
-1.24309
0.408386
1.72988
3.63514
-2.71634
-0.428946
-0.27655
17.1968
-0.315961
-11.9385
-1.49152
-1.27026
-1.73068
-0.687046
-0.526775
-0.666903
0.195879
0.581417
3.2545
1.52304
-1.05854
1.56903
-0.500351
-1.24624
-0.686233
-1.07361
3.77546
-0.800001
0.430348
-0.712483
-0.415263
3.39485
0.132316
-2.44509
-1.13892
0.0548233
-0.111717
-5.61483
0.961209
-1.9876
-0.523131
0.812048
-0.577115
-0.29723
-0.52055
10.7803
2.52575
-1.04842
0.513165
1.12319
-0.216541
-1.17538
1.24245
-15.7244
-0.262273
-3.49453
-3.64873
-1.20002
0.138099
1.67133
1.58139
-0.371548
-4.02958
-0.0313071
0.684618
2.97429
0.458714
-0.844781
-2.00035
5.09075
2.55499
2.48235
-1.3271
1.41651
1.38806
4.60431
-0.299467
-0.0478642
0.035505
-1.34304
-0.316327
0.179874
3.54625
-1.37657
0.535797
0.0290017
1.25671
0.913759
-0.0953837
-0.212917
-20.5523
1.15438
-1.58546
0.0444814
-0.549398
0.466213
1.6797
2.16461
-0.0402091
-81.4104
-0.28978
0.073434
0.161049
-16.6164
-0.393995
-4.08148
0.289345
-0.460335
-0.210614
4.47388
4.87928
-0.766241
-0.535275
2.90648
0.505214
13.0169
-0.972292
-0.961063
0.867786
0.347162
-1.4249
-0.582291
-6.24482
0.409715
0.0216609
-0.176268
-0.247898
-0.362183
2.39591
0.315152
-6.03239
0.967086
0.229117
-140.151
0.383108
0.570183
0.0295931
1.80963
-6.62518
-5.00634
3.26979
6.08701
5.1621
0.168672
-0.462473
1.32158
-3.11406
-1.94825
-0.820219
0.882875
0.18733
0.805088
-6.47207
0.666977
0.343143
3.01733
-2.68937
-0.89392
0.0558094
-38.7301
-0.51751
-0.263277
1.0386
0.752614
2.12398
-0.465036
1.03541
-0.300996
0.870534
2.05987
-0.796715
-4.20655
0.0404601
0.305193
-2.10891
-3.11075
-0.423532
0.826594
-0.0940245
7.50845
0.931551
-0.980998
-0.424817
7.08938
-0.656277
-8.10901
2.67998
0.757952
0.23642
-0.833028
-0.91092
-0.0453291
4.5106
0.911022
10.2138
-1.59702
-3.71029
-0.990492
-0.777035
2.79308
-2.17795
1.17813
1.51832
-0.0170111
-1.17036
-0.254448
0.252206
-0.378757
-0.061826
3.45319
1.29049
3.50968
-2.11564
-0.270001
3.93732
3.26605
-0.165688
-2.96835
0.319267
-2.56599
0.768232
0.638048
-0.670776
-0.213787
-5.91643
-0.163102
0.70945
127.679
-1.5298
-2.40363
0.709816
-0.292385
0.957891
1.9656
0.94339
-15.6637
-0.560489
1.28983
2.84465
1.70625
0.131735
0.145955
-1.09721
0.833956
-0.18136
-0.666775
1.23673
-3.33428
1.0473
0.427928
-0.113941
1.27741
-0.654743
-0.416072
0.804737
0.0989205
-1.21263
1.60599
1.29704
0.0474226
-5.90641
-1.02406
0.439993
4.6174
-0.955806
-13.4264
-6.97596
0.0908266
0.0569192
-0.516311
-0.31946
-0.0583834
-0.162694
-0.773956
-1.12139
0.909653
21.5152
-12.5288
-1.25367
-20.4537
2.55478
-1.97087
4.95348
2.45948
0.46501
0.390155
-0.336135
4.43662
-1.25643
2.46947
-0.643903
1.07179
-0.990892
-0.210139
-0.266905
1.25697
0.300524
-0.49157
3.69303
-0.244341
-0.329574
1.58599
-5.07158
-0.520243
1.41916
-0.0275866
-2.8435
-2.31405
-2.52966
-0.796799
0.600318
0.382927
-0.0182516
-0.357303
-0.521109
-1.47119
-1.73404
0.462843
6.29808
-0.74161
-3.30866
3.75797
1.7311
0.912197
-0.0808523
0.825003
-0.274503
0.650978
-1.51748
-1.52485
-0.695453
0.574131
1.66955
-0.741285
-1.53314
0.217549
-0.533508
0.113392
-12.9364
-4.00662
-10.1361
1.57392
0.704642
-1.41553
-3.63624
-1.80802
-2.97567
6.38235
0.504212
-3.79774
-0.29653
0.0774111
1.25442
-0.976287
0.597327
-0.481047
-0.451551
-2.01849
0.472189
5.34898
0.123639
-3.0772
0.842875
1.24535
3.86938
-1.93283
0.561144
0.78775
10.0208
2.61528
0.255412
1.40614
-0.845014
0.218393
-1.09403
0.489299
-0.370354
-21.6167
0.656395
-0.955524
1.22884
0.779987
-0.281412
-0.79795
-35.2777
0.423828
4.95538
1.13797
8.29835
-0.400272
-3.12785
0.0685997
0.649833
1.05494
0.730457
0.149671
-0.429178
0.401747
0.447636
-1.21503
20.3308
-0.293212
-0.778351
1.4373
0.368275
-25.5316
0.124524
1.21596
0.0629978
3.66252
-3.13791
-14.7212
-4.7173
-0.0937165
0.808456
-0.380748
-1.46286
-25.119
-0.207893
-0.466748
-41.4824
4.17866
-2.39614
-0.42634
1.33249
-0.453253
7.41574
-5.32782
-0.350007
1.97691
0.0562013
1.20942
0.547196
1.757
-2.34159
-0.142878
0.988634
0.7818
0.238284
-0.360602
-3.91527
-0.328369
24.2241
-2.26617
-2.33207
-0.121433
-1.00992
0.503936
0.194274
-2.37665
1.71851
-5.47089
-0.336181
-1.2432
3.27759
-0.751239
0.255696
1.6203
0.230579
-8.30823
-0.653863
-12.4479
-1.59333
-0.622328
2.76387
-0.984274
1.04801
3.82047
0.0962224
1.99583
0.940008
-2.31405
0.271804
-0.848367
-0.0779219
-0.698276
-0.425951
-0.722567
12.5513
0.788549
-1.84641
1.43971
2.76987
96.0502
4.42367
0.349368
-0.498716
0.475436
-2.09204
9.6708
0.209142
-24.0217
-0.304892
-0.426378
-1.06831
-0.020338
-1.36438
-0.272775
-4.35826
31.3686
1.37884
0.0558558
57.3393
2.01303
0.910636
-1.03779
-28.3598
-0.146741
-0.249495
-0.299533
0.200567
-0.431844
4.71247
-0.171849
-0.0968267
-1.30126
-0.636742
-3.29442
2.34149
-28.8704
-11.2226
0.0375463
11.0965
1.23954
-0.531292
-5.48701
-4.09591
-0.353199
-1.7086
0.658772
-36.2319
-6.36277
0.0359401
0.213315
-0.840044
1.51479
-0.0340549
-4.64263
-6.41912
-0.0235153
0.845164
0.395425
0.658215
-0.464357
-0.0634409
5.64421
0.957821
0.903133
-0.285871
0.429919
2.35029
-1.90483
-0.198693
-1.02389
-4.52338
-27.0106
-1.94318
0.0236206
0.187043
-4.58462
-1.80739
-0.202568
-0.517395
0.146779
15.8974
2.41796
-1.51817
1.06884
0.225246
-0.293521
0.379779
-15.3034
-5.55656
-0.442087
-1.22699
0.951117
0.922131
-4.17761
6.64411
-1.30237
0.891903
1.79065
0.78109
11.1477
8.54088
2.08497
-0.439514
-1.21375
-3.4184
-1.02101
0.134265
1.75961
-0.233912
8.78056
-0.470558
1.14034
-1.82092
0.810296
1.31576
-0.354629
-0.986544
-2.19527
0.221954
-0.506691
-3.33327
-7.13913
0.662552
-0.211143
-1.30298
0.0776143
-0.505354
-0.529792
-0.347231
0.548443
6.18769
118.339
0.0982514
-0.738333
0.13769
-0.423822
0.513121
0.773183
0.532725
-0.358216
8.13042
0.24967
-0.307926
-0.737777
0.25227
-3.61324
-86.9607
2.90626
0.465959
0.804508
0.428837
0.698501
0.586275
0.478667
-2.11056
5.72073
-0.575745
0.900944
2.70811
-1.13316
-1.01199
-0.391175
-1.80683
3.63789
-0.293178
-1.16477
5.81023
5.59675
-1.07572
-9.36761
0.758236
0.0374786
0.874014
4.90458
-0.780998
1.17346
4.52202
-0.0846786
-3.22211
-1.1041
3.88232
-3.89441
3.52752
0.423684
1.4584
2.42657
-0.179798
-0.195534
2.25141
-1.40451
-1.27368
-9.26477
0.709649
-0.188339
-0.273636
0.0375439
2.18999
5.39811
-0.0168265
1.89746
2.28744
0.254996
0.137737
-0.326606
0.932426
-0.204573
0.592905
0.758039
-0.0881892
1.00587
-1.01875
-0.0619219
0.685379
0.852306
2.42463
0.446268
-1.12793
-0.741526
1.43035
-0.929339
121.619
-0.729061
2.24496
-0.440449
1.63822
-4.60242
1.28297
0.471864
1.95049
-5.38681
0.764915
3.06961
0.470616
0.0664673
0.328495
1.32782
5.52233
-4.64895
-0.10878
0.62888
-1.83527
1.08427
-0.0232804
-3.75197
2.4812
-17928.7
-18.0041
0.403376
-0.564009
1.96122
0.91128
0.740773
1.60784
0.696112
1.93638
-0.497737
-1.16274
-1.97065
22.7035
-3.58272
0.458738
-0.120457
-0.808671
0.263515
3.42028
-5.28149
2.33525
-4.94731
0.494297
1.93282
-0.924327
25.6958
0.297745
0.780537
-0.388442
-0.290997
-0.00747698
3.7317
0.190604
1.03503
-0.0948019
1.07236
4.16098
0.701596
-1.48118
1.75027
-0.617144
-0.947465
-0.737122
-0.303315
4.24655
16.5815
0.931503
-21.8396
-1.75629
2.23234
-2.82907
0.334275
0.587577
1.57813
-0.699272
0.239353
-0.347077
1.42323
1.75244
-2.77376
0.793252
-2.57274
0.154066
3.44202
0.0303576
-0.22678
1.15165
-1.42724
-0.662057
0.904685
-0.571787
-6.77093
1.34821
0.342082
9.35445
0.451131
2.5269
1.69381
0.935875
-1.23797
-0.964614
-0.045522
-1.57667
-0.117214
-2.28949
0.746926
-0.294915
-0.709172
1.43127
0.333734
-10.5094
0.157094
0.0583562
-28.2426
0.483715
-6.05659
0.0162886
0.251593
2.04452
0.79247
1.97351
0.674782
-1.08592
-0.556949
1.42081
5.10494
0.339633
-0.314666
-3.18457
0.940453
-2.37228
-3.35299
1.22879
0.205885
-22.2478
0.294136
3.92054
1.07482
1.1668
-2.02931
6.56076
-0.887312
-4.91769
-0.0228516
0.965137
4.95167
0.0543312
1.58416
3.04383
-6.86318
-0.179907
2.50971
25.1718
2.51852
1.83545
1.51232
-24.682
1.16289
0.512423
1.06588
1.74624
-0.554482
0.403598
-3.34269
-0.608109
-0.0211876
1.57399
-0.444451
0.724442
-1.14157
1.0641
0.119526
3.63606
-0.221058
9.90046
1.01772
2.08375
0.214626
-1.15747
1.9335
-20.1229
8.87744
-0.229497
-0.203402
-0.607057
-2.80525
-0.479397
5.77214
-0.363511
0.488654
0.0666424
-2185.16
-9.08018
0.368378
-1.93529
-2.29881
-0.431207
-0.21809
79.0351
1.96803
0.717413
-0.676142
-0.0501805
0.0415042
0.0732506
0.870168
41.2049
-0.144673
1.82313
1.10873
0.655784
-3.54412
0.790836
-2.16727
-0.629806
-0.0658235
3.82711
2.92866
0.179739
-0.0713748
0.206729
-0.519266
1.06157
0.0409427
1.54781
-0.0313439
5.97837
-4.13824
5.11213
-33.1062
1.13567
1.1502
2.5302
1.87555
-8.62079
0.0081882
-1.25614
0.0411035
1.40096
2.40466
1.38706
1.53856
0.39133
0.274346
0.0492363
2.34893
0.816777
0.65513
0.648914
1.05158
3.47139
-0.763377
-0.0181812
-0.178602
0.876788
0.230512
-1.68251
-0.501105
2.72229
-2.04943
-0.148315
-2.0913
-0.110834
0.283688
-1.12387
15.2786
-4.82084
1.01383
-10.9313
-3.30585
0.484344
-26.2812
0.716898
-3.9386
1.19062
2.13864
0.26941
-1.10308
-0.509024
-0.229652
0.307126
-2.40311
-4.25494
-3.35962
1.87006
-7.87095
-0.680578
-6.63877
2.23226
0.236239
-1.53895
0.136266
-0.805007
-0.603404
0.0607257
-1.06236
-1.12204
-0.260845
0.18423
-1.20889
-3.05299
-1.25132
-1.46661
-0.326959
-2.60075
-0.326713
0.428857
-0.234561
-2.19039
-1.64991
1.66684
-38.6681
-0.272634
-2.66181
-23.0277
-13.8069
-0.697573
2.3249
3.1706
0.524781
-0.0126696
-5.66088
4.60929
0.276502
-2.59892
-3.89453
0.139254
0.672181
-0.078539
2.80574
2.17166
-1.24276
2.49315
-1.04135
0.59493
0.139584
-8.00024
1.4265
0.932561
1.11219
1.03426
-2.95536
-0.490773
3.35848
3.26227
0.105765
1.52047
0.629387
-0.126119
-9.75757
0.98088
-0.35842
0.760211
2.6459
1.41861
-2.0595
4.82507
-0.422136
10.74
-0.418614
0.697094
-19.3927
-0.675051
0.381614
-1.83077
-0.870207
-0.756561
-1.40322
-2.8928
-2.89386
-2.34707
12.0082
-1.85472
0.699417
-4.43152
-0.0956763
0.398551
3.15327
-0.994971
1.03111
-0.924549
0.750295
0.698002
0.107557
-0.907485
-2.83256
3.80064
-1.47933
-0.862281
-0.954319
-3.57111
0.592608
0.0514855
0.954919
4.97088
-1.7519
0.0786977
-2.33803
-0.0783565
-0.55339
0.191834
0.51373
9.59602
-0.483332
5.05962
-0.344964
1.09577
-0.169951
-9.36391
-0.0592648
-0.550104
6.12438
0.244064
-0.55863
0.12361
-2.28012
-2.48159
7.20419
-0.36533
-1.37225
0.470377
-2.89514
7.56656
2.47386
1.3382
-0.167097
-2.68586
-13.1897
0.115941
-2.6342
3.7251
0.187204
-0.243592
77.3503
0.282805
-0.12055
0.46309
1.55927
-1.19521
0.514106
-2.48504
-0.867944
-1.62632
-2.53696
0.511261
2.44428
17.1378
-1.13463
0.126514
2.38101
0.406284
-1.08787
12.1056
-0.886887
266.68
0.414311
-2.86868
-1.51548
-0.248689
0.0220525
-5.7757
-0.746724
-0.378586
3.19674
1.27223
1.02332
1.3066
-0.822931
-0.677361
-1.06814
-0.775046
0.945791
-2.09802
2.06681
-0.436911
-0.15936
0.776939
2.39592
-0.394662
1.06405
-1.24799
0.296889
-1.56787
-3.76139
-1.14017
-1.87999
4.83829
0.181533
0.583691
0.293148
0.0931088
-0.492517
3.0407
5.64219
-0.0685822
-0.49188
0.690171
1.85661
-5.32658
0.0713429
0.0089351
-1.11989
1.37032
-0.445243
0.397869
0.00497728
-0.767504
0.010199
-6.19208
1.12609
-0.53236
-6.0062
2.63285
9.66756
1.19578
-1.25546
3.6053
3.15967
0.722562
-0.224699
0.56503
-5.04683
3.27441
0.294813
0.62756
1.14429
-0.943688
1.20259
0.271473
0.63905
-0.50574
1.38527
0.388343
-6.01726
0.321871
-0.00140206
0.28486
-12.8078
-0.417598
0.533371
6.10068
-0.817527
0.0498664
10.6314
-1.68453
1.6843
-11.1825
-0.94294
-0.851071
0.795
-0.332411
3.96805
0.0539907
-0.472934
-1.77338
4.14078
0.39344
-5.36612
-0.0686696
-0.0534122
-1.51308
5.00425
-4.4995
25.3789
0.54289
0.738167
5.71857
-0.71187
-0.722252
1.52426
-0.161241
-15.6393
-0.797825
2.14037
-1017.62
-1.87042
-3.58962
-1.64892
0.717461
0.351733
-0.464294
0.378528
-1.14583
-6.5293
1.86892
-2.91038
0.982105
-6.27243
-1.16565
0.585677
-0.00406383
3.15073
-0.822404
-1.25953
1.04567
23.946
-3.00029
-1.37831
-0.612859
-2.15411
-0.726546
1.3715
-7.97338
-1.99745
2.3962
-1.66226
1.64866
1.03554
0.0244167
5.43811
0.176982
0.214481
0.0437216
2.49707
0.58339
-1.66037
-0.998776
1.42056
0.270882
-0.315498
7.89321
0.265375
-0.191259
0.654684
0.116644
10.707
0.615418
-1.76704
-4.67318
-5.06024
-4.69516
9.14232
-0.848862
0.367188
0.766153
0.662254
1.51299
0.188492
0.825364
-1.36095
1.25644
1.45612
-1.50945
0.102284
3.05592
0.295012
-1.41389
12.7899
-0.26723
0.187098
2.67197
-1.44618
1.64163
0.0367538
0.421066
0.868387
-0.109721
0.125577
2.3029
0.679989
-30.6013
9.74709
-2.16647
-12.4007
-8.88136
0.0122818
-0.00427134
-1.42379
0.0922344
-0.233024
-0.245251
0.649203
0.657182
-1.08022
-0.156602
2.4115
0.81162
2.47129
-1.73379
-0.67983
-2.81069
-8.41141
1.43326
2.71485
796.185
0.241559
0.481224
0.366755
1.78054
-1.8384
1.37108
-0.296478
5.38748
-0.592764
-2.91766
-3.71324
3.36308
-3.35452
0.589914
-0.294908
-0.213572
-1.18329
-0.276471
-1.51552
-0.826843
-0.134371
4.35845
-2.46653
-9.58197
-0.865863
0.51552
-0.10164
1.52069
-0.2522
0.573384
2.37967
0.757262
-0.423878
-0.688558
-0.986859
2.68596
1.2185
-1.12052
0.634322
0.896514
3.45866
-0.172889
-0.339627
-0.00571452
-2.45891
1.3099
-0.174273
23.8634
-0.0845697
-0.485332
-0.66615
0.187671
-1.25893
2.03633
-0.87166
2.70019
1.833
8.4617
2.96211
0.751684
-0.954015
-0.0117402
2.86721
-1.16332
1.50289
4.08612
7.42965
0.58902
-4.40417
-0.197696
0.309882
5.29612
0.312952
3.59827
0.322834
0.203147
-0.286511
-0.211657
0.0853367
-4.04864
-0.575507
123.677
-0.783436
1.42318
0.794269
4.95406
-0.354493
-0.711381
3.06862
4.90861
-1.94024
49.5209
1.25612
5.39254
0.200897
-1.624
1.00265
4.31411
-1.66149
2.94723
1.75789
-3.57634
-6.82137
2.61492
32.8265
-0.259997
5.23156
0.857982
-0.441496
-2.47889
-1.69963
-18.0895
-0.887429
6.69613
0.574491
0.823998
55.5704
-5.05961
0.260258
1.46453
0.837063
2.86855
-1.18757
1.42453
1.10874
0.648107
13.5009
0.424074
4.66951
0.055324
-0.312668
-0.618011
1.72046
-2.96776
3.26658
-5.21736
4.05424
0.11976
3.48136
0.754011
0.217051
0.217032
6.25147
-0.332018
-10.9086
2.88103
-2.94517
-1.05012
-5.84195
-0.783046
-8.13432
0.94549
1.39571
-1.26828
0.945479
0.148527
0.72572
0.417183
-0.1418
-3.59376
-0.440632
1.59368
2.10342
7.79063
-2.68778
-1.37169
2.27723
0.172769
7.78172
0.236337
3.56354
-115.474
-0.55916
0.556872
6.97502
9.19496
-0.529162
-1.25366
-0.603814
-1.12843
1.04389
-0.0262343
-18.177
0.0123238
-1.82015
3.95208
-0.00986117
10.6701
0.47233
-4.21666
-4.58072
-0.840096
1.11342
-0.0670549
-0.470154
-1.34174
-2.00502
1.14075
0.359448
0.906451
0.579155
-0.272046
-0.585476
-0.240664
-1.7466
-0.0696247
-2.91842
0.336852
1.22802
2.32172
0.249147
0.361265
0.624134
-17.5623
0.697078
7.9206
-0.166584
3.14093
-114.961
-0.304729
-2.11062
-0.562957
-0.541585
2.12345
1.63767
-6.87333
0.703268
-0.137558
3.70076
-0.605857
4.41708
0.378315
1.52405
-1.05087
-0.904588
0.746695
0.0471124
-1.19702
1.46193
1.8308
33.0498
1.52239
-0.285345
-1.29913
1.03943
-6.69349
1.54321
-1.63685
-0.46328
1.77555
0.781022
-0.0443972
2.22368
4.12526
-2.75289
4.90975
-0.43705
-0.114882
5.02644
-7.60935
0.240383
0.247801
1.55949
-4.33262
-0.318385
-2.53865
-0.186347
-0.434474
0.658883
0.390641
-0.0797985
-0.113046
2.00995
0.248488
2.21197
-0.168814
0.531975
0.144229
1.69609
0.016206
1.13514
-0.169348
5.69024
-1.09757
-1.17206
0.463981
3.58101
-1.8238
-1.37393
1.44134
0.66016
0.0375671
0.376005
1.14166
-0.259856
1.89033
1.8761
0.13324
-1.37737
0.7883
-0.38188
-0.990236
-0.454692
50.7416
-0.505488
-2.56902
1.83855
-2.02222
0.660008
2.42168
0.475973
-0.966473
-0.217013
-8.21784
-5.12741
-37.0807
-5.16032
-1.35189
-9.72218
3.20863
-0.463513
-3.2196
-1.74604
0.576818
3.54818
-0.110216
-0.640035
0.0923674
0.511201
0.109875
-16.4497
-4.679
-0.108315
0.731051
0.0488513
0.337659
1.04027
-0.184402
-7.04092
-0.47253
1.19081
-0.557989
9.49777
-0.0116035
-0.613329
1.54881
-2.95112
-0.238905
0.336059
7.98992
0.600605
-0.490492
-0.278379
-0.321807
-1.21902
-0.329517
0.0089908
1.59604
383.858
0.847016
0.515037
0.572116
-0.141765
0.421452
-0.303654
-6.97114
-0.726024
-0.0833813
1.66806
1.33511
-2.14201
0.140225
0.0780796
-1.25525
0.117716
-11.7567
-0.219371
1.30375
-0.198383
0.496896
-1.6566
0.230564
1.94038
0.583787
0.644468
-1.56307
-133.874
4.70161
0.337144
-0.40005
1.76645
1.44867
-0.547058
-0.219599
-0.873881
-7.91499
-0.596274
-0.185007
-13.0094
-0.769833
1.38441
0.302546
-2.54571
0.9556
1.92155
-1.27762
0.469509
-2.49154
0.334111
-0.88322
-0.106708
-0.159453
-0.794107
0.370896
-0.30902
-0.567276
-0.255011
0.381227
-0.300504
0.116801
-0.297921
-0.109076
3.76469
-1.55243
-28.3201
0.726039
0.147636
3.71861
2.99533
0.858892
1.69866
7.1638
-0.0046699
-0.632565
-17.2557
0.596558
4.31266
-0.728595
-2.62145
-0.854235
-0.0112983
1.35189
1.75175
-6.59797
-1.93933
-1.32232
2.48246
0.333202
-1.00293
-1.50581
-1.04277
-1.43763
8.3381
-0.826519
0.953355
6.10795
0.809932
-0.628091
0.708584
-0.443115
-0.0665768
3.64213
-0.789144
-1.79467
-0.0408313
-0.682138
-2.50586
8.11023
0.993214
-2.48834
-0.237671
-20.4258
0.486822
-8.56464
-0.915309
-0.624885
0.363783
1.39992
-1.17203
-6.8362
6.13032
2.00804
0.534599
-0.176813
-0.547159
-5.08014
-8.36519
0.122267
1.18211
-4.4044
-0.376223
-1.7021
-0.293973
-0.623207
0.904316
-0.585285
-1.34859
-8.79013
-0.86456
-1.80961
-1.87153
2.9519
6.32162
7.25313
-0.430788
-0.0506727
2.05926
0.143665
0.375169
2.6402
0.627171
-0.106807
1.32124
-0.0639691
1.76703
2.81084
0.400228
0.0274242
0.293685
0.905967
-0.0512666
2.55068
-2.10619
-1.45005
7.64093
-0.147946
-0.106777
0.326907
1.46666
-2.13875
5.40999
-0.19464
0.0722024
-1.23924
0.554362
4.50963
-5.47778
5.98312
0.649342
0.0706402
-3.95689
-1.75151
0.331069
-0.118348
0.44496
2.23386
3.74175
-0.396613
-0.599205
-1.28069
-0.098226
0.703935
-4.27233
-0.369077
-0.485705
0.477534
0.293461
1.32646
-0.0230293
0.323801
-1.11524
1.53488
-0.69523
-1.33665
0.383271
0.0863274
-1.32983
-9.32042
1.49557
0.610002
1.9308
-1.4403
2.60433
-0.212118
0.497497
0.661207
0.736291
-0.99248
0.405041
-0.297003
2.00462
0.721825
-1.81627
6.38815
-0.403852
-3.9124
0.388516
1.03015
2.38286
0.218313
2.68176
-10.3548
1.47535
-1.63589
-1.51336
0.51929
1.73897
-1.13722
-0.220112
-0.0253301
-2.10187
2.67056
-0.711638
0.716374
1.57966
1.97987
-2.22978
3.35667
0.160381
1.05675
0.109787
-0.370313
0.48108
-0.327942
-1.58402
2.33611
2.44682
0.737145
-0.23204
0.260677
1.60554
10.696
-0.0725521
5.05139
0.202808
-3.22225
0.207846
-1.02933
0.474389
4.99286
-2.14593
-1.955
1.14206
-0.563027
-1.40028
1.97738
-1.15833
-12.7968
-1.23811
-0.308661
1.01694
-0.853923
-7.44172
-1.61183
-0.0235328
0.557201
0.502491
-4.24421
0.000305583
1.7291
-0.686091
0.568706
-0.335355
1.13833
-0.831258
-59.1828
5.84121
3.71842
-0.499953
0.377264
-0.851904
0.545948
-1.82531
-0.291025
-2.53921
-0.0294575
-10.726
-1.61616
0.449913
0.620764
4.45989
176.444
-2.38334
0.180528
0.3848
1.66169
1.07709
-0.206446
-0.0699233
-0.377316
0.998845
1.44108
0.13633
-0.367579
-0.253679
0.38715
-0.728578
-23.5834
1.0668
-0.399629
-0.940167
-0.52827
3.65391
-1.04436
0.673088
1.03644
-2.08009
-0.562047
-1.59838
26.6109
-1.61682
33.449
11.7719
-4.53636
-3.16041
1.73874
-0.179968
2.29959
-0.660326
0.705531
-0.150042
-3.89537
-0.230886
0.159752
-0.173314
0.000323209
-1.26602
-0.587871
-0.309922
9.37676
0.214895
-0.27566
2.88065
-8.12435
0.697587
-12.5985
-2.0593
0.453833
-1.14937
0.520977
1.17197
-0.338658
2.26465
-0.0836701
-2.59596
6.06286
0.128507
0.15911
-0.247995
-5.45047
1.48943
0.897436
2.16873
0.51027
0.276791
-0.595979
0.996576
-0.806992
-4.21973
0.0603752
-0.13434
1.43704
7.7969
-1.67714
-1.16425
-0.812864
-32.0034
-1.73937
1.60993
2.65308
-1.50695
-1.13038
0.546115
1.67764
0.0721589
-2.19359
-5.03935
-0.986933
-2.1515
1.14803
6.56044
15.5075
-0.580542
-0.251792
-1.92163
-0.377015
0.054952
-0.290277
-6.36086
1.14025
0.444381
0.869566
7.22001
-2.31037
0.314998
2.64898
0.40143
-0.125675
1.1549
0.797971
-0.457447
-0.849906
-1.16731
1.74362
0.0599744
-0.0730757
0.521935
0.602713
0.83674
-3.59398
0.101456
-0.19276
-1.06546
-0.294775
-2.95326
0.575192
0.21111
-1.39287
0.560662
-0.962833
7.06035
-4.29249
1.44069
0.886247
5.45164
-3.27893
0.977634
2.99022
-2.91257
-4.5792
-5.91
-0.793604
-0.388106
1.91927
0.156473
-0.0390479
-0.51127
0.0075966
1.6816
-5.286
-0.767591
0.165343
8.56502
-0.782433
1.49789
-5.38033
-0.324306
0.21214
-0.374375
-0.919416
-0.529695
-6.32016
-0.896421
-0.773934
-1.73593
-1.16506
0.769691
-0.60078
1.52578
-0.236726
1.01746
0.264199
0.667958
-0.00599665
-28.9096
-0.410891
0.182853
-2.13763
0.0823285
-92.3836
-0.362529
2.4158
-0.167423
2.28055
1.39111
0.701611
0.622582
1.34216
-0.54341
0.926265
-1.04185
-2.04935
0.971787
1.73578
0.875411
0.525582
0.629477
2.57023
0.602241
-0.400935
-1.5731
0.299025
-0.92927
-0.00980092
0.981859
0.786294
-4.5959
-1.05235
-0.565548
0.322383
-0.134682
0.117794
1.72801
-5.94658
-0.106819
0.825227
0.792186
-0.766462
0.151204
0.910982
1.12396
0.100357
-1.13583
-0.299718
-2.35782
1.76871
-3.251
0.0263116
0.421427
-5.99221
1.17102
-0.76856
-1.29465
0.429238
-7.50312
-2.30602
0.65476
0.461188
-1.00074
-2.57147
-3.54232
1.86646
2.55628
27.619
-0.203106
2.76369
-0.913747
-5.89696
27.599
0.775247
0.95234
-1.68646
-1.71851
-0.880757
0.460465
-6.20047
-0.0735127
-0.467979
-0.968726
0.506888
0.16114
-1.33618
1.03334
-0.815443
6.45191
0.745359
-64.4708
-0.305532
0.216795
-170.47
1.66086
-0.919445
-2.36944
-1.5398
2.93393
-10.8375
0.565464
0.248014
2.80812
-0.571262
-28.8362
-5.13121
-0.578271
0.524222
-0.792495
1.16365
0.0922422
3.26362
-0.527713
-1.42032
-0.650988
1.13196
-15.7752
0.327752
1.16089
-0.965902
4.9934
2.3234
-0.620706
0.921599
16.1022
0.695195
1.45902
0.391548
-1.10671
2.47711
0.348794
-0.678311
0.18298
6.23444
1.14978
-0.462763
0.0110946
0.146118
4.83215
0.107387
2.03244
0.399417
0.505558
-0.7364
-0.765552
0.104109
0.516484
-0.603247
-3.89925
0.330099
-1.80921
0.992625
0.134442
-0.649209
0.469652
1.02136
1.03976
15.0074
-0.0906078
0.289984
1.07872
-4.71685
0.813984
-0.503828
1.49448
-3.47679
-1.76102
-0.284168
0.516044
-33.4059
2.44621
-0.28077
-2.27586
-2.16863
1.25877
0.463285
-2.26291
-0.914632
0.245641
0.690571
0.424046
-0.219585
-1.13273
-0.0378847
0.644699
-4.13315
0.063259
0.190063
-2.11339
-0.226144
-0.439373
0.764919
0.326149
-1.77099
-0.381778
0.00843658
-1.70434
-1.32543
9.15514
20.4272
-5.04401
-1.69761
-4.12873
-0.585068
-0.723958
0.189663
-2.41401
-0.325004
-0.621591
20.9347
-0.267749
2.05811
1.06098
-0.327081
-0.682201
2.30126
0.957021
1.34048
-0.105484
2.35845
0.373254
0.678296
-6.7895
1.49155
-2.02886
-0.613612
4.38684
0.576274
5.1984
-1.46406
0.290481
-5.68159
-2.99745
0.105601
3.80863
1.55515
-0.061237
0.1935
1.514
0.0843596
-17.3391
-0.591918
0.28619
-9.21534
0.00824407
0.0130131
2.76495
22.4131
-0.148189
-0.911746
0.325743
1.05408
-0.167189
0.677334
0.033829
-0.581228
-0.782337
-1.94365
7.75284
-0.794315
0.904049
-0.642799
-1.78983
5.67579
-0.197961
0.2749
2.7247
-0.810704
-0.142191
1.32885
2.72473
-4.82129
-2.45589
-0.801187
0.460726
-2.78674
1.64005
-22.2583
-1.63958
5.29112
-2.21929
-0.861593
0.51615
0.526271
0.395519
-0.23926
-27.8492
0.954623
12.0837
2.67485
-0.857648
-1.07461
-1.2851
-0.584248
-0.564059
127.792
0.352643
-0.830441
-0.583378
-23.7378
-1.03235
0.690446
0.689555
-3.30366
3.2804
-1.02647
-2.58412
0.594454
0.600173
0.393536
0.969344
-18.9416
-3.2425
-1.5677
-20.3908
-0.419357
-0.696809
1621.69
-0.158276
-16.7245
-1.96285
0.208252
-1.18886
-0.325755
0.238873
6.71329
-1.26682
-0.0117919
0.194068
-0.459611
-3.07052
-0.183443
-1.77206
1.17642
8.15809
0.593349
-27.1041
-66.9407
2.488
0.0827998
5.38154
2.52178
1.05847
-6.71715
-0.0949085
-3.8864
0.550921
0.222166
2.28416
-1.75221
1.26472
0.755233
-0.199102
-0.493506
1.32495
-1.21101
0.191154
0.895309
27.6048
16.9466
0.283785
-0.425363
-1.06673
-2.24585
0.303025
-0.529557
0.0203227
-6.3056
-10.5367
0.916779
-0.777654
0.09444
-0.009221
0.0329647
2.18979
-40.4713
177.632
2.32692
0.619646
-0.797816
-2.87364
0.120048
-0.679022
1.23863
0.437383
9.97489
1.38316
-0.0158183
-0.0293528
2.49701
0.554058
1.93103
-0.430054
-0.548122
-0.344127
0.657945
-1.47041
-4.94695
-0.0960609
-3.24272
0.261606
-1.28782
0.83248
0.477837
-0.881481
-0.667982
-0.0577172
-6.25
1.90011
-0.11107
1.20056
0.0402846
0.0762552
0.784536
0.658191
-0.310297
0.0462879
13.9422
-1.43474
10.4613
-0.0362311
0.632571
-1.96803
4.60217
3.38545
-2.65783
0.0883999
14.1581
-0.0420961
0.817438
-0.188834
-0.300636
-0.16013
-0.0470087
-3.61964
7.05415
17.4333
-2.90127
-1.31564
10.4954
-3.19968
-1.41436
-1.94071
0.706376
-0.883187
0.291145
0.560884
28.5144
0.370887
-0.922805
1.01561
-1.54936
1.37425
-12.4845
-0.393583
88.1965
1.36147
1.11211
-0.293901
3.19337
24.0607
-0.865596
0.148966
0.950956
-0.535792
0.420851
-1.17263
1.11892
-0.129211
-123.107
0.0967338
-1.52369
1.45477
1.57644
0.356879
3.53609
-1.1724
-0.646262
-0.117369
0.108621
7.68341
-4.03329
-0.795808
0.549627
-0.460299
0.357123
-0.831098
1.54116
1.89341
0.682642
-1.47307
0.118621
2.25682
0.0645584
0.562233
-1.50172
0.354442
1.37115
0.268252
0.677634
0.836567
-3.49833
-0.763819
10.1883
-3.25744
0.154407
0.0822552
24.2304
0.511368
2.1177
1.28414
-141.51
0.112762
-1.15926
2.39745
1.87266
-0.578049
1.53871
-0.0022621
0.592221
5.11376
1.16018
-13.3433
0.878648
-0.217068
-0.803269
-0.442449
2.26441
0.29867
1.18877
-1.2226
-1.36927
-2.47925
-1.27642
12.5544
4.8478
-0.0111397
2.52087
-3.60539
-7.76857
2.77124
0.375108
22.6978
0.345602
-1.27361
-0.110187
1.57025
2.71292
-0.0217195
0.293992
-0.788946
-0.194527
-0.59882
1.20318
1.71934
1.15773
0.249798
-0.562272
-2.09083
-20.7982
-1.27157
-2.44781
0.883744
-0.513523
-1.32386
-1.07769
-0.856867
1.44208
1.064
0.91974
7.25712
-1.89468
8.33812
-0.373402
0.224315
1.20934
-0.317815
0.592365
-1.33127
1.68226
-1.97086
0.0250859
1.51091
-0.477266
-1.40846
-2.7682
0.374022
1.46656
3.08225
39.4152
0.18132
-1060.97
-0.503441
-0.485284
1.01029
0.285219
-0.219398
4.38687
-0.818366
-7.4308
-0.4805
1.06578
2.23917
5.93595
-2.20202
-0.479942
-2.08713
-11.2695
14.8876
-0.295941
0.772563
1.18782
0.023293
1.03406
-4.69563
3.97739
0.384258
1.60131
0.622552
1.35449
0.0780684
0.0838287
3.49878
0.120094
-1.10058
3.60949
-0.881399
0.546511
0.428614
1.08423
-1.9739
-0.682786
0.290502
0.393906
1.51233
0.342471
1.44721
1.75484
-4.20683
-0.36515
-2.26928
-0.61931
-1.37221
-9.81961
-0.785929
-0.0130054
1.14654
-0.521812
-0.131374
7.63748
1.62672
-0.201179
2.66324
1.90081
-26.9287
-0.197359
0.465377
-3.03574
-0.454314
1.25109
1.74004
1.49494
-0.634948
0.448745
1.06126
-1.59707
-0.645508
1.98886
-0.353203
-0.176217
0.914472
-1.33632
2.69513
-0.188428
0.249168
2.60666
6.10122
0.469193
0.534703
0.205573
-1.55487
0.00914389
0.390481
7.02202
-0.0956211
-6.23483
27.7339
-0.830131
-0.532077
-1.14311
-0.844433
-0.376756
-0.248256
0.085266
-0.357512
-0.653271
4.73166
1.90415
-0.306017
-2.17842
3.34366
2.76004
0.169074
0.806937
1.12505
0.653938
-0.0559587
4.9503
-7.84575
0.48208
-3.1161
-0.310434
6.36258
-0.0138169
-22.3727
1.29646
-1.02669
7.09573
-1.2569
-1.50672
3.61451
-0.310037
0.433694
42.5916
0.0166314
-0.134211
-1.21964
-0.05296
-0.38389
1.33768
-1.25236
-3.29794
17.938
1.29492
0.0205855
0.231303
-2.49842
-1.84598
0.348508
1.63464
-40.1737
-0.566303
-6.71841
1.77184
-36.0434
1.31847
0.348926
-0.396575
-4.12674
-11.6831
-0.000389596
0.624406
8.33319
12.093
-0.0317118
-1.92268
0.0247782
-0.328179
6.56451
-3.06213
-0.897769
-0.135934
1.3565
1.73329
-0.361089
-0.396138
4.41476
13.7789
0.577436
-1.58819
-8.59612
-4.16015
0.00174749
-1.15593
-1.72317
-0.534334
-1.742
1.24667
1.25897
-0.0197368
3.53086
5.726
2.69518
2.42904
8.1384
-13.2629
-0.668012
1.80665
2.54738
0.145143
-147.978
0.4999
-0.119254
0.948591
-0.0983749
1.10366
0.517774
-2.04696
2.37709
-0.0329021
2.02304
0.316724
1.01312
0.159342
1.15417
-4.84767
0.0548688
-5.62979
-90.6386
7.3504
3.9482
1.60709
0.811012
1.46688
0.500792
-1.08732
-2.15884
22.1859
0.717906
3.84972
3.75124
1.21636
-1.81104
1.04896
3.7062
-1.34207
-0.328084
28.9494
-2.29082
-17.3917
-0.608767
-4.76657
0.0677453
-0.057667
1067.9
0.821921
0.903878
-0.327894
2.53739
-96.1469
0.347173
-0.12595
0.256406
-0.127293
4.38536
1.50314
-0.126045
-1.70593
-0.550664
-6.21651
-2.65377
-0.799187
0.752123
4.63699
0.63785
0.165512
-2.63926
2.23759
-1.84568
0.339567
1.75242
-1.91121
-1.10243
3.17896
7.17151
0.197659
-0.131272
-8.4893
-3.27458
-0.785246
6.11213
0.702525
0.568224
0.592295
-1.30125
-3.20017
2.27413
11.3227
0.105385
2.46024
0.848077
-3.42292
2.24123
-0.253297
-0.0981524
-1.39976
-46.8127
-5.10199
0.0968855
1.29017
0.0299568
1.0956
0.0517771
0.740439
6.41918
-1.21708
0.511677
0.686448
-32.68
3.52342
-4.60026
-0.992539
0.29239
8.59839
1.03061
-2.17835
0.770101
-154.702
1.99678
13.8107
1.29622
-0.491906
0.50294
-6.54191
-1.00152
0.996346
-0.29048
0.0778905
0.212761
0.855514
-0.359482
-0.796861
-0.110606
-0.2021
-0.743132
-2.63104
-0.745028
-0.210629
-47.5604
-1.11407
0.499412
-1.4172
-0.498709
4.77014
-4.54879
0.109005
1.30093
-0.097677
1.34938
-0.267147
0.470733
-2.83019
-1.16437
8.95094
0.735331
-1.62715
7.24573
-3.69271
-17.8559
-1.04442
-1.9646
-4.05517
1.21396
-1.04583
0.577272
-0.0318583
0.000883324
0.371119
-0.334808
-3.35204
-12.8331
-0.869886
0.291899
9.03394
-1.0279
-0.885803
-0.122506
0.0575382
9.57121
-0.900757
-5.44007
1.54455
0.158828
-0.783825
-1.86454
4.21458
-0.00730456
1.22652
0.330881
-0.251286
-0.226967
-0.00291944
-0.0810714
2.6685
-0.60663
10.0153
-4.56011
13.9885
-0.131441
-1.05348
4.35819
-2.6803
-1.54774
0.487694
4.03514
-0.316127
-0.684388
0.349733
-1.26553
0.259094
0.473777
-0.0983496
-5.54944
0.825296
2.38504
1.56205
-46.1375
-3.58208
-2.8552
-1.63662
0.393309
1.20637
3.41053
-3.69268
-0.4004
-0.673198
-0.738309
-0.560274
28.2248
4.35784
-0.576161
-2.3001
60.5922
-0.122944
0.00589947
1.18825
-0.343222
0.050589
0.75007
-1.01698
-2.4981
15.1021
-0.10315
0.391015
0.1731
37.8673
-29.4329
-1.89524
-0.93106
0.218177
-1.49463
0.136233
0.0295677
-2.45809
1.08997
-0.765195
-0.568507
1.93198
-3.23964
-0.464056
0.82646
1.84945
-0.668919
-0.341909
0.122767
0.825661
2.92858
-2.57643
-2.1556
-0.111479
-3.02703
-0.697303
0.64341
-1.6663
-39.6422
1.89119
1.11386
-125.994
-1.82689
1.28181
-0.464828
-0.594681
-1.75351
2.70493
1.14045
-0.0694476
-0.565951
-2.51088
-52.9127
0.102295
0.205613
2.14044
0.414327
1.24504
0.214797
1.17846
0.600729
0.872551
-1.62858
-0.644023
0.305186
2.63726
0.444898
11.0269
-1.20938
-1.21778
-0.286238
0.240376
-1.62326
2.75113
0.343287
1.28457
3.63672
1.41223
1.31575
-2.4309
2.45522
-0.12997
-0.583222
-3.17381
2.51311
4.49556
-0.186795
1.31702
-0.325409
-0.963868
-0.793005
-0.645171
1.04205
-1.99151
-1.20023
12.1643
-0.916802
-0.359037
-2.58378
-0.603513
-0.0822838
1.60241
-1.22544
-0.219293
-2.04179
8.32102
-8.75532
-0.685587
0.0812311
-0.774522
8.58066
-0.0283955
1.26539
3.19977
0.0708311
-0.366532
0.30996
0.412142
0.253397
-1.03597
0.355566
0.736253
-0.21816
-0.0110341
-0.053526
-0.459135
5.05443
-6.45111
-4.44598
-0.316686
16.1527
-1.16479
0.440271
0.351793
-1.77893
14.9505
6.61285
-2.61199
-1.32808
-2.15523
0.813566
11.6838
0.937204
-6.0857
-13.9297
4.02704
0.0228837
2.60384
-1.35687
0.114349
1.59874
-0.243652
0.854862
-0.314879
-0.714732
-23.5933
-1.92861
1.49869
2.90789
-0.233411
0.648577
-3.09244
1.05917
2.48236
2.93611
1.77537
5.68401
-0.200971
-0.541069
5.21896
-1.06311
1.31848
-1.69824
-2.22953
0.868358
0.0335473
-0.902131
0.856366
-0.247902
-0.547067
-6.83508
-0.124728
29.7064
-4.58747
-11.2643
0.0965951
-1.49764
-0.409955
-0.558208
-0.213286
2.7933
0.489825
4.742
-0.812217
-0.482017
-0.159272
0.68433
-17.7541
1.60604
0.743891
0.655944
5.96532
0.155842
-1.32852
-0.796544
4.14733
0.553597
-0.709987
-2.97337
1.01906
-0.429529
-3.68496
-1.69975
-7.53086
-0.488033
2.86151
0.611233
0.0882674
1.53155
20.3151
2.51316
-23.5158
2.82054
-1.32833
0.797329
0.897549
-3.75239
0.315676
-1.40149
1.77476
-0.156694
0.982417
5.37226
0.786645
-1.13439
-0.747785
-0.621176
21.092
-1.14445
1.40801
-0.530401
-2.20501
0.544683
-4.24051
-6.55924
1.66003
0.587282
-0.306729
-1.56636
0.097231
10.4447
0.829032
9.15467
-34.8484
-1.29281
-0.0355368
-0.749094
-0.581265
1.8097
2.03859
-2.49428
1.88208
0.225084
-2.14022
-0.0151267
0.406539
16.2216
0.570864
1.11721
1.91219
-0.318292
0.85323
1.58389
5.16965
0.0176766
1.24589
-11.1963
-0.692958
0.697888
0.655002
-5.90399
-1.1685
-0.338315
0.480966
534.036
2.33713
4.75105
-8.07998
1.35527
1.45225
-2.05334
-0.747186
0.166352
0.331041
0.151071
-1.39498
2.97739
35.4028
3.23812
-0.458406
-0.725
-6.24066
0.368356
-2.71488
2.61006
-3.21779
13.437
6.66809
-0.0731486
-0.633485
0.0403375
-0.279142
-7.44188
1.00912
0.986811
0.0730643
0.121966
0.58892
1.43841
-1.42077
5.82563
-4.24825
0.85105
2.24579
0.126488
0.172858
-2.85833
-0.228253
-2.92801
-1.50258
-0.218336
0.839229
-2.20064
0.965204
0.415345
-0.586592
2.27415
-0.670963
-0.110784
0.505798
-1.79903
-4.45189
0.211747
-0.0960446
-1.90536
-0.415136
1.39315
3.32597
0.416334
0.190405
-0.57831
-6.23296
0.358187
0.198263
-1.68242
23.0493
-1.04628
0.0114903
-0.605675
0.890424
1.86589
-0.639518
0.579834
1.4493
-1.21436
-1.48602
-2.26192
-0.0239366
0.235163
-0.00315651
1.36949
1.82543
1.19456
0.0251418
1.48123
2.9373
-2.771
0.474653
3.62402
-0.837607
0.472484
-0.495431
-4.00285
-1.80663
2.42092
-5.06968
0.746129
0.622865
-0.631947
-12.116
0.370093
-0.560356
-11.8605
1.80686
0.878561
14.5344
-1.3913
0.00816197
-4.47333
10.8039
0.0583463
16.9914
-0.777941
-0.400528
0.633883
0.145124
-6.92042
-0.668315
0.209926
-0.347511
2.17214
0.0867014
-0.00466606
0.388898
3.83515
35.8247
1.46333
-0.729909
-1.12642
0.732216
10.1266
-0.880285
-0.88213
2.11671
1.88333
0.290704
0.496797
-1.65817
0.387382
-43.4546
1.89599
-1.42552
3.06364
0.964649
-13.6898
-19.9807
-0.961043
1.40121
1.48432
1.80637
0.288695
-0.587346
0.207093
-0.706065
17.5481
2.15686
0.144168
0.451059
-1.30099
2.04442
-0.163179
0.830999
0.331825
3.64558
-0.477078
-0.628173
-0.4666
-4.43539
0.876389
-181.4
7.70023
0.085163
-2.41237
-0.829325
2.02604
-11.4342
0.732966
-4.00445
0.11738
2.56646
-1.2425
-0.374732
-73.0508
8.42834
3.89298
-0.84355
-1.39991
0.431967
-0.37654
-1.03967
19.503
0.81837
-0.115575
1.27383
-0.459523
-1.76182
-1.43819
-17.8335
0.326561
0.314179
9.39374
1.5105
0.0147991
-0.86182
-16.8318
0.148817
0.671557
0.292846
-0.0477867
-0.599642
-1.44764
1.1942
0.181938
-0.0826939
0.821747
0.462997
101.197
-0.126788
0.159768
2.60815
0.230973
-0.0677822
0.796372
-2.09272
1.3702
0.234379
-0.476862
-2.22065
1.55077
1.31101
-0.266153
-1.41175
12.1079
-137.532
-0.128691
8.02514
-0.625013
-0.0233424
0.701861
-0.700753
-0.37298
7.1857
-9.39459
-0.580056
0.20187
-0.932924
-0.875333
0.213199
0.830733
2.94546
-0.572399
0.163392
0.415353
1.15871
-0.851769
-0.622582
-1.95676
1.31214
1.74162
-1.17525
1.01437
0.923655
2.94369
0.219247
-1.18121
1.7729
4.07831
-0.612908
-0.0243078
0.174724
0.00832186
0.86956
0.00841139
-0.225076
-0.0721392
-228.292
0.641253
0.453498
0.929689
-1.91596
-1.29691
-2.24111
0.787863
0.156552
-1.23005
1.59513
0.358855
-0.647386
-1.79537
-3.1111
3.70954
-0.348312
-0.873973
2.7276
2.19701
0.616725
-2.39672
-0.0865796
4.9438
-0.0299202
-201.695
0.519799
-0.870162
0.182228
-0.786684
0.187664
0.714284
0.622702
-36.8925
0.486533
-0.00257959
-0.0781093
7.7881
-0.181672
-0.357688
-0.329293
-0.0465636
-4.28516
0.00806368
-0.583216
-0.195681
-0.36257
-0.804465
-0.866892
2.83069
22.0221
-0.753821
1.58043
0.0251424
-0.533843
-0.0802883
-14.4322
-0.558001
-3.40604
4.99628
0.875349
0.578436
-1.40353
1.39815
0.0187203
2.10786
0.6328
-0.143261
-1.43619
-2.09143
-0.392076
-0.741836
0.753224
-6.53813
2.94755
-4.17018
0.5344
0.128454
-1.86968
0.494254
18.7154
-0.76898
-1.5339
-0.54905
1.17225
-1.64032
8.91402
1.99316
0.049507
0.770367
-0.279402
-21.4073
-0.332931
-2.02707
3.09592
-13.3936
-4.26091
-0.362839
0.45679
0.35736
0.282574
0.768293
0.559179
-1.22968
-0.186061
-3.73701
1.98904
-1.32515
3.43361
0.0842223
2.30304
-4.41646
-1.80877
-0.235105
-3.89986
1.59325
1.73296
0.0110544
-0.373859
0.811723
-0.057647
-4.03905
-1.00136
-7.22187
3.97558
0.479008
2.80495
-2.38491
3.94978
0.531623
4.8575
-0.233657
-0.132929
-0.14749
-0.617538
4.21046
0.176321
3.48456
-0.473825
0.295227
-0.161062
2.69149
-0.293774
0.400279
25.86
-0.76588
-0.824274
-0.130214
-1.11669
-0.0770509
2.48395
-0.530302
1.21871
-1.73598
0.0118643
-3.44462
-0.208756
-1.50391
-2.70126
-5.31061
-3.37511
0.00801256
2.04048
-1.10634
-6.82593
0.6236
1.0357
2.87643
5.6224
-0.579233
-1.32371
0.419736
1.41965
0.0731157
-0.211427
0.882792
-0.800336
3.70705
-0.498451
0.481343
0.509984
16.2103
2.10284
21.392
0.414257
0.724683
-0.221914
-0.685158
0.908446
0.0651635
-1.99676
-0.770931
-0.283675
-0.595251
-0.511319
-0.865712
-0.48672
0.275586
1.71805
-0.333945
15.9141
1.49997
0.943822
-0.268622
-0.187709
-0.494138
-1.98082
0.793945
0.985698
-0.171519
4.51719
-0.496477
-0.610917
-0.746472
2.42304
-0.30588
-1.03782
-131.819
-3.40926
0.137453
-0.2014
0.986815
-1.59527
-1.43452
-0.437901
-6.23369
0.162696
0.651563
0.480103
3182.71
-0.115017
-0.384852
4.52061
-0.427348
0.472945
0.147006
0.127274
-0.319379
1.04938
-0.304914
-137.537
-0.707806
6.4627
-0.513496
-1.80359
-0.359293
-1.22776
-1.67903
4.01043
1.18794
-1.10283
0.323397
-5.49675
0.745857
-10.0578
-1.24957
-78.1416
-6.58754
0.15252
0.395241
-0.198942
-1.04844
2.92665
-1.93576
2.48406
-0.734727
-1.24773
0.538695
-0.70862
-0.0751011
1.54019
-1.03207
-1.13059
0.343923
-0.0205438
-1.19013
4.78923
-0.0393686
-4.71748
-0.681145
1.15531
-0.490117
-4.29725
0.334561
0.153493
-20.8439
0.397943
4.72155
1.33315
-6.8122
-0.268104
2.90932
-0.105313
0.9633
-0.847793
-0.0644623
-0.338417
-0.530131
-0.0500318
-0.0378162
-2.79761
-0.294881
-1.01492
0.301629
0.766088
1.35444
-38.1048
-1.89138
0.426218
0.308958
0.946349
0.0816772
-3.02846
0.461163
-0.243364
2.76283
4.2371
-0.87033
-3.23734
0.127411
2.3139
-3.7035
-2.87348
-1.84028
1.08334
-0.0127202
-1.9822
-0.0289269
2.68578
0.379973
1.79785
0.086887
0.175462
-0.696092
5.59387
2.07126
-0.246296
-3.858
1.06629
-0.382306
-0.682585
1.27745
4.44413
-5.76685
0.610682
-0.258158
4.12231
0.841903
0.962479
-2.34445
-1.74269
1.35193
6.16651
-1.46892
0.0155058
-1.35767
0.975256
-1.3429
-0.684232
0.191225
0.309619
2.42039
-0.192955
-0.357665
-0.724588
-0.225179
1.05825
-0.272928
3.69802
0.191048
0.708325
-0.141501
0.312967
-2.1258
-0.300445
1.04638
1.27214
0.598794
-2.27023
-1.15083
-0.616478
1.48491
0.0744585
1.62366
-1.28643
18.2068
-0.674015
-0.899008
-0.306718
-38.2872
2.74212
-2.08365
0.379408
0.942933
-1.25965
0.766172
5.47241
0.155552
0.0365169
3.21321
0.622308
1.66566
1.9826
0.339559
-0.48176
-15.4803
1.26928
-0.0497667
-0.33743
-0.12728
1.55135
-0.19289
1.26606
-0.962652
0.679434
-4.04528
-0.62826
-0.618319
1.17943
3.82298
-0.375803
0.188415
-0.0271713
1.33909
-0.52323
-0.0879586
0.529732
0.783719
-0.834148
0.855111
0.249189
0.0471133
0.936966
0.258051
0.122692
-0.327003
-5.22295
0.951305
6.01785
0.668119
-0.0868454
-1.62911
-0.502617
0.196493
2.62062
-0.00847941
0.247908
-0.218468
0.263551
0.0867023
-6.87474
0.455961
9.76211
0.656958
0.525179
-2.98672
-0.165729
-0.158061
0.70779
1.12731
-0.677281
-1.24086
-0.719141
0.351974
-0.0388419
-0.0331029
-1.24755
9.232
1.28989
-1.77977
-1.45494
2.38043
2.76198
0.341419
0.137533
-0.643988
-3.37191
-13.206
-2.34219
-2.70252
0.376277
-0.820584
0.0609818
1.01289
-3.12671
141.962
-1.06522
2.1959
0.792762
-0.918323
4.96095
0.737723
0.21334
1.19347
-0.421776
0.800393
9.75048
-3.57288
-0.233265
-1.03402
0.511564
-0.0855996
-1.02963
0.431364
1.08657
-1.09413
-0.412369
1.26045
1.76779
-0.131794
-1.01673
-1.05379
-6.52579
0.800191
-2.14377
0.947844
0.0472954
-0.67145
0.745476
-3.27027
0.882185
-3.32842
2.77796
-0.46535
0.828791
-3.38911
0.778927
1.3651
-0.495267
-17.1381
3.80958
0.510226
2.75282
-0.629027
0.331771
1.12795
5.81069
-0.706616
-0.482055
-0.655961
1.78422
0.375327
4.01063
-1.07584
5.86487
7.62655
-6.35248
-0.266245
0.246825
0.713751
-0.462026
-2.8227
0.241213
-12.7606
-1.00199
-1.7334
-2.79143
0.608262
1.03663
-0.929841
0.645625
-0.921654
18.2529
0.355458
-0.593948
16.3754
-0.704793
0.761027
-0.75701
-1.46409
-2.54895
5.2374
-1.18862
0.352551
-0.0455362
0.502859
0.67322
0.0922633
2.31175
-1.28838
1.72901
2.24658
0.803292
1.69839
-0.0810196
-1.09274
-0.342979
3.71497
1.52165
-3.72498
2.01958
-0.688643
0.164505
0.390926
0.763067
-0.169614
1.75963
0.465785
0.305194
-0.123943
-4.7767
34.4995
3.89038
-1.15227
6.21553
-1.03642
-0.649545
4.16037
-0.211482
0.965461
32.6768
1.55474
0.666735
9.16601
4.88697
-0.55651
-0.957779
2.32817
-2.97773
3.61219
-16.3932
-0.1045
-1.95742
1.89172
1.7548
-2.01672
17.5849
0.722008
-1.96963
-0.364938
1.12574
2.94532
8.56323
-5.75737
-0.22581
7.77039
-0.0572127
-0.565458
0.277726
0.81319
0.437139
0.482543
-0.198151
0.0305044
-0.86552
-2.96311
1.4119
0.485644
0.293456
3.78376
1.56497
-0.209435
-0.317237
0.139431
3.05898
0.244565
3.35917
-0.0855456
-0.648575
-1.17265
-0.201096
0.221567
-7.18548
2.55469
0.41202
0.965429
-1.39907
1.78097
0.865243
7.20906
-1.07898
-0.685915
4.10163
3.18027
-0.588625
-0.522304
0.0680377
5.74421
-1.13427
-7.12769
-0.11678
-0.181288
-2.94488
-8.9284
-1.42208
1.26145
-0.0653752
-5.21019
-0.119464
0.671521
0.425512
-1.77377
-0.0650858
-1.53337
-0.539097
-8.43177
5.06407
-1.49007
2.22899
-0.140578
0.501572
1.02325
-3.89307
-0.101839
-2.28953
-0.198698
0.688901
1.48158
0.684538
1.33114
0.809366
0.0398048
4.03143
0.392505
0.326061
-0.822311
2.00887
-1.22005
-0.194356
3.30396
-0.548465
-3.11703
-0.242287
-3.9955
3.60824
-5.58841
2.65886
0.070045
-0.940272
-10.5672
0.0171847
0.829221
0.396067
-0.0976596
0.203958
-1.2336
-8.46275
-2.96447
0.76032
0.38268
-0.927573
0.606869
0.443453
-3.98199
0.50902
-4.22628
-0.295978
2.0487
-0.190141
-2.05589
-0.547053
0.860036
-0.878573
-0.586214
-2.68763
-0.476541
-0.804627
0.677456
0.614847
-10.0693
-5.46769
-2.82005
-19.2514
-1.7883
0.313712
-0.0682402
-0.00700216
0.385563
2.38437
1.64423
1.10626
0.306677
-1.28095
-23.3175
0.275894
-2.15072
-3.16804
0.0951729
-0.210615
1.1918
1.05173
-9.22448
-0.805935
0.369175
-0.909206
-0.962661
-0.122188
1.30412
7.34978
-0.342086
-1.76499
1.56308
0.345482
0.527717
-0.0495459
-2.72562
-80.7658
8.82679
-0.135117
-0.460265
-0.0319317
1.60666
10.1494
0.0135105
2.95774
-1.29287
-0.034202
-0.154875
0.0970916
-0.682686
-0.941466
-0.403275
11.2605
-15.004
1.87793
-0.683152
-1.75008
3.23919
0.119639
-0.966569
1.08616
-1.01616
0.666193
-0.0858474
-0.224213
1.15137
2.04664
0.63867
-0.765312
0.151076
0.163578
0.62874
-0.253436
-5.90598
-0.578983
0.0364558
0.426798
-15.3416
-0.863219
-0.116544
0.642487
-4.08152
-8.37463
-0.915067
2.0338
-1.85214
-1.54986
1.41936
0.336013
-0.315363
2.31912
-9.26481
-0.514685
30.484
-1.60121
152.267
-5.9004
1.02116
-1.78334
0.246799
-1.29964
-0.671317
4.26202
1.06706
2.22377
1.13106
0.474402
1.22673
-3.16893
0.368296
-12.1425
-1.62842
0.332691
2.07733
0.297173
0.285182
-0.119179
2.05557
0.521655
-1.05903
-9.02752
0.119709
-7.62482
-2.14028
-0.343195
-0.363528
2.76966
3.21093
0.284959
15.5738
-0.200244
-0.394001
3.43242
-0.847232
4.99336
-0.790478
0.424755
2.29275
-0.669636
0.85333
0.643314
-0.0218067
-0.144216
0.294414
1.16143
-2.3837
-0.351085
0.814012
0.403008
1.65
1.99165
-1.61874
-0.393774
-4.34715
-31.1474
0.237152
-0.234791
13.8715
2.05511
0.866474
-1.47514
-1.42796
-0.845373
10.7528
0.352373
-0.150532
-0.894993
-0.663619
0.840053
-0.700775
0.492584
0.1971
0.93959
1.84664
-1.70196
3.22456
2.50669
4.23913
-36.7613
0.508508
-0.107181
0.108757
0.287178
-0.555661
-2.55746
0.162435
2.31418
1.10965
1.75085
0.290495
-0.0404091
2.59263
-0.450421
1.2257
-0.320046
0.996714
-1.25702
5.72938
-1.85375
3.84132
1.73994
0.249267
-0.398505
0.98149
1.14723
-0.139439
1.68622
0.695612
1.02204
-1.06183
-1.3479
0.407099
2.41985
1.73101
0.833018
-0.353914
-0.816168
0.18212
2.48023
-16.2022
10.2814
0.404535
-3.81402
-0.209771
-29.0522
398.431
-0.0732737
0.954516
-0.841748
0.220631
-1.68425
-6.86393
-5.03718
-0.625771
1.06035
0.426626
-2.1054
1.94713
-10.2323
1.11134
-3.49755
0.324196
-0.571875
-0.773392
-0.0948188
0.0585038
-3.34825
-0.0201826
-2.77562
-1.31698
-0.576806
0.482972
-0.141132
1.41621
-1.26003
-0.511889
0.558988
-76.6246
-0.0765716
-1.48821
5.61818
0.0129487
2.25172
-2.03534
1.2212
0.81171
-3.98201
-0.237424
-1.16372
0.327467
-2.77902
-2.88757
-0.281036
-4.62088
0.694778
2.17071
-2.43673
-0.80143
-0.0108884
-1.28689
0.240505
0.416791
0.0505946
0.111854
-0.48586
-5.76549
-2.46155
-1.91207
0.419968
1.23482
-1.14024
-1.06179
3.43157
-1.0605
-0.68754
-0.547564
2.68999
-1.47001
-2.59577
0.998218
2.55731
-2.06735
-0.513242
-6.15677
-3.59924
-0.0797155
-0.301832
-2.48004
0.726323
-0.871156
-0.663049
0.802587
-12.4273
-1.10726
2.54204
1.20862
0.0402902
-2.14423
-0.559781
36.1224
-5.71466
-0.128466
-0.190195
-0.270938
8.51011
-12.4719
3.19043
0.883745
-0.0233163
-5.11458
1.31989
-8.52621
0.191163
2.80006
30.9495
-0.489844
-3.71728
2.24383
-0.474134
-0.757496
-0.875415
1.86366
0.00722784
-6.20575
-1.6187
2.3445
3.05183
1.81977
2.01636
5.88779
-0.235402
-0.586181
3.06136
-1.1835
-0.104062
-0.455026
3.48436
-3.26245
-0.338543
-0.86456
0.81058
-0.308413
2.02625
4.14493
0.639579
1.33061
0.555285
16.9257
10.6136
-1.90831
-2.29103
0.132006
-0.743142
-0.0610369
0.0361444
0.365402
0.426632
-0.651188
0.680192
-0.0537644
-3.25994
3.13825
-6.39326
3.94287
13.6707
0.0653385
-0.0571816
-1.69672
-0.0665972
-0.297355
-2.51102
-0.0517197
-0.26275
0.900263
-0.81886
-2.73448
-1.87708
-0.125164
0.668336
0.0464146
0.72759
-18.5096
-2.6753
1.02627
3.19117
0.250074
-0.86104
15.2875
-0.308073
1.47387
-2.85396e-005
1.06396
-4.78958
10.4322
-0.366352
-1.58504
-0.506458
0.429092
0.514969
-0.770523
-3.28924
0.30653
0.447214
9.27479
0.698767
-0.870044
-1.86026
-0.858339
0.0936648
2.23536
-0.916871
1.05779
-0.678086
-0.206575
0.0956279
2.71542
0.381492
9.68258
1.88715
-1.72097
1.81001
4.60768
-0.0614564
0.419031
-0.299399
1.0951
0.582004
4.84181
1.47633
-4.80612
0.687544
-4.58937
-0.103839
-0.216882
0.440155
-1.29581
3.12807
-0.23116
-0.375165
-32.3384
-0.869061
1.03648
0.161966
-6.74136
-0.680314
-1.39198
-0.646424
0.451139
-3.75345
-0.203623
-2.20262
0.536618
0.568613
0.194236
1.74282
-1.64177
5.87158
-3.3437
-0.0372817
-0.537798
-0.7954
-1.15811
0.701763
1.02754
0.306419
0.385746
16.9453
0.805518
-0.0970563
0.503318
28.5037
0.734875
0.403957
0.111443
-0.882989
-1.53346
1.02744
-0.337437
-2.22167
0.365286
1.70243
-11.1669
0.69705
2.43366
0.664389
-6.53042
-0.23314
-36.1487
0.449427
-2.22331
-1.29537
0.312688
0.0780305
-0.586369
0.101226
3.95688
-0.508455
2.79377
4.73204
-0.056999
-0.545825
-0.692801
-4.49606
0.160212
1.87315
-0.832597
2.16366
-1.71884
-1.05355
0.23665
0.287143
1.20037
11.2532
-2.49646
12.153
-1.12318
-0.0705496
-0.768178
1.19171
-3.36934
-1.25229
-3.2374
-0.357005
-2.13289
3.00745
3.07315
-0.344892
-1.85528
0.471198
-0.625692
-3.07436
-0.0372959
-0.958789
-0.0163033
-0.138116
-4.93511
0.275891
-1.03238
-1.93246
-1.19847
-0.388642
-0.590036
-3.23922
-0.919546
-0.0728974
-0.690878
-1.37671
-0.668624
0.284338
-15.1322
3.47541
-0.32598
-0.176968
-1.19363
-118.196
0.322564
0.102091
2.01726
0.0638676
-0.264828
0.426649
0.355818
-1.06276
0.793428
0.557814
0.0926581
5.72644
0.127821
-1.21798
-0.916857
0.541693
-0.492447
-0.912266
-0.0412817
-8.69481
-0.0843556
-1.56849
10.2328
0.0837286
-0.68833
-0.090847
1.59765
2.43653
0.210615
4.38818
-1.52331
16.7965
0.645598
0.620686
2.00738
-0.684306
-0.0844981
-1.37469
-4.01723
-0.684975
-0.698123
-0.2348
-0.272916
2.25866
0.971886
-1.4974
-0.957154
-0.375299
-0.981192
0.011114
0.188902
-0.581131
0.501411
1.51716
-4.18694
1.15903
-3.85971
-1.08286
0.825872
-0.189154
17.547
-0.829715
-0.381629
0.428516
1.10243
-0.497423
-4.65887
-5.27804
0.605146
-0.356677
-0.382421
46.9956
-35.744
-2.36225
1.48753
-0.244612
1.34103
-0.881516
4.2981
0.153484
1.96202
24.3185
0.517585
4.02064
-1.57963
-0.587369
-0.345056
1.56054
0.429231
-1.15882
-23.1631
5.16888
-12.1662
0.601742
-72.3729
2.42637
-0.200709
1.12438
-0.694699
-2.08285
-0.283544
1.67657
-1.1351
0.0375128
2.79796
0.0963355
-3.01744
0.281826
0.407487
-0.182232
0.34283
-3.2387
-2.49395
0.715508
-7.17976
1.22588
-1.64947
65.9632
-1.08997
0.772183
-2.64515
2.61168
-0.0314385
10.135
1.56108
-1.75278
-0.572441
0.441226
1.20344
-0.822492
0.369538
-40.987
-0.845666
1.83051
-0.19966
-6.36237
8.28052
0.659639
-0.00730927
-2.19789
0.544262
-3.00842
-15.5893
0.191217
0.421361
2.90463
0.371168
4.53173
-1.19443
-3.04234
9.17692
-0.499714
0.604403
-4.54772
0.0269099
-0.411111
2.37826
3.17068
2.12973
0.100549
0.170398
-0.470967
0.289132
0.462515
0.109793
-0.342948
-1.3311
3.73918
4.74703
-0.359136
-0.352949
0.308305
-3.51865
-0.912924
11.1131
50.5072
-0.797539
-0.116121
5.64471
-0.582985
-0.377843
-1.27526
-1.04062
0.468133
-0.743111
-1.58965
0.262773
-1.92546
0.359379
5.92011
3.08203
1.70416
-6.31455
-0.627921
-0.0469839
0.625808
39.738
0.960974
0.51815
1.37684
1.52463
-0.544074
-1.83916
1.33901
0.93473
-0.0766605
-4.71329
-1.4058
-101.389
-0.964022
4.62914
-0.125043
2.96428
-1.0344
-0.00232326
-0.761963
-0.632179
-0.0266711
-0.661486
-0.136563
-0.607202
-1.24535
-0.117788
0.890618
153.125
0.975285
0.382693
-0.11074
-0.94176
1.52429
-0.191609
1.22724
-5.2471
-0.107939
-1.76574
-0.627957
0.163277
-3.01517
-1.38845
-0.75003
1.49626
-0.871212
-3.13673
1.45488
-0.772844
-4.05778
0.253259
2.95269
2.313
-20.3757
1.65424
-0.709949
-2.10801
8.80077
4.46343
0.183304
-18.4222
-0.382064
-1.75941
-2.15361
-0.597095
0.134554
5.60135
-0.462653
3.13664
1.0376
-0.218314
-25.6148
2.0979
0.197433
-1.54491
-38.2041
-0.234206
1.04748
-0.292727
2.05544
-0.836652
-0.742228
3.73692
0.0131031
-2.64854
0.236112
5.80594
-0.366952
-0.0504673
0.0615318
3.86097
-0.117167
-1.13986
1.76071
1.29667
0.957074
2.87015
60.6188
0.0837859
-1.97054
1.88289
-0.302949
-0.34188
-0.184386
-4.69728
-1.15351
0.313639
-2.5001
-0.0800204
-0.985617
0.195785
0.159144
0.560273
1.37428
-0.863484
1.10004
-4.37275
-0.224827
0.894601
-3.54014
-0.23485
-1.23956
5.2377
-0.601012
2.96002
0.0646018
-12.3825
-7.34486
-0.0128969
0.858091
-0.997656
-0.796095
-1.6302
1.7882
-0.00836871
0.259534
-0.670661
-1.05116
0.935034
-0.803448
-1.98986
-0.39128
-4.33809
1.5712
-0.461696
0.010487
-0.0263718
-7.12892
-10.5111
-6.21694
3.45685
-0.465333
-1.49066
-4.64333
-1.02611
-1.76805
2.52598
-0.241714
-0.45589
-0.84011
-0.785122
-6.26782
1.43246
-0.801318
30.0075
0.64316
-16.5939
-6.26341
0.561901
-1.67362
0.193967
-5.91799
3.1001
0.689313
-3.29634
0.92341
0.0911446
1.13912
-0.746763
-0.789117
-0.201191
-4.904
0.464016
0.710678
-26.2717
-0.500324
-2.80865
1.17277
-0.847261
1.19728
-11.3834
3.60525
0.915512
0.359293
453.283
0.312558
4.76736
-5.59178
-2.0103
-0.722743
1.81686
1.33098
5.78342
-0.259627
-2.26949
0.346185
-7.53283
-2.01458
0.94068
12.3024
-0.128065
-0.265577
0.0653621
0.327105
-2.47703
-1.20409
-27.1178
-4.6817
-1.49948
-4.59284
0.348933
-0.431913
0.449394
-0.867457
5.77766
0.95685
0.00284851
-74.1384
4.89637
-0.80091
1.69771
0.248328
-0.957562
1.07572
11.6915
-25.0723
-1.34246
-0.540627
-2.76733
19.4819
-3.50333
-1.77967
44.8186
-4.04502
2.98426
-10.95
0.392179
0.596987
-2.96101
1.78635
-2.43932
0.132083
0.602721
-0.832066
-30.7431
0.3873
-0.748381
-0.768371
-3.16079
-0.474423
-0.109365
-2.20378
-0.536306
-2.09507
0.914947
3.7428
-6.40072
-0.836616
0.349437
-0.807265
1.55463
-0.880909
0.559405
8.35709
7.84387
0.0866527
5.3505
-4.64197
-0.734611
3.37288
-1.11642
0.318071
0.401623
1.16242
-0.76459
-1.39956
-1.70897
-1.36328
0.466487
1.69497
-0.294456
0.262728
-0.084958
-1.98415
-0.408913
-0.395862
2.0748
0.0149899
1.21078
3.55107
-0.480542
0.247837
-0.735309
0.446122
1.15394
-4.94204
-0.238662
0.091432
-3.29089
0.507988
0.970161
-2.07353
0.754562
-1.16777
33.3507
2.63379
14.4184
2.09135
-1.2147
0.00864856
-0.192551
0.420771
-0.690336
-12.1796
1.88473
-0.203839
-0.612364
10.766
1.80818
122.847
0.745055
0.119488
-19.5853
0.108032
1.54919
-0.797301
0.9039
-0.951493
-1.17146
-0.836063
0.472743
-1.04127
2.90022
1.95326
0.467455
-0.411757
3.78907
-1.35522
0.0450299
-0.633597
-2.2219
0.367198
7.36634
-0.751892
-0.52773
19.1179
0.522322
0.145725
-2.4552
-0.834133
-1.0291
-2.57904
-0.144171
-0.791382
-2.13803
-2.96495
-1.67109
0.274307
-0.284547
4.56145
-0.104499
-0.597819
-0.314186
-346.126
0.221239
17.1806
-0.888905
-1.1001
-0.27747
-1.32232
-0.049975
0.0200261
1.53897
1.26617
-3.40871
0.808606
-19.0828
-0.459769
0.148323
1.34954
-0.260071
72.6759
-1.95874
-0.377848
-0.0176211
0.470311
0.94548
4.39834
2.04254
1.2702
-19.7198
-1.09524
-21.2551
-0.842049
-3.23443
0.640673
0.0459656
-0.237717
0.939058
-0.755998
-0.703997
0.752324
-0.486878
-6.33471
36.3277
-1.82492
-0.932743
1.01616
1.79616
-1.37972
7.96384
-0.511217
-0.307826
4.10481
0.128739
1.90211
0.576499
-1.3012
3.34951
1.46896
0.0829137
-0.580216
2.55084
1.29911
-0.0242677
36.289
0.271741
-0.687714
46.608
-505.243
0.744603
1.60429
-0.468734
4.02676
17.8461
7.1561
-2.35478
-1.12917
-4.98124
0.177899
0.868587
-0.393964
0.9129
0.0210887
0.0970753
-14.1952
-2.52584
0.476637
0.154285
-1.23643
-0.388224
16.884
1.62292
0.531703
-0.805323
-1.51994
-4.65443
1.16866
0.752948
0.39342
-2.97627
-0.411092
-0.9471
-0.377846
-20.6963
0.362031
0.0947904
0.663513
-10.4268
-32.5515
-0.0703199
-0.987097
-0.875882
0.276753
1.15972
-0.541259
-0.436769
2.07268
1.25571
-1.51142
2.29106
-4.65168
-0.549662
0.471944
0.00912002
-0.830176
-0.474138
-1.19226
-0.434805
0.667903
1.65226
0.258369
-100.669
-1.36765
4.9721
0.0806474
-5.43001
-0.898637
-3.7726
167.319
-1.86255
0.856829
-0.331796
2.5111
0.824387
0.387249
0.0587376
-31.1566
0.498712
-0.614928
-1.8765
5.74637
1.25325
51.9257
0.452014
3.91053
-5.0675
2.64095
-1.71753
2.52702
-0.395284
1.04128
0.431366
-0.624196
0.592144
37.65
0.690146
-0.148257
1.39097
1.01589
0.683787
-0.0173311
28.8643
-6.73672
1.53415
-0.892225
1.01293
-0.984708
-1.60808
-0.895303
-11.7399
-1.46983
-0.821539
-1.15257
-0.642318
2.99934
-0.50037
2.7348
-0.353436
4.31271
0.240373
2.42555
0.646215
0.442909
-19.3323
0.647398
-1.13953
0.472347
0.64902
0.59076
-3.17163
-4.26555
-2.64711
1.17229
-1.12775
-0.160525
0.831652
0.445835
-0.424057
-0.0706269
-1.69996
8.41064
2.86706
0.226362
0.0141632
2.51218
-2.25452
4.22823
-1.63968
0.746868
3.54036
-0.635525
5.90116
0.561269
0.546782
-0.105448
-1.26013
-4.65965
-0.942895
0.0101004
-0.499825
-2.18004
-3.29544
0.34783
4.12989
-0.216797
-0.24039
-0.255329
-0.245139
-0.613656
0.843498
-0.622599
0.478886
0.781244
0.876814
-0.125385
-0.711717
-1.32756
0.37919
-3.53059
-0.0664371
1.06983
2.09433
0.349746
60.3834
-1.52079
0.196406
-0.749917
-2.27254
0.27255
0.0683784
1.43815
-0.795188
-0.127369
-0.439076
2.47777
1.16588
-1.57933
-0.169161
-0.304317
-0.895753
0.0110861
-2.71438
-1.25334
0.441605
-8.65886
-2.32743
-0.657331
-0.825142
2.21304
0.319407
1.46814
-0.194644
-1.03554
0.644059
-0.881081
-7.40346
0.345413
-0.0448855
-1.12982
5.31877
-0.971932
0.862167
-3.318
-11.3744
-1.70171
-7.39424
-24.4609
-0.714031
2.17233
-33.074
-1.3191
-0.0652224
-0.655911
20.0777
33.3446
1.73657
0.565399
3.15488
-1.83902
-0.0413405
-0.0886144
1.68391
-0.0556193
2.24777
0.531081
-0.310489
0.0455648
-1.11864
-0.0968745
0.79471
-0.437581
0.233805
-2.48766
0.429585
2.69575
-0.450295
1.08749
1.40585
-0.175372
1.06502
-1.54486
-15.9966
1.69013
-0.50381
-0.248395
5.42251
-0.634405
0.225913
1.09811
-4.32691
2.98761
-15.6175
2.4243
0.29153
-0.61641
2.27716
0.0694043
0.618552
-0.0861448
9.81552
2.12594
0.067083
-1.85619
1.60767
0.951682
1.3871
0.220318
-1.35193
-39.7826
0.3943
0.038387
16.5198
1.25416
-7.0753
-1.96832
-0.810116
0.81579
-8.43295
-1.439
-5.35315
0.156466
-26.47
6.73063
3.93661
2.02082
1.33415
-4.11759
3.98509
-0.100426
-0.349024
-0.349634
-0.0773096
1.84439
-60.6616
1.65
-4.4205
0.386479
0.577929
-1.26966
1.60284
-0.233373
-0.389855
-3.83616
-0.682981
4.32905
7.80146
-2.53728
0.0473175
-2.51273
0.515604
9.80969
-2.42594
0.891108
4.21273
4.89962
1.96653
-1.06329
-2.74858
-1.70418
-0.192415
2.12013
0.30492
-0.112788
0.441871
1.49032
-0.213538
-1.23222
-0.455331
2.40012
1.19163
-0.433965
-0.781779
-0.476961
0.425122
-3.70048
-6.23165
2.70769
-1.87782
0.587357
-0.0464401
-8.68838
2.19229
1.49358
0.294182
0.499656
-0.814639
-24.7527
0.554607
1.54073
-8.94217
-0.0292781
-0.103113
6.30995
-0.895284
12.2792
0.220387
-0.326812
-0.168819
-4.84553
1.07869
3.06233
1.60768
-3.85676
0.100641
-1.11719
0.323266
0.133614
0.80734
1.7593
0.409749
-2.70919
0.419308
0.10082
-0.40699
-0.0190785
8.88786
0.583532
-0.012223
0.127337
2.07593
-0.189883
4.61806
32.4936
-0.296628
-0.0322029
5.27526
0.0844668
0.319804
-1.64181
-0.44063
7.1658
0.256776
0.166184
-0.0411781
2.64869
-3.2019
0.0245214
10.6642
-1.43814
6.90196
-1.83737
0.283522
-1.2853
5.13286
-27.5399
-0.912599
0.541129
-0.102437
0.41165
1.09753
2.37416
-0.895118
-0.089386
-2.88433
-4.56097
1.00306
0.52264
0.331746
0.565662
-6.96092
-4.79248
0.82079
0.114649
0.640349
-0.122756
-0.822158
-1.70589
-0.695495
-0.0638361
1.42173
-1.11492
1.30752
-2.51722
0.612814
-0.0626837
-0.999864
-1.56739
-9.1949
0.536541
-0.219861
0.630453
0.448935
-0.25734
-2.81176
0.701684
0.851519
0.591494
10.9634
-0.300228
-1.18608
-7.55619
3.33924
0.133602
2.60067
1.95434
-5.42026
-0.187549
4.65358
0.894903
-1.07525
0.208531
0.278926
1.14129
0.779939
-0.0651058
0.702667
-0.517198
-0.0864402
1.20709
0.0253403
-0.955416
1.18909
-3.43712
2.0089
55.753
0.0888384
1.54234
3.09493
0.537964
-16.0523
-0.109105
0.895338
-1.35813
0.320988
-0.796646
0.293711
-1.13654
-1.77168
-0.0859027
-2.14015
-0.0189327
-3.53419
-0.479524
-2.39045
1.83496
0.332051
-1.41097
-1.67541
0.64261
2.11565
5.12383
-1.08192
1.18063
0.521229
0.921436
-2.66924
0.958433
-1.7984
-1.57019
-1.59437
0.455067
-0.707735
1.00402
0.537728
0.169068
1.11353
4.44359
4.33477
0.85613
-0.955181
338.643
-0.606412
0.951536
0.985181
-4.02814
0.17155
-2.13192
-0.0395533
0.725444
-0.21448
1.48114
3.03737
-11.3452
-0.367967
0.183658
-0.00812763
-4.31373
-2.39704
-0.506727
-1.41097
-0.986814
2.90243
-0.390835
-1.45465
-0.484642
0.396271
1.43796
-0.691576
-1.53993
-0.553779
2.27611
-0.947887
-2.96687
1.1898
122.383
0.11424
-0.925208
11.7397
-0.305624
11.059
-0.0650785
0.96131
-0.26455
0.288786
0.326542
0.934864
8.12063
-0.963325
-0.183664
0.206345
-0.142675
0.47058
-0.848215
-0.114651
-2.81333
-0.0536694
-1.59386
0.0301761
-0.023879
-2.98388
-3.02826
-0.0826691
14.027
3.21546
-3.13648
0.407727
-0.0197631
-10.3243
0.489353
-0.295855
0.50429
-0.346422
0.992488
0.615156
-0.35259
-0.689582
0.554227
2.70099
0.66104
-0.173749
0.926178
-0.94939
-0.889324
-0.2925
6.3789
0.245557
1.93078
-1.26261
0.652975
0.14082
-0.356035
1.75673
2.22539
0.88653
0.917766
1.16214
0.41675
2.68903
-0.55138
0.922941
-1.96455
-3.40829
0.858052
-0.166848
-0.270266
-0.873388
0.0571009
1.25726
0.0939736
-0.0168176
1.67254
-0.194149
4.2789
-0.477137
-0.135164
0.146196
0.856956
-0.370059
-2.72436
4.37996
2.05988
-3.90969
1.43915
7.87775
-0.605854
0.289705
-2.48093
-1.61898
-0.995659
0.62767
-2.55714
0.18158
1.42902
0.402454
-1.06773
1.46539
2.32125
-14.1976
-0.380874
-1.1235
-0.709157
2.95512
0.712627
-0.950403
-1.94563
-0.650025
-0.313243
-5.24033
-0.336284
1.17974
6.42745
1.27155
9.4887
-4.71802
-2.82167
0.992866
37.4667
-1.38691
24.6459
-0.64145
0.662081
1.41261
0.693652
0.97463
-1.07366
-1.12024
-0.654008
1.47151
-1.95699
0.14459
0.386664
-0.32985
9.89348
-1.3895
1.36211
2.04305
0.501674
0.287732
-4.84517
-0.365276
8.27733
1.185
-0.145144
1.11058
0.436655
0.690918
-0.853452
-2.86643
0.350025
-1.09695
0.807577
0.111838
0.67148
-0.548431
-2.37293
0.823455
1.02809
-7.16475
-2.12306
-0.926285
0.0367605
-0.248287
-10.6128
0.765656
-0.900489
-0.0767997
-0.655024
4.66129
0.83527
0.107223
1.14719
-0.485144
-0.891611
0.778118
0.0728582
-1.72687
-0.735986
-3.5502
0.647768
0.267695
-0.682249
28.2569
-8.7006
1.51138
-0.818119
-0.424203
21.9843
0.115595
0.982033
50.6494
-3.23129
-1.1718
-0.16196
0.151891
-8.92354
0.733467
-2.67655
3.20053
0.810973
0.0125339
0.781759
0.456115
0.820291
-1.05006
0.185426
1.03493
-0.749081
-0.838093
-0.295637
-0.288371
-3.86768
0.776235
0.774017
15.0537
0.514494
-1.30744
13.5383
-0.275434
3.93651
-1.03977
0.889778
3.41744
0.575425
-0.878203
-0.205121
-0.23891
1.1101
-0.977906
0.801426
-3.61495
0.346916
1.86927
-0.100231
-67.6725
0.617555
-40.7759
-0.363664
-1.13456
0.0858903
0.380804
0.372909
0.0209852
1.69154
1.40036
0.00229967
-0.308822
-2.25347
-2.67962
-1.95541
0.521037
-0.401203
-1.33376
-2.09677
-0.693317
1.46874
-0.339211
0.393496
1.3508
0.328568
-0.641582
2.1247
-0.0895921
0.18768
0.495031
-0.475422
-2.023
-2.25215
0.541796
-0.499297
0.187286
-1.89675
-0.923272
0.131347
0.69271
-0.167493
0.886393
-0.184056
-2.88394
-0.783612
0.441626
-0.601992
1.93598
0.573244
-0.461004
1.74792
-0.320425
0.353314
-12.9484
-1.90711
-6.99237
-4.59517
0.732999
-0.954902
-0.222495
0.933986
0.819943
0.891435
2.68307
0.223638
-0.393078
-2.77233
4.34308
-0.671202
1.89704
-1.50273
-0.196453
-1.48024
-0.652683
2.74685
-3.49821
-0.403035
-2.67153
-0.299631
0.298595
-1.28811
-2.46751
-1.60516
-0.415436
-12.0504
1.85685
1.61101
2.02483
-7.90443
-1.62971
-0.085589
1.12026
1.66306
-0.0342539
-1.37001
-0.00596951
-0.0446251
3.78995
-0.427119
1.77674
0.573686
1.89623
-1.69288
-1.10339
-0.500668
0.0517972
1.77765
0.877889
-1.43425
-0.389804
1.80284
0.0389306
0.636607
0.449588
-0.108252
0.516689
2.11164
-1.83396
1.4355
0.250934
-1.01868
0.650361
0.949471
-3.38041
0.564743
2.68127
-31.525
0.988346
-0.308469
-3.57837
-1.51248
0.433713
2.97846
-0.118369
-1.13039
30.237
-0.707372
-0.121506
-2.51257
-0.349342
-3.57163
-1.28779
-1.83845
-0.197298
0.855338
1.93924
-0.450443
-1.26366
0.0472731
-1.63577
-0.518491
5.43153
0.29977
-1.04567
-0.987387
1.14759
-3.61069
-0.665491
0.157024
3.60477
35.7062
-12.312
-1.00145
3.10976
3.09595
0.394323
-2.80043
4.65902
-0.208028
-0.0515435
0.231654
-1.23215
1.67611
1.58413
-0.0293899
-0.223718
11.6292
-0.0862306
4.374
4.50906
0.0921984
0.586246
-1.1156
49.1426
-1.00244
-0.858227
-0.00625611
-0.485025
0.65748
-1.31217
-1.57108
-3.6673
4.47153
-0.818982
-0.292446
-0.266284
0.707248
-0.498154
1.34827
6.00057
1.60588
0.155712
0.146403
0.550125
10.0875
-0.943114
-10.9015
0.696747
1.53728
-2.49543
1.4861
-0.063582
0.891746
0.0274965
0.0789973
2.79368
-0.459038
1.18636
0.71827
-0.172634
-1.06083
0.15993
-1.36602
-1.09207
-15.7775
0.685239
1.4526
-0.149103
-0.281778
2.92726
1.07499
-0.168327
-0.269788
-0.243196
0.525201
2.26888
-0.122812
1.09141
-5.92091
-0.85282
-0.534412
4.13377
-0.211492
16.9671
-3.56516
0.424624
-0.277234
-0.828424
0.14387
-2.57215
-0.484256
-84.5153
-1.35395
8.00475
-0.454292
3.68198
-0.040419
1.38968
17.0814
-44.3383
-0.985719
1.2592
0.105928
-0.539669
-5.12179
1.98114
-0.634282
-0.213136
-0.0983387
-0.986269
0.0952741
0.648814
5.65774
3.31532
3.03345
0.168336
-3.14522
0.0226208
6.80759
0.486824
-2.65611
18.3974
-3.84601
-2.15172
-0.280488
-0.158789
0.633338
1.23852
-2.34564
0.153115
-4.13737
-0.270051
0.578677
-1.10059
-0.627368
0.100308
0.844198
1.23436
0.252627
0.421295
-2.49584
3.31449
-6.48309
-0.628688
-0.317909
1.04928
8.58846
-0.231892
-0.931533
1.09197
0.428302
0.0971004
-0.0405647
-16.2031
-0.316045
-0.778299
0.973627
0.0733432
-0.606823
-0.825421
0.29498
0.716212
-2.99251
-0.440366
-0.542696
6.55822
-0.913477
-0.621074
2.11066
5.83936
-18.7051
0.296099
7.97393
3.52966
0.842391
1.55248
20.2169
1.10352
-0.395807
-1.09852
-0.412859
8.04996
-0.014437
-1.05836
2.05734
-0.150131
-12.575
-0.701435
0.764852
-0.899635
-1.44801
2.46224
1.73317
-2.95444
-11.5236
-2.31539
-0.802494
-1.3432
0.429593
1.08015
10.4821
0.148763
-0.550874
7.65755
2.03831
1.08593
-0.470917
0.140616
6.91425
-27.0862
0.053583
1.30732
-1.76378
0.0196793
3.33475
-13.2656
0.0882231
-0.572684
-0.390401
11.0923
4.35704
-0.336441
-3.14996
-0.94868
1.27904
1.43912
2.80798
1.11797
0.075515
-0.611996
-1.68267
-0.020955
1.33053
1.09211
-4.0396
-0.371737
1.03393
0.8584
-0.0511544
-4.5322
0.499164
-1.11675
0.830252
-0.275894
1.38908
