0.158539
1.54286
0.623877
0.628393
0.903235
0.421272
2.5286
0.482856
0.879901
1.43875
1.15593
0.68947
0.374179
0.515569
0.958626
0.837198
0.694173
1.91178
1.37095
1.16157
0.583269
1.01125
0.188806
0.612893
0.990651
0.505142
1.36803
0.852539
2.02303
1.4572
0.987745
1.27661
0.315748
0.245777
1.31607
0.76007
0.830221
1.43194
0.217783
0.278207
0.558338
2.42498
1.71396
0.136106
1.73468
1.83517
1.27314
0.238957
1.19877
0.590624
0.731246
1.24384
1.44163
0.620734
0.919958
0.585516
1.17431
3.15842
0.794719
0.997643
0.281831
2.27998
1.40275
0.433143
2.29489
1.2318
4.62396
2.43673
0.548676
0.812294
0.369582
0.395346
1.19369
2.34044
0.616035
1.42032
0.645248
1.26178
0.6934
1.04168
2.88865
0.540213
0.291332
2.17109
1.12192
0.435266
0.41452
1.02888
0.506304
0.990001
0.378654
1.80819
0.963142
1.53453
0.737605
0.28148
2.66649
1.71998
1.68922
0.406422
1.49149
0.733614
0.147321
0.85311
0.402317
1.16798
2.822
0.461288
0.961203
0.663041
0.151546
0.917613
0.832161
1.30452
1.87087
0.260051
1.17306
2.12136
1.9676
2.52924
0.470874
1.25402
0.678182
0.557362
0.158644
1.14296
1.10216
0.963543
1.44292
1.82721
0.169774
1.15215
1.52237
0.341646
0.709102
1.27787
1.73996
1.52401
0.602389
0.465207
0.301772
0.196541
0.738692
0.228491
2.14712
0.503075
0.773923
2.11582
1.15662
0.0337161
0.765166
0.797627
1.05517
0.455268
1.24434
0.178023
1.54174
0.770754
0.487857
0.0799049
0.112604
0.735289
0.644887
1.22535
0.34597
0.674518
1.62144
2.13393
0.774209
0.665127
1.69054
0.87714
1.00616
0.70527
0.889683
1.07156
1.60414
0.176462
1.38772
0.154709
0.576152
0.711524
0.323105
1.40635
1.24021
0.715503
0.190383
0.539267
1.50093
1.19363
0.322141
0.616975
1.41918
0.555387
2.16107
2.17212
0.52103
3.29651
0.817868
0.555176
1.12148
1.52523
0.915986
1.27028
2.56258
1.29107
0.289573
1.35291
0.287042
0.761813
1.08066
1.60603
1.92191
1.81381
1.11457
0.413201
1.21863
0.493763
0.810441
0.784556
1.13652
0.90842
1.43126
1.71257
0.235152
0.281485
1.23286
0.963176
1.09534
0.501248
2.48729
2.26061
2.68678
0.738728
1.10379
0.336831
1.39143
0.768337
0.659995
1.56286
0.368431
0.566964
0.346837
0.524634
0.179717
0.471861
1.11479
0.332823
3.29302
0.829433
0.623157
0.77623
0.363703
1.34042
2.30725
4.38824
0.994101
0.120211
0.597668
1.05401
0.531631
1.35078
0.448836
1.73623
0.197277
0.587018
1.17318
1.63785
0.624392
2.33214
1.37737
0.537459
1.32299
0.174753
0.509533
2.0286
0.857013
0.863372
1.07539
1.81132
1.25153
0.945135
1.5585
2.56533
1.04861
1.00702
1.01255
0.173952
0.778043
0.460691
0.121838
0.827124
0.309911
0.427441
1.03406
0.125714
2.42041
1.26203
1.51977
0.245791
1.95356
0.389117
0.552204
2.03648
0.649214
0.549125
0.0523033
0.0458789
0.287813
0.54786
0.484112
1.62975
1.28483
0.91658
1.38404
1.1695
0.79931
0.370692
2.68094
1.13917
0.539964
1.18784
0.752049
0.424239
0.0972044
1.07064
1.08092
0.278724
0.0485416
1.12909
2.81728
0.624452
2.33053
2.53003
0.536681
2.35889
0.506834
0.240233
1.27546
0.839013
0.255489
0.752724
0.7495
0.833551
1.05562
1.42272
1.14553
0.339614
1.25686
0.29708
1.28687
0.137252
0.380606
1.04751
1.34545
1.73656
3.04406
1.75322
0.223081
1.07143
0.68704
2.07846
0.164789
0.39825
0.489375
0.100107
0.283388
0.596353
0.891971
0.933041
1.37381
0.241984
0.0829222
0.415475
0.761859
0.843582
0.532378
1.2668
1.85238
1.59822
0.247604
0.303469
0.849748
1.03961
0.906869
0.604015
1.0801
2.04815
0.380676
2.03211
0.999029
0.772311
1.45536
0.283773
0.6252
0.366005
1.38238
1.71886
0.955818
0.414292
0.159925
0.474313
0.411748
0.815992
0.561658
0.76151
2.45431
0.686322
0.965705
3.29318
0.318004
0.286738
0.72627
1.21454
0.984004
0.339645
0.385795
1.12923
3.08507
0.151776
1.45836
0.580871
0.848118
0.930887
1.20377
1.69669
0.480717
1.56407
1.53556
0.781973
0.140704
2.4586
0.304754
0.288021
0.677721
0.140533
0.422728
1.72391
0.51908
2.84026
0.815653
2.74698
0.647345
0.652219
1.0658
0.618154
1.03683
0.381015
2.83414
0.465837
1.50665
0.749884
0.626789
0.538363
0.485556
0.30348
0.617194
0.557297
2.98796
0.454811
1.45906
1.99298
1.57465
1.02317
0.26199
0.94751
0.0625832
0.40063
0.61689
0.0693444
0.62959
0.773885
0.805735
0.461418
1.08652
0.178398
0.178468
0.730935
0.270237
0.183357
0.968438
2.01722
0.361373
1.11232
2.00409
0.243457
0.90689
0.99682
0.126914
3.43628
1.84615
1.42439
0.169346
0.988949
3.05369
1.55099
2.29429
1.16508
0.0472473
0.225934
0.712518
2.25953
0.757959
0.550827
2.14283
1.28948
0.318736
2.25715
1.32277
1.72631
1.50213
1.31573
2.22662
0.446955
0.309896
0.564954
0.746135
2.7754
2.10108
0.648098
2.07701
0.209965
0.375161
0.561128
0.325862
1.33055
1.40692
0.417486
1.27317
1.03945
0.688413
0.537324
0.412379
2.06985
0.818421
1.39972
0.832854
1.01462
2.75681
0.344724
0.463313
0.330691
0.856801
1.19957
0.802831
0.420467
2.55416
0.845336
0.515913
1.4102
1.07795
0.678505
0.720678
2.94343
0.083649
0.0761266
2.85171
0.0689699
1.444
1.49922
2.06152
0.559459
1.34931
0.554693
0.46345
0.402422
1.27898
3.27553
0.211362
0.675213
1.84595
0.756166
2.21064
0.188777
0.730041
1.24997
0.442478
1.11461
1.29631
0.337777
2.45999
2.50397
0.683976
1.32857
2.09526
1.55223
1.54052
0.453073
0.153551
0.242271
2.4341
2.10724
0.384515
0.273228
0.995703
0.668705
0.261886
1.64394
2.35048
0.904131
0.853398
0.182692
2.98305
0.713355
0.0200056
1.7371
0.652956
0.609604
0.682606
1.34436
0.367622
0.497552
0.832582
0.493386
0.300195
1.51331
0.226185
0.617924
0.806185
0.654058
1.34023
0.728044
0.58253
2.55526
0.264448
0.99057
0.705884
0.570599
0.657263
0.422317
0.692603
1.95911
1.48297
1.77275
1.27711
1.09539
0.403973
0.663039
1.70016
0.48593
0.452287
0.368207
1.6913
3.08589
0.550095
0.407744
0.966277
1.04277
0.93032
1.46481
0.124139
1.90394
0.766774
0.436758
2.03577
0.239001
0.68127
0.222537
0.241969
3.68726
1.7205
0.605014
0.327056
1.80178
0.67383
0.526128
1.93589
0.702454
1.17646
0.522604
1.01821
0.21956
1.1378
0.559808
1.17721
0.898183
0.363214
1.28259
0.749476
1.75861
2.08261
1.78031
0.715258
0.474967
0.444476
0.724931
0.55475
1.08599
0.984411
0.858486
0.668814
0.267284
1.46761
1.98568
0.657112
1.7042
1.40114
1.3975
1.36584
0.172532
0.710105
2.66617
0.731285
1.51984
0.747824
2.55994
1.72043
0.510601
0.699424
1.59177
1.24177
0.213934
1.0347
0.982244
0.174943
0.503096
0.782141
0.47636
1.31732
0.241142
1.09294
2.16139
0.155347
0.224967
0.286578
0.719876
0.542815
0.539183
0.203892
1.1889
0.752965
1.86442
0.516468
0.548371
3.06031
1.91073
0.488214
0.661333
2.54403
0.992221
1.29761
0.339243
0.867511
0.69905
1.51639
1.98642
0.258861
0.644663
0.162087
0.983557
0.70169
0.29158
1.43246
0.39836
2.19841
2.60559
2.00184
0.268279
1.09251
1.41295
3.19388
0.812868
2.24818
0.175183
0.694107
0.704629
0.407936
0.480639
0.595249
0.781755
0.317787
1.16223
1.24875
0.781939
1.31835
0.808195
0.152256
0.76036
0.599201
0.533627
1.23021
1.07964
0.43524
1.8077
0.111003
0.612689
0.611722
0.966098
1.77397
0.250297
1.8074
0.182915
1.45988
0.626192
0.210324
1.69063
2.68467
0.406045
0.692057
0.341651
0.372441
1.2395
0.707606
1.17894
0.212391
0.786994
0.405644
0.519396
0.931267
1.07585
0.516581
2.24848
1.19633
0.611936
0.829239
0.802404
2.28068
0.905546
2.02468
0.267507
0.351189
0.477919
0.76611
0.106204
1.14494
1.95948
0.385264
0.546941
1.04421
0.365275
0.965797
0.107816
1.52367
0.176475
0.313025
0.107636
0.0341404
0.326517
0.336885
0.940414
0.0332113
1.73812
0.0812513
1.1371
0.236284
0.886294
0.738717
0.65534
0.708603
1.15741
2.48392
0.264348
1.12721
0.602774
0.318035
2.3346
0.290422
0.56594
0.126012
0.635533
0.38583
1.35327
0.680461
0.969929
0.67946
2.23109
0.283633
0.957388
0.577865
0.928361
0.876477
0.423839
0.560951
1.38136
1.03727
0.98548
0.328738
0.793155
0.406865
0.36516
1.14964
0.350421
0.762755
0.479603
0.526091
0.675286
0.698478
0.451876
2.14374
0.456352
1.85179
1.50504
0.779749
0.442673
0.423868
0.111768
4.16237
2.77092
0.589941
0.783099
3.28135
0.518334
1.00481
1.264
0.477087
0.0866602
1.09859
1.46328
1.23433
1.22264
1.36778
2.01282
1.87286
2.02381
0.900244
1.80443
1.24079
0.704988
1.42445
0.291117
1.03067
0.610117
0.793948
1.02922
0.718267
0.117755
0.117998
0.602602
0.936993
0.210887
1.5366
1.09382
0.632309
0.662999
1.23482
0.509428
1.46717
0.35474
0.703697
0.596208
0.205621
0.712154
1.27996
1.17967
0.735677
0.343649
0.958817
4.07874
0.0652715
0.947931
0.531606
1.75448
1.37097
0.443926
0.847816
0.685703
2.21496
0.681438
0.35161
0.426061
0.400319
0.633256
0.806722
0.172286
0.966406
2.07977
0.698731
1.9712
0.770933
0.539754
2.955
1.49492
0.463144
0.0751103
0.223922
0.639273
0.56144
0.809129
0.758707
0.593076
0.280515
1.81224
2.64069
1.76646
1.18809
2.13057
1.38242
1.91585
0.772139
0.868107
0.999092
1.3379
0.419799
1.15896
0.981574
0.610244
1.63464
0.83527
0.711759
0.135502
0.233135
1.11554
1.43798
1.19949
0.610472
2.26534
0.875813
1.74773
0.420674
3.20001
0.884438
0.950199
0.567955
0.197466
0.621312
1.43078
1.6339
2.31
1.9979
0.810899
1.5577
0.26525
2.00942
1.09268
3.32496
1.99263
1.10773
1.6097
2.19202
0.121361
0.399522
0.21648
1.73591
0.586194
0.847902
2.41589
0.744821
0.493037
0.473946
2.46729
0.146407
0.112596
0.258917
0.844957
0.720767
0.589554
2.36185
0.208303
0.599633
3.43269
0.0636281
1.11849
3.18377
1.03819
0.2031
1.17567
0.162714
1.21229
0.562986
0.626148
0.553975
1.15121
1.00387
0.72604
0.330126
1.07818
0.625714
2.1524
0.34946
0.684121
1.47134
0.755021
2.11173
0.84611
2.36315
0.959542
0.661226
2.28875
0.138907
0.975259
2.13519
0.508976
0.26747
0.144558
0.449417
1.65333
1.74843
3.19192
0.361021
0.648897
0.0929633
0.881742
0.219575
0.840662
0.762356
0.329107
1.59468
0.933839
2.48761
0.762069
0.843896
0.569716
3.22434
2.15836
0.316924
0.294803
1.30719
0.781862
0.851329
0.565162
0.40645
0.623104
1.75477
0.716261
0.490834
1.04729
0.38441
2.11904
0.227645
1.06936
0.990323
0.498939
0.265333
1.10367
2.5014
0.961988
0.69672
2.21624
0.228223
0.319052
0.451303
0.323819
2.24842
0.110091
1.29582
0.58491
1.60152
0.698869
0.720145
2.13365
0.372133
0.534578
0.202655
0.296144
1.98697
1.45425
1.52653
0.848313
1.29171
0.278657
0.25729
0.29846
0.805726
0.79889
0.870053
0.174111
0.488983
2.6405
0.383891
0.52949
1.40281
0.713502
0.206238
1.58715
0.364513
0.735471
1.0433
1.34603
1.82832
1.26928
0.73841
0.2506
0.453766
1.03588
1.12952
1.65453
0.419764
0.647638
2.9718
0.514775
1.06715
0.858014
0.313177
1.74063
0.529029
0.153911
0.578578
0.863993
1.25003
0.59935
1.40687
1.78427
0.689484
0.304394
0.269872
0.459221
1.06105
1.02739
0.861592
0.938123
0.42629
0.513253
0.542719
0.821798
0.166145
1.05122
0.946392
0.822831
1.50112
0.46342
0.908706
1.46442
1.30775
0.658797
0.231805
1.37287
2.32331
0.47243
0.239384
0.823901
0.859049
1.47599
0.670178
0.922376
0.848945
1.19997
0.510709
0.98981
3.29128
1.0892
0.207817
0.515168
0.320429
0.46228
0.749069
0.999678
0.573867
0.560593
0.218968
1.10286
0.324752
0.863006
0.205912
1.53913
1.0575
0.634398
1.15692
1.31237
2.70207
1.19022
1.44172
0.831977
0.392509
0.878389
0.291027
0.434176
0.784336
0.915504
1.30924
0.889717
0.240292
0.893976
1.55954
0.378593
2.66197
0.371177
1.51095
0.859528
1.32572
0.947597
1.47044
0.119763
0.371597
2.50821
1.9348
0.883748
0.711515
0.673498
1.58019
1.1363
1.74559
1.86033
1.83863
1.49664
0.204044
0.337547
1.3688
0.976662
0.746978
0.576086
2.33135
0.510419
1.58228
0.521349
1.0825
0.239564
1.40996
1.86345
1.00173
2.05276
0.516338
2.55643
0.78531
0.533978
1.0397
0.936065
1.86008
1.72617
1.71826
0.787618
1.26616
0.91135
1.09965
0.806731
0.206298
0.176249
2.09093
3.11807
3.55101
0.857784
0.814936
1.08994
0.523021
0.568617
1.57728
0.502034
0.318446
0.925181
0.358903
1.70903
0.213198
0.681322
0.237693
0.82973
0.245876
0.775857
0.186134
0.498948
2.01134
1.47445
0.794332
0.905678
1.2708
1.46345
1.76599
0.915217
0.870108
0.467336
0.553137
0.0989866
0.828462
1.35247
1.15639
1.784
1.16632
0.92313
0.396491
0.278743
1.15575
0.827208
0.669901
1.02714
0.360385
0.409274
0.682171
0.412884
3.28771
1.97743
0.997587
0.194603
0.762084
0.238622
0.812117
1.26354
0.138425
1.38851
1.71111
0.44962
1.44004
0.945436
1.17969
0.388116
1.65413
1.10667
1.04976
0.682797
0.356037
1.20095
2.21463
0.830303
0.312518
0.417648
0.662424
1.84551
0.0626402
0.983732
0.577631
0.946511
1.91271
1.48098
0.0586934
1.33265
0.336353
0.772575
1.12238
1.42513
1.18703
0.457163
0.668473
0.290967
1.12253
0.907999
1.38514
1.02515
0.710273
0.986074
1.15682
2.3812
0.354177
1.88021
1.63058
0.809281
0.713913
0.747035
0.56981
4.01879
0.0519028
0.230652
0.376081
0.474338
0.459529
0.563577
0.110572
1.79438
0.13776
0.490564
1.19209
1.08643
1.25546
1.86458
0.69335
0.0482705
0.560995
0.179429
0.730209
0.382385
1.11856
0.552571
2.35271
0.993256
0.430978
2.39679
0.19001
0.812301
0.692804
0.55851
0.358255
0.857393
1.05117
0.664403
0.555563
1.0472
0.191344
0.900429
0.734446
0.821961
0.716535
0.234117
1.41553
0.791684
0.699119
0.184634
0.638285
1.00931
1.6286
1.72444
0.937049
0.160401
0.623314
0.244403
1.18796
1.20814
0.949811
1.39065
1.45062
0.612992
1.03662
0.0463625
1.37379
0.47005
0.481756
1.26733
0.353792
1.88386
0.847021
0.14833
0.948083
1.06376
0.730476
1.90713
1.50044
1.08907
0.389018
1.06362
1.26834
0.53377
0.131142
1.15499
1.43839
1.44128
1.52029
1.10527
0.898529
0.67677
0.456519
0.245762
1.72124
0.36855
1.23869
2.54477
0.983619
0.193074
0.37158
0.814232
0.463925
0.61776
1.41958
1.05028
0.327108
0.644227
0.429321
2.04745
1.83882
0.378219
0.935958
0.875838
0.7147
0.515231
0.647485
0.686865
0.60595
0.9679
1.61962
0.843409
0.205567
0.795342
0.805952
1.88245
1.916
1.05167
0.373008
1.64174
0.72136
0.384623
1.79699
1.97064
1.26675
0.882741
0.564739
0.153068
1.58266
0.77406
0.433421
1.14512
1.11147
0.154495
0.219483
0.984468
2.0251
1.65312
0.723374
0.468569
0.339193
1.69373
0.471658
0.911748
0.892967
0.174508
0.92299
0.770848
3.136
1.5384
1.77096
0.591139
1.71143
1.54922
1.08339
0.194549
0.540081
0.45398
0.172287
3.15401
1.27916
0.594996
0.944588
1.84074
0.722091
0.831006
1.52023
2.17561
0.177971
0.938667
2.00071
0.263564
0.461208
2.21094
1.53722
0.575404
0.798354
0.811558
0.916302
0.502333
1.01807
1.53677
0.802158
0.733362
1.65076
0.0355392
0.363875
2.2369
6.18852
1.65384
0.0361425
1.90886
2.25764
0.786888
1.02437
0.888276
1.59824
0.827
0.0916717
1.96217
0.833505
0.716614
0.970648
1.02075
0.172015
0.649212
2.65324
1.34584
0.689182
0.979545
0.501725
1.27328
1.01296
0.381166
1.0667
0.477148
1.80355
0.350861
0.832409
1.03704
0.853326
1.12673
0.523007
0.437683
1.2798
0.788249
0.210498
0.795444
1.28079
0.0899347
0.928807
0.527933
1.46043
1.88793
0.904658
1.11036
0.643735
2.62243
0.153476
1.5171
1.32765
0.372918
0.142329
0.370826
0.36726
0.807342
2.22807
1.32252
1.15359
1.02708
0.247536
0.389952
0.459838
0.48405
1.59389
0.896955
0.741951
0.518991
1.00089
0.572918
0.755148
0.913954
0.735689
3.00826
1.03676
1.51765
0.630234
2.75874
2.73899
0.408051
0.428921
1.30091
0.91411
0.733201
0.38771
2.10195
1.46807
0.504741
1.23709
0.70445
0.838754
1.17565
0.526612
1.82893
0.223008
0.130834
1.36684
0.675769
0.387067
2.62783
0.376522
0.288015
1.2549
0.512668
0.783483
0.493509
1.35276
0.583649
1.92129
1.28579
0.373468
0.840579
1.12311
0.323873
0.521838
0.445317
1.35566
1.9357
1.2047
0.677145
0.129704
0.930479
1.3075
2.53605
0.597001
0.887871
0.386978
0.180869
1.40576
0.277421
0.226134
0.457327
1.92847
1.40513
1.39688
1.49977
0.992392
0.621708
0.469101
1.90262
1.68727
2.14647
0.688591
1.22211
1.01547
1.42515
0.370169
1.47691
0.585933
0.658743
1.37619
0.43473
0.184134
0.462788
1.85104
0.589947
0.483108
0.4519
0.903896
1.79537
1.21363
0.415637
0.671534
0.697681
0.994251
0.447667
1.09872
0.862965
0.497385
0.844769
1.6285
1.93451
3.22094
0.807879
0.168598
2.03118
0.539251
1.10694
1.22385
0.660975
0.810903
1.09173
0.801853
1.12093
0.50383
0.771454
0.746804
1.36958
0.880092
0.400222
1.87556
0.350863
0.443621
0.95446
0.26256
1.2713
0.989151
0.853423
1.38945
0.854415
0.33169
1.01471
0.850975
0.485408
1.60804
0.215084
1.06362
2.11883
0.761142
1.38633
0.649217
1.75134
1.39384
0.72413
0.849209
0.169135
0.876659
0.65645
0.764775
1.09951
0.470015
0.048953
0.956369
2.06603
0.35498
0.377533
0.401052
0.757838
0.251755
1.90419
0.526815
0.548203
0.563948
0.613834
0.564035
1.40773
1.94334
0.575334
0.263283
1.59435
0.306958
1.27796
0.685009
1.76694
1.23705
1.24519
0.544619
0.683124
1.08533
1.15353
1.00104
0.162454
0.619286
1.26846
1.29372
0.452752
1.33992
1.30202
0.840432
0.667671
0.622483
0.779927
0.815397
0.142993
0.796426
0.523045
0.926805
1.28479
0.744859
0.260479
0.149056
1.58662
0.253862
1.09311
1.24555
1.577
0.185858
0.0915122
1.23843
0.150257
1.15137
0.298679
0.364704
1.2711
1.54231
2.05395
0.898655
1.48098
1.2077
0.278251
1.09793
0.555817
2.13172
0.586055
0.724584
0.616337
0.891896
0.811021
0.491935
2.66357
0.585083
0.902446
0.49054
1.05809
1.116
1.54968
0.595844
0.525535
1.73233
1.06312
2.87938
1.43267
0.68328
0.778756
1.91269
1.03706
0.980473
1.85989
0.351206
0.881146
0.666019
0.792423
0.184532
0.654076
2.08355
1.01108
1.88036
1.00136
0.558034
1.50148
0.348018
0.329032
0.81077
3.2042
0.12093
1.93191
1.03433
0.814639
0.971689
1.78241
0.750588
0.866629
0.837821
2.07226
0.676854
0.432595
0.211267
0.656007
0.461123
0.451256
0.51486
1.33681
1.22026
0.26213
2.07922
1.90656
0.503929
0.178709
0.590817
0.84393
0.381036
0.874312
0.625727
1.85134
1.06731
2.35372
2.2788
0.710217
0.2748
0.429017
1.53876
4.49211
1.06786
0.664282
0.465934
1.39378
1.63322
1.06614
0.658828
1.13568
0.514684
0.844027
1.35796
0.831282
0.603301
0.513245
0.324019
1.53539
0.239815
2.13565
1.11155
1.23729
0.761956
1.03187
1.38014
2.51163
0.879292
1.90521
1.08812
0.506718
1.75006
0.841018
0.322958
0.246962
1.28653
0.700139
0.582067
1.0646
1.38735
1.70566
0.541717
0.47423
0.688819
0.918886
0.925244
0.737716
0.559892
0.454754
0.273846
2.20378
0.222064
1.13173
1.00522
0.715836
0.520411
0.31329
2.33499
0.352818
0.567519
0.705146
0.244918
0.790369
2.26704
2.08188
1.36234
0.0565874
0.621643
1.63932
4.04538
0.0910766
1.00213
0.589353
1.61444
1.87371
0.632848
0.255153
1.05505
3.77442
1.67622
1.87435
0.852181
0.760046
2.27993
1.27524
0.376417
1.38464
0.113109
0.238945
0.361214
0.366629
1.40178
1.84166
2.70898
1.05672
0.512028
2.03779
1.68587
0.198244
0.960079
0.488098
0.589885
0.311228
1.53007
0.16491
1.27616
0.661775
0.802368
0.716283
0.378327
0.839049
1.31822
0.645651
1.91371
0.92738
1.29156
0.445968
0.857833
0.278402
0.868614
1.02688
0.573956
2.40785
1.09743
1.2957
1.31679
0.0884104
1.64567
1.29718
1.31066
0.763326
0.453867
0.962862
0.526397
0.933424
0.917212
1.96941
1.02918
0.194497
0.722017
0.443303
1.66686
0.402076
0.61174
0.739464
0.14263
0.453778
1.79163
0.977834
0.237636
0.152865
1.23615
0.880943
1.34286
1.41014
0.695806
0.236305
0.587792
0.119736
0.629538
0.489203
0.280977
0.321143
1.39985
2.6339
1.40764
1.29723
0.417529
1.04596
0.316992
0.346251
0.290177
0.0442856
1.1831
0.511483
0.618363
0.513879
0.0871246
0.636503
0.609592
1.88804
3.21902
0.614223
0.651185
1.05612
2.60422
1.98806
1.21053
0.453731
1.4192
0.570041
0.557951
0.976894
1.99195
0.102857
2.97591
1.06981
0.777836
0.430468
1.08052
1.7509
0.22002
1.14033
0.621663
0.961394
0.410519
1.73411
0.118549
0.345539
0.5566
0.730673
1.14388
0.250433
2.25465
0.175179
0.726662
0.166573
0.419144
0.964177
1.34229
0.427785
0.960498
1.14909
1.81882
3.44726
1.1675
0.10905
0.248382
1.56107
0.864261
1.49699
0.605488
3.86941
0.797049
0.948934
1.08022
0.886221
0.727232
0.485597
1.00245
1.02364
1.87746
0.745841
0.287365
2.04134
1.26786
0.975019
0.470657
0.524566
1.16194
1.14831
0.194874
1.45806
0.0948367
1.96181
2.4325
1.17714
2.44191
1.65651
1.46099
1.81332
1.06607
0.350789
2.00543
0.670881
0.273261
0.332225
0.71131
0.145525
1.30203
0.893965
2.67287
1.6017
1.43127
0.483857
0.90474
0.897381
1.03321
1.05986
1.99512
0.733106
0.11607
0.632652
1.74454
0.811638
0.35751
0.936446
0.882784
1.79623
0.932445
2.97987
2.09593
0.755059
1.5989
0.703361
0.655995
0.833106
2.13294
0.413837
1.14632
0.209182
2.85313
0.649414
0.717943
0.328909
0.609852
1.49517
0.584485
0.192978
1.19266
2.2229
0.995954
1.42216
0.937549
0.849068
3.5022
1.76734
0.89939
2.06858
2.68765
1.22618
1.07664
1.35792
0.107304
0.204783
1.38264
2.5707
1.87491
0.391716
1.03057
0.719913
1.9538
0.457886
1.24617
0.619085
0.471266
1.25324
1.21737
0.319425
2.79303
1.16591
0.114826
0.35485
0.444755
0.871219
0.0994856
0.890691
3.07343
0.786397
1.02478
0.550973
1.83186
0.593778
0.0776392
0.432311
2.41743
0.0703308
0.579363
1.15356
0.152885
0.727865
2.84239
1.75238
1.1119
0.669433
0.280124
0.308438
1.04532
0.968016
1.45728
0.171539
0.917714
2.06052
0.229869
0.876111
0.475407
4.74147
1.17845
1.9294
0.487409
0.374149
1.12737
0.759574
0.352247
1.23547
2.43685
0.581649
1.57166
1.44389
0.236668
0.307331
0.155999
1.52154
0.427296
1.67767
1.6466
1.40092
1.165
1.50603
2.43431
1.31017
3.01412
1.07801
1.52828
3.09761
0.269162
0.715956
1.51666
1.48498
2.17848
0.575134
1.53959
0.597188
0.512475
0.71914
1.52373
1.63578
0.915001
0.97782
0.313118
0.337273
1.90638
1.34801
0.780351
1.68154
1.0809
0.792674
2.00145
2.43998
0.757019
1.89855
0.98712
0.516577
0.204004
0.514444
0.726019
2.33079
1.88193
1.47876
1.68621
0.368347
1.37723
0.738848
1.5051
0.719827
0.460763
0.183888
2.61911
1.59649
2.2755
0.789237
1.14109
0.967317
1.50834
0.327785
0.282799
0.325359
0.343944
1.01139
1.02855
0.406822
2.00514
0.731019
1.59474
1.35443
0.720298
1.81237
0.7221
1.01257
0.207695
1.09411
2.58012
0.566004
0.103405
0.507933
0.205115
1.25192
0.661589
1.66014
1.1174
1.32761
0.990441
0.163325
0.954073
0.568593
1.34704
1.59372
2.34481
0.295133
0.963116
1.87946
0.688957
2.56609
1.02793
1.3219
2.5288
0.132821
0.945905
0.802521
1.43584
0.924157
1.83754
1.81475
0.464571
1.6426
0.279256
2.2705
0.91372
0.785877
1.87625
0.750596
0.199003
1.75148
1.71661
0.300037
0.343941
0.862886
2.16769
0.680885
0.109278
0.938238
1.12789
0.804999
1.19424
0.466007
1.14607
1.10232
0.391034
0.64967
0.337421
0.45623
0.705927
0.687485
1.68006
1.38504
0.0514414
0.743989
0.676837
0.546054
2.16091
0.366339
0.647351
1.75809
0.848917
0.779662
0.118608
1.65705
0.955069
0.573804
1.60102
0.154581
0.127557
0.381425
0.24385
0.134885
1.07152
0.530899
0.468796
1.60372
0.919825
0.361165
0.337676
0.821746
0.983481
0.658716
0.855226
0.273521
0.265425
1.63132
0.807308
0.665869
0.242343
0.783799
1.23838
1.33294
0.79535
0.484168
0.552443
1.80159
0.784978
1.6096
0.64066
1.01214
0.52454
1.44131
0.576395
1.55381
0.288879
1.24502
0.401596
1.42755
0.730414
0.489134
2.99048
0.421379
1.97623
0.196926
1.51811
2.64688
0.831478
0.235772
0.195235
1.45355
0.541679
1.40966
0.808529
1.39415
0.674303
2.5551
1.36558
1.23765
0.552802
0.242175
1.04093
0.935867
0.119218
1.5853
3.25212
0.348644
1.29616
0.460665
1.12859
0.387625
0.867385
1.17268
1.00857
1.17962
0.537841
1.21573
1.45298
0.550017
1.65856
0.365739
0.41084
0.19477
0.776862
0.602349
0.553815
0.467443
1.13597
0.294224
2.73552
0.550877
0.699355
0.377587
0.555369
1.24813
0.583858
0.546538
0.520224
0.335546
1.9343
0.762187
1.62994
0.493598
0.514264
0.388301
1.08403
0.691214
1.24186
0.692258
0.592533
0.380805
0.749432
0.385696
0.913777
2.01368
0.123651
1.84277
2.44702
0.337047
1.83424
0.766992
0.997022
1.42096
1.04626
1.34821
0.555153
1.73403
0.771224
0.632618
1.14064
0.904532
0.786652
0.766265
1.04368
0.274699
0.183928
0.50516
1.68311
0.775256
0.750851
1.45764
0.627497
1.01769
1.04804
0.96611
0.927678
0.159386
0.907519
1.17481
1.51683
0.192006
0.918575
0.6684
0.506422
1.10172
0.933504
3.41188
0.830139
0.723685
1.65589
2.07528
0.990163
0.918732
1.22898
0.51431
1.51022
0.684459
0.202958
1.49518
0.567958
0.78246
1.05078
1.52824
0.0897907
0.987039
0.282711
1.17971
3.15007
0.75366
0.127889
1.32672
0.408941
0.662876
0.685611
1.4725
0.635526
0.664781
0.855053
0.788201
0.471442
0.418019
0.583233
0.368215
1.32984
0.657102
0.523562
1.96909
0.537904
0.710285
0.146107
0.869287
0.895042
1.91435
0.367112
1.01521
0.995003
0.706093
0.931816
0.507748
1.57215
0.231459
0.321826
0.935776
0.995227
0.265689
0.241104
1.09607
0.264127
0.638791
1.94412
0.399362
1.75273
0.979875
0.867554
0.660022
0.830171
0.64128
1.20661
1.3134
0.687709
0.980666
1.4157
2.1394
0.964212
0.442342
1.89605
0.818415
1.33101
1.33223
1.0643
0.0712175
1.40203
0.771248
1.08154
4.17939
1.53429
0.652817
1.24953
2.79207
0.726755
0.212383
0.575564
0.507153
0.566708
0.199952
0.627321
0.308045
0.267094
0.860734
0.310588
0.507297
0.904035
1.31548
1.48327
0.881339
1.35492
0.870984
0.854664
1.37899
0.680651
0.348696
1.23851
1.17405
2.45886
0.684425
0.419199
1.21678
1.01217
0.159774
0.442256
0.458291
0.642684
0.536928
0.504214
0.477347
1.01518
1.87158
1.78187
0.429784
1.10879
0.472086
2.16997
1.77955
0.876558
0.242039
1.25908
2.29265
1.37286
1.61158
0.377981
0.931057
0.457112
2.57252
3.96036
1.70798
0.656859
0.264209
1.05016
0.97557
1.88291
0.444852
1.14465
0.897392
0.733583
3.12662
2.80877
0.362576
0.356576
0.560228
0.581202
1.7572
0.750744
1.73662
1.34768
0.993539
3.48358
1.13879
0.868575
0.852737
0.913508
1.33225
2.32246
1.58971
0.783846
1.10384
0.932655
1.79127
1.92862
0.763581
0.849427
1.99743
0.720006
0.933884
0.935974
0.0918568
1.1672
2.42981
1.11027
2.02438
0.105311
0.717371
0.706183
0.672823
1.0112
1.2313
0.351678
0.459232
0.8593
1.54559
1.09153
0.382275
0.665958
0.70062
0.457103
0.308429
0.407094
1.22071
0.717021
0.714613
2.25617
1.06465
1.20302
1.70663
0.86472
0.337451
0.134464
0.517788
0.480251
1.25614
1.28608
0.308827
0.788023
1.45925
1.4187
1.4437
2.31745
1.02842
3.94788
0.916852
0.504124
0.99562
1.32486
0.800606
2.15888
0.29202
1.11971
0.352372
0.596442
0.289227
1.42462
1.39737
2.33427
1.23751
1.4835
0.971531
0.277
0.622151
0.999758
1.89916
0.760843
2.63715
0.411793
1.11391
0.148873
0.10633
0.625608
0.507072
0.312473
2.56664
0.30265
0.0801406
1.14261
1.50051
0.622054
1.41033
2.27565
0.462053
2.63586
1.2842
0.328643
1.99351
1.34625
0.542756
0.318618
1.79548
0.564754
0.753634
0.1425
2.34641
0.875792
1.65945
0.649806
1.11896
1.17272
3.21174
0.540839
0.504944
0.155347
0.70956
0.883448
0.0864088
1.33568
0.677183
1.02821
1.34377
0.936884
1.72553
0.611344
0.927073
1.03112
0.532756
1.43736
0.303181
0.300461
0.0976726
0.262897
1.17592
1.14734
3.6347
4.5678
1.11167
0.195335
0.89423
0.756599
1.04698
0.978889
1.45084
1.01607
0.263315
0.453533
0.884423
0.683361
0.694826
0.904332
2.03157
0.898605
1.29871
1.23481
2.51026
0.367333
2.82612
0.577336
1.40027
0.144409
1.65981
0.43218
0.963567
2.65632
0.316441
0.100056
0.541504
1.17166
1.46995
2.799
0.277797
0.256447
1.70135
0.415466
1.10478
2.15328
0.533359
1.23657
1.07741
1.41416
0.73117
0.428813
0.428643
1.44214
0.436322
1.13767
0.643684
0.869734
1.50054
1.25311
0.361869
0.305813
1.03053
0.407818
2.0235
0.472298
0.523003
0.973906
0.750026
0.664777
1.49609
0.483808
0.0306664
0.803616
1.09137
1.45573
1.52462
0.418009
1.12441
1.82098
1.90389
0.527184
0.937289
0.938489
0.273194
1.16243
0.322356
0.512105
1.45564
0.244576
1.54324
1.32067
0.54237
0.132315
0.119219
1.24334
0.612401
2.1308
0.266912
1.59158
0.685948
2.65078
2.67505
0.62518
1.63527
1.38341
0.107517
0.0632164
0.453899
1.83987
1.57025
1.08898
1.69568
0.756322
0.330914
0.851739
1.10267
0.941965
1.38812
1.12093
2.228
0.66073
0.655942
0.225059
3.15761
1.00224
0.495662
1.00373
0.152633
1.04832
2.09519
0.562598
1.93277
0.819195
1.56139
0.946605
0.773527
0.460189
0.443484
0.582011
3.33615
2.21996
1.93987
3.18892
1.01311
0.618562
2.10639
0.651267
0.235569
0.270138
0.988776
1.47295
0.64021
0.975902
0.318855
0.191109
0.639533
0.325593
0.614006
1.76981
1.1134
0.78172
2.48469
0.690663
0.34694
1.33529
1.55398
0.483071
0.969864
0.494044
2.04515
1.34322
0.540969
1.07171
0.411416
3.30403
1.11298
0.938466
2.08899
0.451404
0.671155
1.48083
1.38756
0.558588
0.963904
0.617777
1.03246
0.712828
1.391
0.444421
1.76616
0.439171
2.68438
1.82672
0.276875
1.30737
2.22942
1.29741
1.71557
1.3723
2.02845
0.275749
0.372443
0.836061
0.345203
0.121977
0.952765
1.16286
1.50649
0.314161
1.88002
1.39463
1.54004
0.193902
1.52916
1.34178
0.418202
0.228172
0.678777
0.570926
0.572303
0.549887
0.593856
0.657142
0.764114
2.42321
3.09399
2.68057
1.11429
1.40705
1.20633
1.01704
0.601085
0.485318
1.26776
0.614434
1.01105
0.623792
1.89852
2.09118
0.344111
0.0851974
1.46902
2.29756
1.00168
1.43997
1.27069
1.18215
0.23529
2.82155
1.52291
0.8052
1.59287
0.937926
1.77313
1.99514
1.01975
1.26967
1.13582
0.250601
0.293412
0.489333
1.47681
0.289158
0.768435
0.899987
0.986452
0.537304
0.441389
1.38152
0.247341
1.29045
0.956311
0.0666718
0.842303
0.643669
0.163057
0.496896
1.29275
1.01495
0.827634
0.710176
1.62312
0.136734
0.524789
1.26144
0.19228
3.36118
0.573929
1.80052
1.06502
0.164024
1.33087
0.855567
0.725648
0.98337
2.49048
0.396888
0.276369
1.55161
0.103492
0.165477
1.14233
0.548761
1.76661
1.37604
1.43709
0.471688
0.560531
0.331722
1.88087
0.348315
0.741815
1.05714
0.819301
0.698335
0.651358
0.372439
0.91835
2.62467
0.427616
1.45224
0.178427
1.60829
0.746612
0.799312
2.61713
3.39987
0.502515
2.45746
0.857701
0.275796
0.216387
0.261637
1.54374
0.267562
3.23512
0.0527468
0.67551
1.04968
0.401122
0.806231
0.298892
0.981767
0.62686
1.46936
2.0187
0.446275
0.822849
1.31507
1.62259
1.64687
1.7512
0.329788
0.855237
0.627949
2.92741
0.897073
1.36555
0.394048
0.239478
3.59781
1.69576
1.17569
0.429815
0.504298
0.440721
0.640336
0.865483
0.710546
1.73747
1.72224
0.434365
1.60118
0.138446
1.79716
1.45036
0.292372
1.58349
0.382163
0.165644
0.491127
0.355966
1.38524
0.924417
0.722654
2.13716
1.19234
0.781116
1.08145
0.850224
0.391832
3.9283
0.485449
0.644774
1.24145
1.44337
2.39975
0.639383
1.26264
1.53078
1.08647
0.72051
0.666069
0.662104
0.364858
1.24921
0.352027
0.535319
0.113615
2.87547
1.79595
0.111057
1.2391
2.28461
2.09986
1.94756
0.930798
0.971014
1.81511
0.997165
0.704166
1.04426
1.93113
0.56116
1.20491
0.71443
1.19468
0.211237
0.74902
3.07174
0.79984
0.771646
1.33748
0.758868
0.941463
0.85605
0.562209
0.436487
0.478227
0.261918
1.51494
0.430929
1.54347
1.13348
3.04182
0.509069
0.601296
0.0699572
0.547275
0.82128
0.693293
0.499647
0.83293
1.22364
1.46164
0.333049
1.98518
0.546417
2.0364
2.38998
1.3752
0.264558
1.65273
1.54329
1.09664
1.22107
1.49496
0.645516
0.91098
1.3671
0.26332
1.33766
0.642588
1.38945
1.89667
1.13606
1.18688
0.955299
0.903582
1.50077
1.59754
0.391612
1.28831
0.990199
1.11308
0.957679
0.90725
0.11782
0.576771
0.983112
0.14534
0.386175
1.63662
0.513996
1.05096
1.49981
1.2972
2.05554
0.285416
0.805911
0.446941
0.880609
1.0279
3.20401
0.811842
0.794765
1.05233
1.14036
1.3721
1.49715
0.122581
0.366035
2.20122
0.439062
0.745369
0.398152
0.689387
1.3075
1.2762
1.10058
0.390751
0.548564
0.411434
0.810347
0.246215
0.440434
1.00908
1.24885
3.48702
1.05274
0.529747
0.47212
0.633405
1.38347
0.403736
1.15297
0.601315
1.16282
1.42452
1.40723
0.464386
1.84176
1.69538
0.868962
1.31836
1.01681
1.5467
0.938245
0.834831
1.49768
0.629601
0.369676
0.394847
1.86159
1.21195
0.546354
0.280749
1.73611
0.555128
0.1656
0.720918
1.44143
1.08424
2.15392
0.683007
0.136691
0.59816
0.590166
0.420994
0.452379
1.2477
0.338858
1.27361
0.294614
1.44984
1.11424
0.826981
0.325261
0.397403
1.78555
0.101913
4.08459
0.523297
2.21481
1.87267
0.806228
4.37683
0.121032
1.00776
2.38885
0.419475
0.345197
0.374749
0.40796
0.252724
1.60479
1.25421
1.04923
0.126707
1.88237
0.956124
1.26833
0.443599
0.676329
2.86616
0.362463
0.0313474
0.799478
1.56663
0.542544
1.06104
1.87658
1.79457
0.148234
0.371017
0.564531
0.223448
1.17468
0.692093
0.369559
2.37524
1.01028
0.783421
0.663962
1.71593
0.519671
1.07288
1.28172
0.748245
0.452406
1.03372
1.1486
0.417884
1.13094
0.689794
0.214006
1.27992
0.169303
0.63617
0.596634
1.38908
1.72216
0.873802
0.125085
0.562687
0.884114
0.871981
2.21184
0.179427
0.472287
0.284242
1.57197
1.15682
0.328863
1.41801
1.41808
0.174505
0.897392
0.17236
0.221486
1.21843
0.36704
0.348566
0.688816
0.89706
0.623749
0.785594
1.02839
1.4631
1.19638
1.1918
0.327009
0.577533
1.3681
0.898883
0.856866
0.359067
2.94815
1.973
1.74274
0.91104
0.668241
0.923191
0.565692
0.389964
1.99003
1.37564
0.21016
2.18232
1.35439
1.36715
0.321838
0.668649
1.11237
0.860493
1.00122
2.00352
0.952139
1.41668
0.10579
0.617517
0.30059
0.838673
0.202595
2.09842
0.703441
0.301965
1.33423
0.451074
0.379658
0.688725
0.230975
0.686968
2.06559
3.06243
2.4626
2.3617
1.45873
0.99074
1.59442
1.6075
0.601861
0.188952
0.333867
1.13363
0.647068
0.180981
0.11191
0.625836
0.771418
1.80912
1.08539
1.33816
1.21112
1.13199
1.36951
0.133255
1.07672
0.820716
1.01314
2.48715
1.29616
0.261022
1.95088
0.456494
0.494045
0.32617
1.1995
0.950641
1.49728
0.326185
1.13364
0.764493
1.86174
0.452307
0.183718
1.75747
1.10677
1.80317
1.08384
0.423953
0.354116
0.237384
0.595893
1.77354
0.411838
1.88218
2.25053
0.725083
1.85414
0.351009
0.511074
0.738301
2.7149
0.384116
0.152338
1.46652
1.1126
0.148709
0.642691
0.174511
1.98384
1.90321
2.04919
1.09467
0.188981
0.240791
0.487137
0.248009
1.27422
0.436615
3.77907
2.16565
0.0764103
0.38423
0.453849
0.799266
0.329525
0.688817
0.455063
0.610473
1.15442
0.468833
0.70781
0.971079
0.253711
0.934011
0.825189
1.18799
0.60571
0.186521
0.624382
1.85594
0.277163
0.431805
0.205913
1.1047
0.550834
2.5074
0.161996
0.362734
0.542404
0.582372
0.184263
0.528917
0.90632
1.02709
1.53689
0.565629
1.04924
0.849373
0.64576
0.590377
0.596717
1.69417
1.86004
1.0115
1.51685
0.381539
1.96282
0.462289
1.08081
0.162378
0.63686
0.0913151
0.764658
0.503213
1.50864
1.29033
0.970557
2.63082
1.62675
0.671327
0.292968
0.8099
0.63875
0.587004
2.32932
1.27504
2.47207
0.749738
0.499271
0.768932
0.671062
0.143272
1.34958
0.895167
1.78776
1.49288
1.54596
0.529533
0.588551
1.17483
0.519733
0.330018
0.303352
0.959496
0.563725
2.50933
1.8147
0.459973
0.897922
1.58351
1.39229
0.200324
0.77011
1.95964
0.981267
1.55921
1.24817
0.333504
1.38336
0.436937
0.721465
0.630065
0.739227
0.399488
0.461666
0.159328
0.711686
0.328364
0.226048
1.14314
0.498418
0.878206
0.591695
1.11208
2.22703
1.83926
0.591931
2.14767
0.432946
1.7531
0.800176
1.34068
2.77064
4.1044
2.35861
1.34276
0.3756
0.309807
0.115671
0.743659
0.864574
0.0946447
0.486987
0.505401
0.723269
0.800228
1.39114
1.12568
0.5527
1.61849
0.255067
1.22042
1.11936
0.451851
1.38793
0.885152
1.36993
0.127994
0.081162
0.576295
1.18787
0.501171
2.57749
0.728374
0.785964
0.0840365
0.296505
0.292828
0.666105
0.95143
0.637741
0.335572
1.76672
1.64882
1.18202
1.15806
1.75291
1.00824
0.843609
0.840123
1.29945
2.33753
0.841759
1.35502
0.0225659
1.45479
1.69229
1.31901
0.684709
1.22078
1.1147
1.33596
2.10495
0.59648
0.798224
0.25072
0.629062
1.64268
1.49233
1.52094
1.12226
2.16479
0.242388
0.436784
0.439414
1.09014
0.971392
0.719598
1.58345
0.671585
0.343731
1.23858
1.71759
2.87948
0.773126
1.66225
1.65953
0.786796
1.43165
0.105739
2.44762
1.21361
0.274582
2.67005
0.244088
2.00632
3.22456
2.65158
0.577631
0.813416
1.38422
0.628421
0.670798
0.756089
0.790541
1.2255
0.564526
0.536446
1.07379
0.81548
0.176695
0.779259
0.674246
0.256329
1.1757
0.299854
0.273724
1.19973
1.1315
2.32362
0.951241
2.28076
0.850749
0.199212
0.277258
2.00615
2.06742
0.885216
0.81024
0.259921
0.401581
0.309645
0.727399
1.07171
0.552374
0.707635
1.60228
1.45503
1.35898
0.478932
1.09215
0.217841
0.248436
0.368839
3.01046
0.229905
1.42877
0.521262
0.889271
0.49876
0.321462
0.838936
0.313847
1.86018
0.36551
0.525082
3.13056
0.589931
1.07325
1.33184
0.699412
0.489801
1.2487
0.42109
0.683489
1.01127
1.42784
1.03465
1.19714
0.0510088
0.8937
1.00707
0.727191
1.15102
0.847763
1.63428
1.30354
2.26056
1.44459
2.08228
1.38677
0.829433
0.409043
0.862254
1.51762
0.499272
0.674694
1.5795
1.37525
1.97091
0.920664
0.284245
1.5588
1.7627
0.271602
1.77078
0.868917
1.10104
0.522312
0.573625
2.10933
3.26583
1.01958
0.441623
0.584736
0.377285
0.930857
1.06136
0.182443
0.43966
0.754623
2.17979
0.167165
0.322008
0.588787
0.939033
0.99676
0.251561
0.36126
1.35563
2.09763
0.182559
0.830245
0.341077
0.349409
0.808161
0.681024
0.140009
0.764341
0.558979
0.493412
1.8962
0.411041
1.97351
0.993881
0.902425
0.186745
0.861585
0.577423
0.909316
0.959847
0.839154
0.533166
0.472353
0.491018
1.35337
2.09493
0.806438
1.47759
0.506534
0.40782
3.16484
0.912992
2.986
0.449517
0.854374
0.880696
0.832249
1.38484
1.71978
0.754518
0.788607
0.622701
1.23328
0.589572
1.56275
1.39373
0.521831
0.616162
1.13368
2.70073
2.01713
2.06578
1.53911
0.629829
1.13628
1.86833
1.15874
0.297724
3.13327
2.56786
0.54098
1.07774
2.08817
0.300565
0.743642
0.24109
1.58225
0.579504
0.291268
2.44123
0.438356
1.11744
0.693308
1.23169
0.297029
0.527602
0.175073
0.518309
1.35231
0.769638
1.16538
1.37078
0.940728
0.750023
0.851648
2.39608
1.29154
0.810242
1.74426
0.1941
0.505005
1.4339
0.963112
0.895641
0.375607
1.30457
1.29863
1.42022
0.508076
1.06269
1.16349
1.00051
1.56753
1.19179
1.71658
0.565204
1.32787
1.4552
0.467959
0.143822
0.200403
0.0871884
0.969294
0.721476
0.77291
2.34534
0.896907
1.36204
0.535393
0.943002
0.86762
0.944018
0.211966
0.305436
0.474611
0.395101
0.755955
0.669478
0.90584
2.16779
3.58411
0.981346
0.051659
1.58137
0.249823
0.153039
1.16148
0.687813
0.664641
1.10147
0.027542
0.301541
2.04213
0.219589
0.962214
0.60609
0.600746
1.03663
0.259546
0.811753
0.333908
0.873038
0.422682
0.580827
0.691874
0.26381
0.686511
2.0127
0.44783
0.97058
1.43752
0.729394
0.234609
2.08338
1.31075
0.285855
0.866214
0.321224
1.18541
0.614992
0.601454
0.774118
0.329089
0.908184
1.42332
0.515333
0.604503
1.02514
0.446552
0.583854
0.426171
0.860987
0.765702
1.62331
0.797121
0.479987
1.47621
1.45432
0.374678
0.444492
0.705953
0.584428
0.473262
0.791148
1.36574
1.54492
0.0295656
0.852728
0.253626
1.71084
1.48391
0.281453
0.790928
1.12773
1.26128
0.172378
0.232172
0.452167
0.259251
1.18844
1.38288
0.148694
2.09931
0.594838
0.59233
0.584058
0.939009
2.01275
1.53886
6.28554
1.04956
1.04549
0.624951
0.732428
0.213554
0.0982643
0.740228
1.76029
0.521865
0.874489
0.634129
0.658593
1.19534
0.0847556
0.47268
0.575768
1.21262
0.804782
0.72912
0.1447
0.865672
0.504442
0.585381
0.205507
0.767374
0.366647
1.06569
0.819783
0.482591
0.267152
1.47408
0.73979
1.07629
0.390461
0.538459
2.07939
0.911939
1.35693
1.10069
1.3146
1.5341
0.29795
1.78577
2.29598
1.88132
1.42684
1.3848
0.460154
0.716575
1.02322
1.26263
0.18399
0.431175
1.2674
0.90477
1.64841
0.714395
0.821922
0.284405
1.63928
0.739281
0.246861
1.04416
1.53762
1.18053
1.50259
1.31232
1.1388
1.04108
0.484963
0.531437
0.984504
1.39529
1.21505
1.3041
2.23878
1.3465
0.212221
0.878451
0.979442
1.22271
0.596134
1.84072
1.8789
0.833296
0.407351
0.659095
0.528472
1.02033
1.68148
1.11189
2.87194
1.80222
0.211491
0.453003
0.503883
0.490644
0.55095
1.11623
0.376291
1.3988
2.21838
0.271422
0.0954144
0.552057
0.818666
4.64049
1.96383
0.721346
0.289589
0.599937
1.06729
1.13531
2.74172
1.23381
1.96006
0.376455
2.14432
0.3959
0.335211
0.603461
1.13489
1.36695
0.465115
2.30562
0.0926761
0.538904
1.05754
0.653506
1.40922
0.556973
1.11111
2.69429
0.184358
0.919232
1.40249
1.03708
0.326094
0.464268
0.380899
0.876926
0.215996
0.788279
0.101787
0.407445
0.235001
0.946812
0.44834
0.865677
0.722011
0.383332
0.688356
0.577574
1.49283
0.267881
0.970203
0.380681
0.252579
0.916764
1.44251
0.533312
0.134122
2.52673
0.855359
0.864249
0.444642
0.611581
0.413927
0.639168
1.3356
1.02427
0.94997
0.385868
0.757571
0.69449
1.35001
0.322654
0.422828
0.624952
0.644459
0.186186
1.00088
1.27478
0.195229
0.281371
0.522744
1.05011
0.481355
3.07498
1.47379
0.645184
1.20375
0.184802
0.764843
0.404908
0.836782
0.144374
0.987986
0.663206
0.524077
0.657007
1.45966
1.19664
0.550847
3.754
0.844149
0.830767
0.237663
1.33351
1.0006
0.940649
1.16053
0.802256
0.486345
1.53591
0.675121
0.418958
1.65727
0.529569
1.74014
0.676174
1.10671
0.686884
0.690382
0.626857
0.517991
0.753474
0.58507
0.498217
1.43356
2.25971
1.5844
1.3977
1.8792
0.118905
0.934707
0.408908
1.87202
0.315971
0.532542
1.00038
3.19559
0.415566
0.924742
1.59102
0.36891
1.29765
1.28306
0.329362
3.35852
1.06151
1.38873
0.890701
0.766434
1.06858
0.886178
0.286984
1.64823
0.980018
0.68887
0.834519
0.288339
1.00041
1.07356
0.175656
0.550611
0.283155
0.320376
0.533486
0.328611
1.71304
1.74331
0.970515
2.20695
1.20554
0.539848
0.72869
0.396684
0.575342
0.305454
1.9373
0.977026
0.149055
1.1435
0.389827
1.74808
1.40001
0.328145
0.261961
0.622375
1.04292
1.30496
0.76752
1.03228
0.344873
0.676363
1.2893
1.76775
2.55785
0.174184
0.52732
0.199742
0.543354
5.02775
0.90013
1.10197
2.23177
0.56531
1.41201
0.568263
0.453473
2.8454
0.174445
2.52201
0.274439
0.516115
0.589192
1.3354
1.69167
1.5726
0.388313
0.677359
1.67069
2.43042
0.184922
0.723091
0.790284
1.93824
2.65277
1.47897
1.34045
1.54945
1.40847
0.24489
0.786042
1.09144
0.537577
0.846109
0.396127
0.169077
0.359549
2.02874
0.0857191
1.05028
0.425265
0.951973
1.10758
2.65974
0.252316
0.423685
1.07225
1.03731
0.756252
0.628938
2.01534
0.755413
0.223371
0.399051
0.65922
1.43089
0.243777
0.720438
0.603721
0.43288
0.804724
0.582552
1.72179
0.847894
0.205388
0.364231
0.30068
1.14444
0.923012
0.265419
0.589082
0.595414
0.677477
0.654168
0.563105
1.14905
1.1439
1.79212
3.05908
1.1221
0.622653
0.22048
0.53779
0.327794
2.01935
0.0965595
0.328611
0.435084
0.922047
0.981446
0.74736
0.967412
0.879367
0.271314
1.90787
1.30718
1.32651
1.49055
0.255728
1.2471
1.32571
0.915586
0.884223
0.590381
0.766149
1.23518
0.0721828
0.464293
0.757879
0.151414
1.59713
1.17
0.334128
0.144992
0.217108
1.4177
0.547779
0.48604
0.60202
0.699317
0.243735
0.380549
1.33816
1.64732
0.997631
1.11093
1.69652
1.30899
0.826269
0.713335
0.87925
2.49198
1.05056
0.8191
1.9014
2.15392
0.343405
1.36102
2.0683
0.15499
1.29033
1.43396
2.73837
0.822421
0.325846
1.08792
1.39485
1.35131
1.05897
0.225831
1.21397
2.53589
1.02896
1.42397
0.731551
2.0233
0.623007
1.6885
0.761836
0.257535
1.30007
0.233526
0.204949
0.474252
0.563726
0.609162
0.510707
0.301848
1.57021
1.23242
1.33379
0.248624
2.17706
0.429415
0.250156
1.24076
1.36367
1.49451
1.7529
0.237825
2.09663
1.51551
0.668122
1.08019
1.0826
0.394365
1.04098
0.153007
1.21045
1.26347
1.70443
2.41
0.394366
1.75074
2.41406
1.84075
1.01814
0.574517
0.990636
0.9647
0.619072
1.28235
3.07579
0.918958
1.40854
1.27092
2.30835
1.32771
0.223398
2.07132
0.955469
0.15526
0.263893
1.69256
0.578489
1.30636
0.552387
1.83236
2.56825
0.80381
0.463136
0.330442
0.693638
0.60566
0.988246
2.23213
2.47296
0.84711
0.304268
0.982377
1.05266
1.2312
1.39904
2.03122
0.214114
1.35008
1.1231
0.982897
1.11323
1.14914
1.6214
2.09503
0.652711
0.357957
0.762485
2.98923
0.295015
0.896645
0.544854
1.09137
0.812263
0.643805
0.576162
0.876505
1.35418
0.384312
0.390854
1.05152
0.643466
1.64285
0.742114
1.29603
0.460007
0.316462
2.41205
1.40481
0.709517
0.679811
0.113739
2.34702
1.10461
1.0208
1.1273
2.92396
2.12931
0.140514
1.08954
0.295695
0.418466
3.31421
0.334042
0.846644
1.32466
0.420202
0.932709
0.703624
1.48556
0.773125
0.951028
0.274473
0.270839
0.586449
0.0651048
0.113332
1.67165
0.526697
0.454633
0.909791
0.959986
0.860762
0.543882
0.826325
0.535553
1.17621
0.340251
0.78453
0.758282
1.99433
0.21622
1.35415
1.81288
1.11504
0.304202
1.2604
2.83404
2.30899
1.23882
0.975698
0.139744
0.337711
0.654925
0.127598
1.11366
1.63666
1.64103
1.92351
0.180097
0.825372
0.587485
0.289711
1.25331
1.06084
1.24643
1.31203
0.363137
1.60539
0.462368
0.569059
0.830887
1.92691
0.79615
0.292556
0.314591
0.505037
0.494606
0.858354
0.205568
0.983828
0.283141
0.372336
0.153358
0.327218
0.340466
0.666
1.07567
0.791959
0.800338
1.04941
0.22576
1.01343
0.254182
0.748349
0.841925
1.97495
0.302958
0.387392
1.61098
0.478778
0.504709
0.538274
3.11282
0.651535
0.939643
1.57225
0.50011
1.2516
1.26623
2.25746
1.2229
0.587359
0.700962
0.461234
0.265604
0.683768
1.10756
1.81844
1.15505
2.64274
1.72938
0.580658
0.362239
0.86579
1.34711
1.8424
0.243794
1.31281
1.28735
0.355068
4.16373
0.295879
0.175637
0.269485
0.583787
0.668196
1.03694
0.539456
0.392203
1.31032
0.172338
0.380607
0.792554
0.926165
1.08958
0.867766
1.66703
1.12937
0.547536
0.360295
0.380376
1.51742
0.912192
1.53377
1.24991
1.73072
1.72031
2.0855
1.48114
0.229172
0.550057
2.37246
0.841713
1.36977
0.284204
3.05374
1.32621
1.30623
0.784971
1.34864
2.22999
1.04309
1.82671
1.0662
2.16595
1.56469
1.99149
2.02353
2.59036
0.309907
1.23626
1.08307
0.926617
0.778715
0.477329
1.01181
0.873028
1.74699
0.658257
0.615467
0.760305
0.693573
0.541422
0.848203
1.40073
1.03142
0.227975
1.66614
0.432172
2.77232
0.74661
1.03188
0.197923
0.742195
1.05599
0.502875
0.115195
0.927002
1.34315
1.36319
0.916898
0.716421
1.28669
1.45647
0.782099
0.372377
0.465365
0.843851
0.964477
1.4107
0.535082
0.327134
0.276501
0.472082
0.288456
0.326286
1.5561
0.655286
0.718894
2.01572
0.435945
1.01392
0.324676
1.12665
0.345308
1.17858
0.326534
0.193944
0.627198
0.27755
0.406029
1.17257
0.610038
1.48246
0.895027
0.718564
2.18667
1.67338
0.415887
1.33989
0.771664
0.12321
0.248078
1.11246
1.29852
0.617915
2.77509
2.29899
0.263234
0.488193
0.768019
1.57699
0.589722
0.91382
0.593554
0.330403
0.701124
1.19797
1.38683
0.157852
0.247693
1.62514
1.18256
0.680798
1.3268
1.54244
0.5437
0.0371355
0.744382
0.221798
0.466622
1.39899
1.18968
1.08663
2.0643
0.612153
0.929236
1.53725
0.471231
0.651641
0.542724
0.895344
0.306031
1.81182
1.02913
3.86146
2.43542
1.9793
1.19154
1.59897
0.447563
1.73194
1.22597
0.987651
0.940017
1.60222
0.582302
0.641985
0.388409
3.06629
0.741831
0.412475
0.787917
2.06099
1.59394
1.20122
0.637704
0.998551
0.776301
0.570098
1.18923
0.628954
0.788307
0.747645
0.237047
2.1415
0.400727
0.667939
0.142765
0.690789
0.805082
0.441116
0.383729
1.08226
0.874534
0.109827
1.51001
1.06156
0.55075
0.113457
1.24473
1.17418
1.2041
0.350428
1.3954
1.42321
1.45768
0.641745
2.14291
0.289912
0.752983
0.297951
0.986874
0.380632
0.901002
0.731343
0.67101
0.387679
0.44556
0.288615
1.37833
1.22482
1.01666
0.785444
0.79021
1.18211
0.967675
2.08348
1.51115
1.01484
1.13807
1.50856
2.47303
1.01954
0.576528
1.08525
0.740436
0.587738
1.18707
0.995255
1.01704
0.209939
1.88225
0.624109
1.6546
0.385449
1.59056
0.74297
0.201293
0.262139
1.54134
1.10235
0.261265
1.71269
1.00195
0.588758
0.296148
0.907263
0.84897
0.300479
2.21256
0.635234
0.513694
0.97381
2.86947
0.564421
0.459735
0.38378
4.36227
1.37181
3.52167
0.814099
0.651454
0.117604
0.574506
1.62236
0.966035
0.753589
1.49566
0.342784
0.681181
1.49742
0.520371
0.72751
1.90678
0.481311
0.708525
0.446436
1.28534
1.82938
0.908988
0.736551
1.31142
0.558656
0.486136
0.301876
1.32096
0.501666
2.73012
0.978349
1.23998
0.541996
0.919079
1.18168
1.22226
1.8925
1.15354
0.373914
0.900382
1.12358
0.833592
0.452806
0.360825
0.776455
2.33292
0.562039
0.107902
0.113564
0.471303
2.32826
0.730861
1.39044
1.24734
0.227957
0.90027
1.01361
0.980652
1.54075
0.394798
1.75806
0.680183
3.76676
1.50805
0.836562
0.663893
1.77272
0.49154
1.02315
1.91603
0.539038
0.492368
0.134524
5.14415
1.22371
1.20623
0.293599
0.634125
0.723411
4.16841
0.579869
0.991254
1.04826
0.889193
1.86659
0.882929
1.27378
0.625485
1.48557
1.06251
0.161178
0.441814
0.703726
0.137242
0.466016
0.986581
0.291702
0.669904
0.545191
1.20843
0.534333
0.0903029
0.7226
1.39344
1.71092
2.31022
0.746643
0.505323
0.0730756
0.982054
0.456115
0.533528
0.206256
0.596789
0.0713777
0.763286
0.892237
0.512604
0.479674
0.166654
1.31568
0.865968
0.3158
0.905644
0.843528
0.0947402
1.21424
1.21809
0.84838
0.412342
1.38721
0.624923
0.635096
1.4761
1.351
0.601217
1.3463
0.667646
2.73682
1.99668
1.27801
1.34178
1.85403
0.553068
0.535946
1.54013
0.0262542
0.610026
0.315602
1.41304
0.882717
0.259611
0.11979
1.78393
1.03943
0.952199
0.495002
0.234564
1.54291
2.01742
1.0853
0.697851
0.918904
0.484961
2.08002
0.430421
0.291422
1.8506
1.86827
0.340573
0.853911
0.141727
1.34859
0.806776
0.738871
0.195209
0.155545
1.80691
0.981595
0.430787
0.574538
0.344357
0.427334
2.17892
1.50499
1.19041
0.827973
0.203861
0.226027
1.01676
1.36767
0.743753
1.24575
1.23082
1.087
0.206188
0.392403
0.360813
1.92949
0.506108
1.20968
0.18996
0.724582
1.08778
2.10523
0.646436
1.49473
0.247857
0.641478
0.435387
0.514715
0.938019
0.230768
0.322663
1.4223
0.429293
1.55005
0.857559
1.36317
1.6148
1.13789
0.466589
1.32881
0.667453
0.440001
0.277956
1.20062
0.76508
0.316966
0.735089
0.987309
0.438358
0.846633
0.680149
1.05548
0.232913
1.10922
2.39101
0.239212
1.07122
1.00711
0.763848
1.06146
1.25746
1.08662
0.984795
0.909176
1.06326
1.18794
3.00584
1.14552
0.339613
1.92733
1.53676
0.067117
1.15981
1.32585
3.09161
2.73698
2.10513
2.05417
0.975911
0.585442
1.74828
2.95691
0.983537
1.49727
0.276698
0.0585862
0.536998
1.79121
0.879712
0.411852
1.06855
0.41924
1.02634
1.44582
1.0902
2.38837
0.554415
0.807568
1.10058
0.138221
0.871469
0.97616
0.316709
1.56815
0.577865
1.85899
0.559902
0.649218
0.653656
0.503895
0.603954
1.75504
0.660728
0.131498
1.52596
2.82497
0.212819
0.264779
1.1275
1.24194
0.965332
1.00132
0.0631016
0.241716
0.812854
0.32928
1.36088
0.644443
0.912733
1.62438
1.73261
0.90946
0.978365
1.07835
1.50934
3.11231
0.749199
0.221086
0.653739
1.13812
0.38663
0.234401
0.681318
0.717819
0.578456
1.60449
0.47374
0.688143
0.793168
0.306494
0.597635
0.501091
0.845622
0.979014
1.35366
1.62845
0.606578
0.55123
1.70728
0.48049
0.205161
1.40156
1.48077
0.615164
1.18546
0.358175
2.2485
0.384451
0.484655
0.677486
0.784271
0.518583
0.646451
0.74237
0.403495
2.18662
0.789189
0.393589
0.476747
1.45285
0.905062
0.676006
0.368467
0.203222
0.472645
0.775732
2.28842
0.15962
1.93514
1.54596
0.748211
1.62089
0.8361
0.286578
0.564767
4.54699
2.02453
0.426555
0.423363
0.958477
0.591168
0.762633
0.890339
0.76994
1.78542
1.81019
0.367429
0.184121
0.616977
1.08511
0.502626
0.284003
0.999581
2.43108
0.720312
1.30716
0.0701491
1.77765
0.296116
1.49092
2.50829
2.47464
1.60722
1.00664
0.761921
1.2665
0.46509
1.4261
0.86542
0.675912
1.20698
0.420762
2.01778
0.622506
1.89859
0.59032
2.23031
1.76383
0.893161
0.5663
1.41625
1.58186
1.41504
1.21115
0.308947
0.927468
0.724261
1.46917
0.703121
1.69756
0.189413
0.821759
2.52256
1.15967
1.80271
0.251094
3.03985
0.160861
1.64538
1.18632
1.61096
1.13432
2.37036
0.363706
0.367564
1.7735
1.18069
3.71216
0.956041
0.515698
1.77566
1.21144
0.420738
0.827979
0.747883
0.418119
0.414934
1.15521
0.334383
0.959028
0.872962
0.602576
1.03814
0.835835
2.07402
1.71266
1.00861
1.01992
1.13115
0.31612
0.96915
0.829122
2.17989
2.81506
0.591826
1.21417
1.76492
0.637639
1.18104
0.580207
0.907907
1.30033
0.977564
0.946913
1.373
1.11365
0.164154
0.471431
1.15411
1.17534
1.21588
0.159413
0.97433
0.803654
1.56747
0.37069
0.355188
2.15046
2.20204
0.813265
1.94458
0.200408
1.20497
1.01494
2.59097
1.03532
0.639046
0.92477
0.743659
1.46719
2.38868
1.09233
0.137342
1.4077
1.42149
1.50254
0.744155
0.521118
0.845622
0.76228
0.962205
0.576217
0.700613
0.325241
0.593223
1.04758
1.78703
0.488004
0.664038
0.71905
0.970358
0.166244
1.80854
0.885841
0.598816
1.18969
0.515629
0.710237
0.455085
1.13662
1.11943
0.765893
0.383118
2.11144
0.554219
0.724908
0.292682
0.380294
0.863095
0.426784
1.08884
2.03892
0.709261
3.88808
1.17258
0.207145
0.733988
1.60679
1.61246
1.21894
0.969152
1.32702
0.728089
2.76484
0.529246
1.83102
0.967426
2.25189
0.182865
0.811164
0.539758
1.35315
1.13358
1.30785
1.32843
0.991306
1.54035
0.206354
0.508832
2.01376
1.00587
1.43152
0.962268
2.8648
0.430344
0.722821
1.1973
1.85664
2.4496
1.7503
0.948413
0.716501
0.99232
1.53364
0.824421
0.417028
1.72839
0.708905
2.18422
1.79222
0.825433
0.27072
0.891073
0.2308
0.928575
2.41028
0.449078
0.853117
0.362328
0.302664
0.0721397
0.0552721
0.33567
0.132425
0.313017
0.689315
0.592565
0.168086
1.14045
0.388338
0.812626
0.818504
2.29588
0.978417
1.55002
0.673467
0.878159
1.61121
0.70456
0.987542
0.279162
0.361613
1.83503
0.241615
0.216447
0.921068
4.26662
2.01372
0.899669
1.50482
1.32608
0.866869
1.70287
1.25409
0.968628
0.716242
0.42568
0.351062
0.949479
0.772756
2.18504
0.856668
0.746342
0.0410382
1.51289
0.576033
1.16528
0.544213
0.574469
2.17746
1.00902
1.41682
1.94335
0.572935
0.898644
0.476678
1.53653
0.378874
2.66449
0.388168
2.62064
0.351033
1.94318
2.81399
0.225552
0.433831
0.162908
0.58555
0.738164
0.122003
1.45085
1.15947
0.942833
0.426977
0.582292
0.0961182
1.29058
0.264694
0.156621
0.721523
0.224859
1.07806
1.52165
0.365106
0.636071
0.981684
1.16923
0.11523
2.36332
0.0582836
0.804561
1.62287
1.1581
0.847966
0.735419
0.59927
0.182863
0.534545
0.839332
2.26791
1.51245
0.978721
1.55537
1.80912
1.32698
0.17364
0.824433
1.86948
1.59987
0.0216385
0.622954
0.616856
0.831623
1.80796
0.256635
0.286558
0.315857
2.18425
2.71552
0.472853
2.23561
1.22875
2.55604
0.868458
0.601758
1.15164
0.088585
0.398144
1.12126
0.278972
0.173006
1.41508
0.701542
1.26453
1.73514
0.315803
0.318789
1.23801
3.01981
0.890105
0.709365
0.648459
1.8602
0.659702
0.455312
1.29156
0.212502
1.18556
0.982215
1.08804
0.166816
1.90023
0.493614
1.10805
1.57608
0.476575
2.1287
2.00244
1.58125
1.21632
0.239768
0.169365
0.371144
1.27494
0.124233
1.75699
1.78611
0.468258
0.500282
0.573473
1.49528
0.791795
0.546172
1.47086
1.26799
0.911609
0.903613
2.3723
0.915327
1.43664
1.12973
0.507735
0.782713
0.580613
1.1321
2.65102
0.500469
1.14978
2.83815
0.825808
1.22632
0.26067
0.719932
1.10748
2.37388
0.0630065
1.74996
2.70035
0.239773
2.5227
0.421077
1.04321
0.403004
0.221211
0.134082
0.733198
0.571272
0.628252
1.08511
0.378049
1.69454
0.573295
1.19445
1.29682
0.457985
0.880286
0.284677
0.668617
0.441573
0.26361
0.851379
1.49317
2.95284
1.88294
0.694792
1.32835
0.307202
2.61075
0.850858
1.32421
0.431279
1.49868
1.27785
0.179968
0.412672
0.349176
0.0522485
3.17723
0.923483
0.612662
0.812281
0.357746
0.312841
0.509048
1.06245
0.606609
0.96548
0.168545
1.8702
0.549313
0.742032
0.876171
0.388215
0.184291
0.761995
0.467853
1.01321
1.83459
0.261789
0.236762
1.74577
0.488123
2.73278
1.29885
0.506078
0.585602
1.01029
0.750043
1.25952
2.1245
0.177586
1.39506
0.444679
1.60259
0.287214
0.85561
0.659274
1.38251
0.796968
1.14928
0.946649
0.642797
1.19888
0.551516
2.54177
0.508553
0.842227
0.811963
1.21151
0.958519
1.72315
0.605036
1.59838
0.557498
0.15553
2.85057
0.446602
0.177248
0.68919
1.00568
1.43823
0.997959
0.129532
0.556834
0.265311
0.873325
1.11022
1.21436
0.305977
0.400426
0.579906
0.974838
0.174575
0.540568
0.150092
0.321206
0.232938
0.395307
2.33337
0.982296
2.34929
2.38125
0.93511
0.991975
0.216406
0.687669
0.904838
0.853464
1.60583
0.998365
1.72509
0.906944
0.868807
0.101917
0.885501
3.80749
0.429163
1.8229
0.925702
0.300282
1.09286
0.124605
1.16637
0.367082
0.99841
0.237812
0.959799
0.675624
0.969274
0.886088
1.11527
2.41848
0.602286
0.334352
0.627645
1.28711
0.397387
1.72771
0.707913
1.61985
0.396358
0.507891
0.99996
1.01293
0.47744
0.567067
0.354925
1.30938
1.24677
0.0898973
0.302726
0.599356
1.28484
1.116
0.580044
0.904796
0.739406
1.70964
0.360194
0.474755
0.94447
1.58838
0.520626
1.476
2.15348
1.8337
0.220903
0.93881
1.58507
0.830902
1.11792
1.87879
0.508313
2.79899
2.62331
0.243957
0.756318
0.216735
1.14731
0.501133
2.80574
2.58545
1.09334
0.519546
1.42901
1.45032
1.10973
1.87178
1.66751
1.61275
0.414523
0.476384
1.87087
0.666831
0.982484
0.186247
3.36874
1.54263
2.47524
0.59185
1.79274
0.489731
1.12111
0.16826
1.91115
0.973491
2.15292
1.42152
1.99998
2.13645
1.38295
0.197714
1.43631
1.64353
2.06075
0.670272
0.183117
1.25863
3.55561
0.331898
1.24551
0.96282
1.15438
1.40409
0.825095
0.818202
0.120123
0.850585
0.229144
0.562198
0.416224
0.278682
0.659788
1.54965
0.12516
0.821443
0.547991
0.744641
0.873068
0.977593
1.31258
1.56807
3.49074
0.841249
0.852336
0.223831
0.62529
1.73305
0.489511
0.361504
0.884875
0.198954
1.18939
0.78326
0.180826
2.31175
0.370854
0.141075
0.63109
0.265706
2.6672
1.64399
0.872374
0.0533002
2.2478
0.89936
1.49963
1.58638
0.708563
1.85417
1.18058
0.568476
1.54289
0.265227
0.832303
1.38723
1.87806
0.566402
1.99283
0.478429
2.05642
0.118539
0.538627
0.578129
0.737214
0.530917
2.45706
0.822067
0.636837
1.42466
1.25007
1.77943
0.730253
0.428161
1.48007
1.5874
0.707305
0.355434
0.290257
0.410598
0.844052
0.580234
2.22966
1.88066
1.01451
0.726428
0.30864
1.22153
1.24717
0.271887
3.28573
1.13373
0.250882
0.34811
2.28338
1.64467
0.616798
0.122166
1.53742
0.195504
1.25674
3.18853
0.462694
0.499275
1.07868
1.062
1.30171
0.366989
0.202145
0.74342
2.69279
0.973191
0.98032
0.129592
0.982433
1.07135
0.569936
2.58449
0.188879
1.86884
0.731931
0.540049
0.274938
0.828133
2.16888
0.480644
0.603266
2.15787
0.249428
0.301793
0.717449
0.439146
1.58625
0.947791
0.186063
1.31514
0.424086
1.06235
1.91129
0.749231
1.14335
1.15076
0.886566
1.10087
1.00313
4.8673
0.933579
0.475356
1.80674
0.0727932
1.50052
1.17998
4.48069
0.384999
1.77984
0.2753
1.36087
0.997151
1.89108
0.420332
0.366894
0.897096
2.89546
0.350465
1.33303
1.25547
0.627213
0.2858
1.30696
0.520062
0.910832
0.260007
1.8196
1.6879
1.40558
1.30764
1.38945
0.375205
0.240505
4.07338
0.174921
1.31551
1.16788
0.949195
1.81391
0.537381
0.699021
1.62885
0.511509
0.28309
0.594771
0.169427
0.833833
2.31399
0.676002
1.48206
0.478884
1.64006
3.28506
0.341291
1.13877
1.58494
1.64406
0.400499
0.863835
0.624128
0.538319
0.283934
0.112689
0.167577
1.42298
0.703685
0.0572966
1.16629
0.195754
0.248024
0.349909
1.33475
1.55818
0.663351
1.26327
1.46083
0.779575
0.701377
0.351013
0.541138
0.826338
1.51534
0.704599
1.84991
0.346817
1.19489
1.47343
0.146763
0.918751
1.86017
1.51157
0.417154
1.07189
1.12092
0.718458
2.47949
0.484774
0.814925
1.20447
0.572944
0.744295
0.360358
0.915506
1.26567
0.836403
2.45925
1.31972
0.387464
1.19099
1.92653
0.740636
1.23612
0.395047
0.921022
0.219812
0.834826
0.461442
0.448669
1.44072
0.708702
1.73365
0.382866
1.75346
0.617981
0.335394
1.33113
0.129997
1.07672
0.0549764
0.471859
1.69112
1.6981
0.996168
1.231
4.0322
2.31102
0.947879
0.206052
0.191127
0.518856
0.375383
0.221436
0.655298
1.02992
0.262714
0.447419
0.195072
2.72649
1.07862
0.760614
1.43865
1.76835
0.0860096
0.896196
0.513548
0.597436
2.69774
2.0968
2.77386
0.480272
0.668797
1.43945
1.04929
0.407231
1.40123
2.02902
1.62471
0.223323
0.973579
0.277023
1.42101
0.759926
0.693796
1.49097
0.330526
0.955446
0.328042
0.27074
1.45084
0.155759
1.55333
1.48225
0.830544
0.463188
0.495161
0.62417
0.230565
0.64889
0.787648
0.992529
0.84266
1.71639
0.781936
0.721042
1.45622
0.329228
3.1723
2.29752
1.68804
1.82753
0.0247665
0.178626
0.260263
1.06441
0.844156
2.2184
0.808762
1.23584
0.770861
1.38616
0.781012
2.01683
0.237043
1.351
1.50005
1.39056
2.0439
1.85988
1.15189
0.561935
1.55084
4.22456
0.608204
0.335746
1.40858
0.592169
1.26973
4.3791
0.248348
0.165268
1.62658
1.14709
0.536208
0.553822
2.05081
0.11499
0.557779
0.502949
0.235983
0.937071
1.26411
2.56079
1.86838
0.433638
0.417434
1.69703
1.26898
2.85663
0.271742
0.22285
0.179729
2.15166
1.11784
0.775556
1.16488
0.575645
1.42658
0.418768
1.84408
1.5157
0.571824
2.89552
0.373742
2.1595
0.378006
0.729039
0.97951
0.242273
0.94461
1.40371
0.310286
3.42745
0.505775
0.0874581
0.376982
1.84201
0.181621
3.18184
0.908655
0.483258
0.684667
0.599834
2.53111
1.05551
0.56935
0.546706
0.246193
0.681592
0.323885
1.41114
1.52441
2.81563
1.27527
0.494823
0.658767
0.155729
0.382609
1.32646
0.772998
3.00837
3.08935
0.531456
1.24136
0.484006
0.838922
0.521291
0.904694
0.297364
0.252721
1.71232
1.35686
0.479329
0.552873
0.260401
1.21187
0.241619
0.926142
2.06777
0.901221
1.70824
1.17925
1.62612
0.489431
0.963296
1.10909
0.85841
1.33561
0.385287
0.576763
0.974257
0.50002
0.716627
1.15367
0.510557
0.21025
2.0644
1.05834
0.50949
3.62157
0.621519
1.70517
0.929179
2.25985
0.711072
2.59325
1.41474
1.34903
0.762633
0.851259
1.66853
1.37153
0.988673
1.14416
0.751055
2.3756
0.538647
1.15754
0.583132
1.54084
0.923528
0.295043
0.535178
1.50878
0.942203
0.681681
0.837385
1.44793
0.899764
0.920419
0.793397
0.979466
1.71179
0.929539
0.276377
1.58531
1.98634
0.195084
1.14286
0.552889
1.46839
1.85371
0.448238
0.353887
0.437826
0.0735303
0.499715
1.71043
0.234352
1.6217
0.336366
0.84665
1.12891
1.18187
2.83105
0.80364
1.49026
0.71261
2.74905
0.781464
0.666314
2.54641
0.347873
1.52675
0.402924
0.51144
0.175451
1.01325
0.561189
1.89089
0.958515
0.598874
2.58756
2.71509
0.969032
0.9923
2.03215
1.98086
0.726887
1.05094
0.56211
1.17417
0.303016
1.96445
1.13472
0.775622
0.566207
0.345019
0.594103
0.836404
0.922306
1.93906
0.464813
1.34118
0.767085
0.268092
0.283181
1.04775
2.19299
0.585819
0.832527
0.662872
0.8814
0.386874
0.311481
0.44679
0.280922
0.326231
0.783687
0.992834
0.977641
0.500658
1.6136
0.211709
2.2266
1.43301
0.820729
0.69218
0.5532
1.77459
1.11038
0.233497
1.19361
0.486796
0.85088
1.2181
0.601905
0.509515
0.834911
1.34623
0.440495
0.988392
1.05868
0.261734
0.554048
0.216745
1.23714
1.76948
1.38265
0.504541
0.52612
0.378759
0.939722
0.0141977
1.29817
0.192018
1.96882
0.469308
0.794382
2.40306
3.16281
0.0735774
0.510241
0.970084
0.822925
1.14862
1.10004
1.4105
0.692716
0.110718
0.159529
0.106961
0.203837
0.264289
3.29425
0.315684
0.825032
1.35649
1.21806
1.2757
0.538642
0.435036
0.62775
1.91862
0.313141
0.6762
1.01047
0.570387
0.992006
1.16088
1.66215
2.57567
1.56696
0.553351
1.26587
0.346278
2.61129
1.00982
0.216347
0.841745
0.844424
1.91357
0.706335
1.26354
1.12091
0.536352
0.85885
0.460941
0.576736
0.372615
1.37504
1.26407
0.617308
1.03411
1.38131
0.32882
0.934771
2.87657
0.784481
0.903781
0.509442
2.35135
0.802138
0.876077
0.26611
0.651391
1.26759
0.877355
1.98866
0.440672
1.28274
1.17963
0.200639
0.723904
1.20201
1.55234
0.754378
1.66761
0.697491
0.576035
0.732696
1.61316
1.18191
0.740411
1.56407
0.149014
1.58899
1.45577
0.663888
0.339894
2.01799
0.988251
0.52984
0.898574
0.427762
1.63014
0.615396
2.65938
0.894559
1.5929
0.635868
0.636134
0.608962
0.776457
1.15543
0.544722
0.663718
0.946975
1.3631
2.6846
0.909295
1.14923
1.07442
2.3869
0.357762
0.635218
0.238135
0.615326
1.73624
1.78951
0.926679
0.799632
0.555198
3.02142
0.530107
0.416436
0.201717
0.390646
0.550838
0.85994
1.73355
0.483019
2.3981
0.221913
1.23442
0.736985
0.571903
1.45261
0.0754425
3.50909
1.12519
1.51981
0.573472
0.564888
1.78343
0.175201
1.90828
0.417947
1.93116
0.366388
0.214223
0.360474
0.555047
0.666759
0.266453
2.54286
2.40482
1.64386
0.113215
0.514899
0.896205
0.626419
0.419008
1.67211
1.38011
0.317099
0.685512
1.2492
0.534528
0.558534
0.867752
0.476095
1.63204
0.575285
0.573092
0.340992
0.279712
1.82459
0.691252
1.65997
0.200802
0.480353
0.658921
0.311528
0.955581
0.614776
0.659857
1.20297
0.663366
1.08527
1.80177
0.14626
0.314674
0.0698064
0.560394
2.30597
1.47592
3.04917
1.39294
0.516866
0.255579
0.463022
0.506943
0.494845
1.55471
0.392625
0.468788
0.45508
0.918019
1.42647
0.602898
0.356103
1.75585
1.09057
1.58907
0.487564
1.44935
0.942737
0.925974
1.09491
0.202013
0.62501
1.07098
1.28081
2.78405
2.50018
1.17758
0.664517
1.64136
0.602217
0.528379
0.28287
1.1461
1.08493
1.99422
0.450069
0.899982
0.390153
1.47771
1.82659
0.463281
0.366858
0.897846
1.14969
0.954453
1.34969
1.04111
0.334796
0.2759
1.44505
1.23512
0.633469
2.22778
2.25401
0.765413
1.187
1.84891
0.388841
0.46227
0.601323
0.615558
0.131835
1.798
0.872785
1.03441
0.494224
1.16202
1.31168
1.09351
0.569555
1.91313
0.606684
1.50186
0.346975
1.57235
1.04517
0.928913
1.53249
1.87581
0.238048
0.941929
0.960837
0.967588
0.27125
0.895928
1.65685
1.66831
1.1373
0.609738
0.365221
0.393077
1.31186
0.945577
0.771408
0.807288
1.05045
0.465318
0.454676
1.25492
2.34816
0.283512
0.754711
0.455444
0.0941332
1.56663
0.594572
1.14164
1.02341
0.578764
1.84551
0.20026
1.37622
0.132563
1.78615
1.14867
1.34527
1.10968
1.10776
0.627722
1.21636
1.0043
0.49328
3.86241
0.797801
1.42004
0.578358
0.731888
0.626203
2.53146
0.0838676
0.503682
2.03745
1.64137
0.384113
0.386243
0.331799
1.22363
0.620796
0.473314
0.090933
0.0907397
0.176051
1.34766
1.2546
0.47267
0.819232
0.835088
0.550786
2.378
0.609109
0.504157
0.560571
2.36236
0.413298
1.63141
0.755483
0.787467
0.511379
1.64451
0.929198
2.01333
2.44915
0.103298
0.402793
0.379682
0.605264
1.01823
0.870414
1.76991
1.39327
1.30127
0.410274
0.953104
1.74489
0.728798
1.2324
0.209581
0.459892
0.592871
0.068397
1.20903
1.3833
0.340758
0.654321
0.343399
0.400872
0.980045
0.27661
0.0952557
1.57166
0.53728
0.53773
1.14741
0.120133
0.456834
0.330632
1.0413
0.621627
2.5408
0.635874
0.240949
0.51408
2.3328
1.57684
0.781891
1.19364
1.06854
1.44215
1.38471
1.69194
0.428004
0.207589
1.43284
1.49135
2.00892
1.0818
1.52656
0.444221
0.645978
0.915378
2.17585
1.39895
2.48508
0.394519
0.195026
2.598
0.34794
0.289598
1.99171
0.329735
0.772568
0.0616003
1.16891
0.368325
0.6431
0.345301
1.07672
0.408171
1.67349
0.264374
0.526614
1.81962
1.27178
1.90769
1.39244
0.809917
2.28979
0.73379
0.192931
0.726967
0.575769
0.095582
0.843183
2.11815
1.11038
0.893203
1.17891
1.02137
0.642867
0.382352
1.64999
0.487907
0.990288
2.28741
0.716844
0.520069
0.377342
1.79073
0.752992
0.494767
0.364942
0.389126
0.922532
0.157589
0.733353
2.40701
0.538002
1.04406
0.121027
0.730218
0.197752
0.382798
0.257802
0.823477
0.759465
1.02039
0.371927
0.547553
0.458449
1.63173
0.551419
1.92234
1.71734
0.724876
0.703411
2.89602
0.598105
0.0303407
0.158794
0.408468
0.882928
0.35774
1.5219
1.28837
1.71449
2.0801
0.861294
0.856947
1.10451
0.38179
1.84496
2.26855
0.961412
0.904945
0.40869
1.33077
0.887577
0.140763
0.132519
1.36591
0.891701
1.00902
0.738184
0.547521
2.39353
1.65689
1.69806
2.21513
1.19807
1.22801
1.4883
0.651875
0.512552
0.79295
1.60487
0.171615
1.40828
1.35398
0.00641979
0.596535
0.631161
0.293162
0.753198
1.31018
0.0205451
0.348218
0.609777
1.91833
0.394403
1.08675
2.47755
0.50558
1.02302
0.644523
0.894265
2.70037
1.83806
0.657823
1.64872
0.407062
0.680698
0.779084
1.24324
0.301994
1.33216
1.00615
2.84092
0.533192
1.86276
0.769864
0.542154
0.886937
0.452821
0.686454
0.732811
0.225306
1.32572
0.239268
0.570877
0.281152
0.712028
0.923384
1.0662
0.535467
0.217787
0.708828
0.461636
0.159898
0.754355
1.20454
0.545076
0.135498
1.3405
0.633037
0.482676
2.63214
0.960309
1.07204
0.995003
1.28727
0.41241
0.767092
0.894858
0.299397
2.14764
1.70061
2.38407
0.320858
0.690568
0.45598
0.941873
0.762446
1.35945
1.09743
0.353601
1.15647
0.401977
0.940873
1.00537
0.713447
1.0635
0.84177
0.168486
0.633977
0.952262
0.55663
2.1311
0.353631
1.48695
1.39109
0.745728
1.14538
1.68437
0.49647
0.300203
0.717016
1.05622
1.71301
0.180472
0.205274
0.492067
1.25234
1.168
0.293042
0.301849
0.809981
1.27057
0.405862
0.475827
0.903168
1.12767
2.26368
1.04314
0.454537
1.03997
0.178045
0.241125
0.356784
0.9346
0.74657
2.19023
1.21337
1.08539
1.58967
0.528499
3.29795
0.482371
2.64681
0.752808
0.606806
0.691583
0.979004
0.198028
1.12792
0.55968
1.72135
1.65784
1.12703
0.797483
1.79847
0.827937
0.850405
0.214008
0.767256
1.08644
0.490847
1.66219
1.57441
0.628515
1.73754
2.36424
0.134177
0.471589
2.03077
0.566226
0.102038
0.573516
0.842879
0.569669
1.72797
1.36944
0.894271
2.01411
1.24366
0.784059
0.904379
0.749872
0.698219
0.232083
0.102098
0.415816
0.446929
0.441544
0.972711
0.854485
1.03132
1.91588
0.537313
1.69267
0.607598
1.09276
0.848092
0.0952517
0.515874
0.705495
2.43742
0.353693
0.532815
1.08831
0.430527
1.11593
1.82682
0.425198
1.48142
0.688819
0.627404
1.24798
2.60287
0.508741
1.1583
0.841668
0.243181
0.306734
0.680008
0.586304
0.89576
0.495404
0.292993
0.745441
0.843653
0.493004
1.71036
1.06627
0.493829
0.293161
0.423538
0.764055
1.64941
0.312691
0.486136
0.317803
1.38162
1.52712
0.832339
0.637457
1.37992
0.594918
1.02685
0.685168
0.383034
1.02278
0.85312
0.709527
1.28202
1.55292
0.719564
0.190906
1.53486
1.54164
1.55369
0.646579
2.12375
0.68937
1.01477
0.672823
1.85424
0.801431
0.960019
2.31641
0.421057
2.85921
1.17823
0.858971
1.76066
0.287397
0.417205
1.18743
0.962774
0.914061
3.47492
3.63645
1.78679
1.47367
0.868649
0.938377
1.05816
0.442076
0.46299
0.856467
0.0111015
0.71436
1.00854
1.54568
1.36364
1.52109
0.802405
1.26338
0.835287
0.277211
0.504018
0.682417
0.83953
0.62601
0.615197
2.07691
1.96241
0.850133
0.224782
0.874066
1.38215
0.214258
0.556601
0.153622
0.177573
2.23205
1.2093
1.48773
0.738811
0.776667
0.485055
0.75695
0.202682
1.02268
0.990097
0.788503
1.62499
0.575386
1.2388
3.19276
0.502781
0.384015
1.11401
0.779222
1.30599
0.944896
1.27934
0.56379
0.725824
1.34472
0.810624
0.493466
1.40589
0.406259
0.964463
0.215732
1.30331
2.87462
0.0401071
0.944626
0.325342
1.01092
1.54417
1.232
1.3206
2.88339
1.46027
0.164123
0.327777
1.55686
1.92003
1.09378
1.90035
0.720452
1.67093
0.801286
2.48016
1.42644
1.98256
1.45374
0.905943
2.64778
1.01622
0.346478
1.14181
0.898044
0.195839
1.02126
0.998572
0.803089
0.287416
0.49797
0.356717
0.178498
0.548632
0.682539
0.635392
1.06952
1.33577
0.989464
2.05256
0.326166
0.71741
0.368569
0.84938
0.878015
0.238466
0.227792
0.359702
0.359741
0.872198
1.55187
0.158011
0.480302
0.621646
1.75822
1.05092
0.662622
0.242666
0.0408794
0.728247
1.06638
0.51973
1.95833
1.20558
1.06501
1.77572
0.398481
0.816234
0.84008
1.50739
1.51923
2.51364
0.062387
1.5336
0.927878
0.410361
0.968311
2.45281
0.621448
1.02854
0.597873
0.459193
0.408171
0.399719
0.683982
0.269798
0.98131
0.211404
0.207528
0.203233
1.49187
1.85408
0.118052
2.12547
1.33737
0.961841
0.614144
1.59272
0.605845
3.63337
1.22456
0.858864
1.22188
0.645682
1.26786
0.636222
0.821536
0.344389
0.165131
0.338485
2.40959
0.780365
0.0592252
1.87363
0.528377
1.39887
2.0519
0.555583
1.38424
0.486536
0.623418
0.765954
0.798686
1.80773
1.68078
0.723947
1.13629
0.264011
0.457943
1.57131
2.3319
0.125707
2.26235
1.1962
1.21152
1.48225
0.267991
1.49386
2.18154
0.48931
1.55815
0.763599
0.609962
1.6092
1.2335
0.668758
0.131183
0.49146
2.06914
0.211269
0.417134
2.34598
0.709837
1.85764
0.592366
1.51954
1.10274
0.618985
2.29832
0.572413
0.82033
1.07015
1.21171
0.316091
1.43323
1.55156
0.708624
0.249963
0.438621
0.616238
0.556836
0.854072
2.5992
0.934739
0.199286
1.04676
0.632241
0.094656
0.602285
0.343159
1.62111
0.153139
0.822525
0.485572
0.357331
2.42126
0.594645
0.602163
0.979215
0.202199
1.69344
1.62613
0.607264
1.43746
0.38189
1.8257
0.77616
0.361136
0.470521
1.88985
2.06476
1.45664
0.516318
0.584553
0.882058
0.240757
1.15332
1.11733
1.92583
0.222986
0.0992013
1.18629
3.1148
2.13784
1.6516
1.2036
0.948228
0.456604
0.00727306
1.67466
0.287731
1.83975
0.485785
0.981938
1.06849
1.56286
1.00739
1.81265
0.365726
0.940196
1.57933
2.42892
0.452167
0.815037
0.426787
1.12926
0.799074
0.3513
0.949721
0.604051
1.91917
0.221251
1.95452
0.277532
1.87089
0.698502
0.302555
1.08769
1.47867
0.696667
1.37223
0.894132
0.619991
1.72558
1.24596
0.608311
1.14266
0.135902
0.588333
0.692291
1.09975
1.84058
1.87029
2.51971
1.02326
1.01533
1.86529
2.32665
0.60606
0.411596
1.09925
0.356625
1.07909
2.24014
1.16086
1.91402
0.807832
2.12425
0.568624
0.918078
0.494345
0.776934
1.51612
0.245483
1.01952
0.770776
0.900269
0.164636
0.592134
1.15047
0.719884
1.63827
0.499437
1.03291
0.444474
0.439807
0.472478
2.39718
0.733777
0.1887
1.72468
0.88998
0.171832
0.126384
0.820255
0.325043
0.352926
0.201166
0.39886
0.0703954
0.718334
0.865498
0.924981
1.86273
0.647966
1.18636
0.654322
0.590945
1.95756
2.25695
1.15215
1.69781
0.90017
0.621975
0.195602
0.035469
0.229222
0.341439
1.68907
0.239928
2.38351
0.214318
0.971418
0.450099
0.282859
1.87959
0.834932
0.725334
1.19916
0.5762
0.44027
0.287182
1.74611
1.32504
2.73348
0.489861
0.642711
0.375506
1.56532
0.777172
0.610026
0.617027
0.496722
0.498168
0.535752
0.699225
0.540084
1.02348
1.15459
0.407944
1.14078
0.946402
2.77567
2.55142
1.42832
0.259148
2.28831
1.13563
0.405752
2.10216
1.9894
0.307779
0.105348
0.408456
0.190474
0.780556
1.12541
0.210746
0.0736704
1.83315
0.981366
0.257836
2.46771
0.983194
1.09497
0.161156
1.01567
1.8775
1.64094
0.917551
0.065661
0.580223
1.72267
0.750631
0.58908
0.794562
1.45766
1.94129
1.92129
0.206
0.812677
1.09392
1.70097
0.958677
0.975931
1.78766
0.217386
0.91139
0.165862
0.44521
0.363528
0.663246
0.217589
1.25299
1.38176
0.34898
2.70448
1.31683
0.811107
1.35993
1.90649
0.423206
0.290971
2.39738
0.513371
0.966321
0.269736
0.259562
1.31504
0.891667
0.563792
0.809731
0.743258
0.245107
0.0882157
1.48512
0.810506
0.585579
0.300035
1.14926
1.56409
1.35858
0.249179
2.2338
0.463291
2.07221
0.685595
0.657314
0.614942
0.189905
0.948678
0.417678
1.31026
2.97074
0.862008
0.217031
0.889964
1.03924
2.01607
1.59061
1.03556
1.20836
0.400815
0.385928
1.71126
1.42037
0.084378
3.14956
1.07782
1.54896
1.94212
0.395527
0.111965
1.43143
0.141105
0.151348
2.26454
1.29155
2.0478
1.23152
1.95546
0.48792
0.928775
1.31574
0.903921
0.774992
0.480719
0.963314
0.767023
0.511134
0.621107
0.837456
0.455836
1.20723
2.20426
0.926634
0.783059
1.227
0.790543
0.855634
0.13038
0.352336
0.586928
0.584208
0.542832
1.51893
0.0779449
3.54046
0.276304
1.58601
0.410885
0.900492
0.870068
0.289088
1.46032
1.56905
1.1118
0.460224
2.0162
0.414742
1.74237
0.387592
1.68447
0.797519
1.14789
0.451841
0.372519
0.824129
0.345752
0.849135
0.557568
1.18805
0.220066
1.06754
0.189723
2.67567
0.250908
0.524552
0.546438
0.306697
0.94928
0.718962
0.737625
0.781704
1.65316
2.98132
0.743276
0.33181
1.13329
0.663295
0.27322
0.508364
1.00257
0.260037
0.760553
2.64903
1.74477
0.509962
1.13695
1.87838
0.546157
0.681116
1.26674
0.36074
0.795334
1.03555
0.301586
0.784517
0.195632
0.947137
1.12123
0.72726
0.306672
0.493696
1.46691
0.761
0.315633
0.704792
0.840826
0.0838929
1.51251
1.09472
2.33005
0.350652
0.682396
1.14715
1.26685
2.01516
0.670189
1.89137
0.547999
0.639446
0.504053
0.625158
0.852256
0.823656
0.795159
0.779204
0.24161
2.80886
0.698015
0.8982
0.498066
0.412075
2.33023
1.56459
0.945158
0.751946
0.95628
0.805374
0.205122
1.31938
1.1921
2.46388
0.0998835
1.18423
1.15206
0.487094
1.55589
0.458554
0.26009
2.33727
2.80708
0.977477
0.394371
2.14701
0.612569
1.09047
1.64163
1.92578
0.221691
0.839138
1.53661
0.696897
0.588944
0.473801
0.364433
1.76508
1.40132
1.63841
1.28889
1.25801
1.87741
1.74512
0.211726
0.304573
0.461459
0.648531
1.20581
0.727321
0.297427
2.44228
0.572713
1.14293
0.29463
1.04537
1.13248
1.4309
2.12586
3.42387
1.49469
1.37168
1.01925
0.39703
0.200222
1.35026
0.837178
0.665223
0.27046
1.10591
0.885286
2.32099
0.710263
2.14104
0.371469
0.952061
0.514586
0.470259
0.531021
0.583816
0.768442
0.917005
0.442416
3.73766
0.738493
0.580556
0.626301
1.08401
0.536706
0.266228
0.369427
0.836284
0.983553
0.73087
1.19704
0.858256
3.09176
0.471066
1.0893
0.390785
0.466203
0.595855
1.67924
1.36357
2.18028
0.344647
0.448991
0.342557
0.604268
0.898149
3.22242
0.32544
2.46532
0.855783
0.190899
0.201686
0.43111
0.487228
0.763927
0.611302
0.348793
0.300149
1.76659
0.909248
1.53036
1.04164
1.14431
0.528061
0.552132
0.454013
0.50328
1.78099
0.67223
1.68501
0.620721
1.33457
0.990689
0.478768
0.8902
0.0956179
0.679072
0.713089
0.183866
1.04707
1.3323
0.580254
0.845603
0.158398
1.20198
0.517841
0.749011
0.461655
0.68894
2.041
3.17066
0.428471
2.16841
0.472093
1.71443
2.63182
0.823656
0.976244
2.05002
0.30778
0.465504
1.82934
1.88498
0.661202
0.491271
0.856908
1.30259
0.312863
0.629225
2.47313
0.313974
0.379095
2.15132
0.854293
0.8446
0.486477
2.02492
0.73227
0.214316
1.48524
1.85296
3.03019
0.534694
0.290003
0.943191
0.387016
0.228857
1.1504
0.637168
0.222754
0.236043
1.15648
1.18422
1.65431
0.807506
0.877826
0.297075
0.797742
1.40159
0.26516
0.457818
0.500759
0.894688
1.70296
1.64818
0.684965
0.77966
2.59582
2.96399
1.14951
1.52536
0.584008
0.268982
0.299527
1.47728
1.66636
1.01249
0.572948
1.93184
0.430968
1.82061
1.14119
0.820954
1.19686
2.3324
0.455562
0.0564157
1.85399
2.49535
1.20951
1.08814
0.348458
1.01769
0.679411
0.316706
0.232242
1.14266
0.209448
2.41884
0.791421
1.6999
1.42442
0.852387
1.21053
1.29389
0.913526
1.76578
1.09522
1.34153
1.53812
0.280571
2.31722
1.8664
1.22164
1.16904
0.453951
0.335907
0.558589
1.89912
1.17079
0.327167
0.747164
0.0672829
0.717797
2.48518
1.77805
2.77685
0.265574
1.39171
1.37365
0.790383
0.577473
0.343432
1.58136
1.61196
1.77446
0.396532
1.17447
0.4807
1.23602
0.796949
1.87795
1.15888
0.165549
1.54882
0.526332
0.769295
0.677146
1.03143
1.7993
2.37472
0.49311
1.05484
0.863942
0.56343
1.01069
1.06284
0.241666
0.831801
0.908916
0.92327
0.541687
0.482931
0.672583
0.466467
0.249641
0.209994
2.16666
0.577685
1.18847
0.173012
1.65381
0.938081
0.406809
0.423797
1.07073
1.90552
1.4979
0.446592
1.37315
2.26709
0.688855
1.02717
0.169921
0.865091
0.0446856
0.691849
0.844839
0.596316
0.727145
0.504746
0.557893
1.16236
1.68457
0.266116
0.564086
1.4266
1.81607
0.861004
1.54294
0.83683
0.639651
0.563055
0.823002
0.14405
1.00801
1.28569
1.12275
0.453174
1.36353
1.26738
1.66411
0.662526
1.9685
0.295986
0.125897
0.160223
0.19704
0.615323
1.54343
2.75864
0.487794
1.0189
0.625837
0.271718
0.316452
3.79272
0.664728
0.294311
1.5157
0.761446
1.75749
0.767122
0.687387
1.19041
1.78785
0.510556
0.305079
0.230611
0.295294
0.57212
0.961218
1.26868
0.659098
0.684895
3.19981
0.717228
2.20158
0.494474
0.664632
0.580013
1.72748
0.315558
1.506
0.19392
1.04881
1.27473
0.397065
0.37558
0.270222
1.88496
0.830773
0.319616
1.25015
0.600334
1.20305
0.40895
0.312637
0.550327
0.656362
0.930359
0.924246
1.2118
1.69146
0.0579704
0.671857
1.13874
1.37759
0.238083
1.74086
1.08191
1.4322
1.34048
0.978856
1.10451
0.517194
1.2956
2.10574
2.33757
1.55301
0.414632
0.868596
1.31927
0.682905
1.2133
1.62825
0.873351
0.425566
1.02546
1.36673
0.842852
1.87081
1.23899
1.07388
0.506563
1.89741
0.266966
0.788317
1.07917
1.83672
0.618941
0.164247
2.07994
1.03439
1.49421
0.15116
0.532363
0.513814
0.412486
3.00225
0.429528
3.65939
0.529963
1.67511
0.722445
1.22447
1.25186
0.616457
1.37447
0.802196
0.411595
0.959409
0.650976
0.848686
0.215385
0.735824
0.584116
0.434352
0.762386
2.02399
0.863966
0.355225
0.385902
1.49084
0.206627
0.19891
2.23791
0.573913
1.75555
1.06234
0.968836
1.05613
0.564098
0.326326
0.99275
2.923
2.04342
1.39064
0.59026
0.631537
1.91992
0.546887
1.80312
0.294894
0.61675
0.80884
2.23374
2.03032
1.11741
0.707939
0.415002
0.644837
1.54006
0.379382
0.439357
0.931705
1.42412
0.905395
0.364461
0.389194
1.65465
1.22373
0.826949
1.15835
0.966243
2.19623
1.72245
1.22417
0.355511
1.34541
0.193751
2.41036
0.762505
0.99415
0.660967
0.322184
1.38568
0.573895
0.185843
0.305198
0.851064
0.550432
0.592678
1.10856
2.60891
0.760075
0.530242
1.77102
0.355136
0.416031
0.962137
1.52284
2.38562
1.38072
1.36188
1.64814
0.553945
1.5273
2.10612
0.463004
2.59281
0.590202
1.36644
1.06557
0.846291
2.79457
1.34179
0.823173
0.601499
1.03341
0.958386
0.754841
0.697089
0.455756
0.57785
1.13224
0.614288
0.70047
0.565566
1.29045
1.90251
0.975817
1.01839
1.13397
1.24179
2.5535
1.09843
1.0255
0.667817
1.35479
2.75253
0.779239
2.71285
0.686563
0.293631
1.35311
1.21058
0.202371
0.446131
0.674566
1.757
1.86371
3.44109
0.562601
0.29883
1.04053
0.528923
0.462622
0.90721
0.916443
1.29816
0.666532
1.56625
1.26991
0.894248
1.47815
2.84172
1.29142
0.299597
0.348265
2.8602
1.05236
1.83163
0.84405
1.43958
0.309605
1.18746
1.09336
1.05726
1.54009
1.90841
0.801272
0.316227
1.00194
0.624494
0.211805
0.197125
1.05751
1.74591
0.863913
1.11462
1.65292
0.261456
0.929144
0.925588
0.713689
0.308587
0.749833
0.651835
0.528961
0.157846
0.403615
0.46823
0.291494
0.522339
0.272395
1.01574
0.640083
2.15993
0.167464
0.925936
1.40582
1.09309
1.81847
0.295259
1.37747
0.360769
0.724457
0.933767
0.975029
0.812297
0.831393
0.224018
0.479561
0.493551
0.506227
0.893354
0.384533
1.06608
0.963683
1.00001
0.539981
1.53468
0.379641
1.10067
2.05869
0.659996
0.158086
0.577219
1.24815
1.96505
0.416296
1.91748
0.795834
1.4265
0.763791
1.05166
0.70754
0.559849
1.50648
0.224628
0.0826973
0.172442
0.331804
0.974333
2.25489
1.52953
0.85578
0.997807
0.494902
0.851479
0.416023
0.170328
1.12541
0.954696
0.685644
0.191195
1.39411
0.814602
1.72618
0.116371
0.810602
1.45145
0.226097
2.06697
1.19187
1.15209
1.03453
0.410306
1.07887
1.24068
2.6679
0.544621
0.515058
0.185763
1.96642
0.36921
1.29642
1.34564
0.938316
1.09965
0.835252
0.366621
0.431032
1.25206
1.45245
1.2906
1.21976
0.531072
1.07035
0.977886
0.464135
1.21989
2.04377
0.158513
0.166486
1.15759
0.550485
0.264052
0.687583
0.227442
1.33897
0.332465
1.2857
0.32956
0.526936
1.20504
0.289613
0.838589
0.162304
1.72619
0.90492
3.00841
0.641635
1.19861
1.37862
0.56444
0.187046
1.11667
0.900965
0.647615
0.488232
0.364409
0.295134
0.855141
1.49435
0.218578
0.432097
2.59261
0.933574
2.99719
1.49905
0.663918
1.61499
0.243125
0.499195
0.696552
0.516248
1.61117
0.120661
0.864308
0.177844
0.51189
0.527355
0.591265
0.382485
1.68357
2.06869
0.292748
0.312817
0.8387
0.402615
0.172803
1.34729
0.998494
0.519282
0.604887
0.321653
2.67153
0.146971
0.135612
0.776302
1.18349
0.2046
0.705769
0.677837
1.222
0.335479
1.95459
0.432683
0.274977
1.09122
0.693073
1.12651
1.38703
1.55854
1.02286
1.11189
0.363473
0.64781
0.920465
1.67087
1.47829
0.657153
2.5147
1.63981
1.01262
0.916516
2.18844
1.89231
0.475186
0.590537
1.91312
0.33745
0.40429
1.09248
1.72116
0.412346
1.54173
0.101203
0.524066
0.324945
0.559078
0.349607
0.589931
3.39155
0.415126
1.5798
1.00287
1.18946
0.183412
0.808946
0.672837
0.805215
1.85436
0.494785
1.16486
0.427792
1.07577
0.370639
3.05001
0.194045
1.88096
1.2888
0.314104
0.777337
0.979564
0.558087
2.18205
1.98366
1.35496
0.130958
0.318992
2.16318
1.04885
0.325939
0.777996
1.75612
0.75637
0.390807
1.01423
0.754288
1.7116
0.502518
0.445109
0.280669
0.427956
1.44059
0.10394
0.524567
2.2602
0.770903
1.32633
0.748825
1.80017
0.291546
0.327679
1.35211
0.240669
1.03434
1.99812
1.29843
0.601679
2.42993
1.1339
1.27247
1.10586
1.33992
0.0944406
1.2714
0.377571
0.197497
1.82678
2.09443
0.33546
1.23607
1.43856
1.42561
2.91447
0.614895
0.663384
0.567004
2.01524
0.978609
0.778095
1.19094
0.104537
0.953455
0.900536
0.981548
0.7564
1.18204
0.491344
0.442398
0.386684
0.465875
0.273537
0.377753
1.23041
2.1441
0.511252
0.426001
0.794509
0.637994
0.440102
1.81043
0.811964
0.579965
0.612926
1.19085
0.964958
0.344159
0.81944
0.921705
0.544604
0.577355
1.37168
1.14275
0.307765
0.612869
2.04571
0.877563
1.26294
2.25009
0.640636
0.802673
3.19822
0.333216
0.711018
1.04228
1.11515
0.771097
0.592744
1.41297
0.726025
0.591175
0.455335
0.731009
1.004
0.610763
0.340862
0.935609
2.10616
1.84365
1.19241
0.531504
0.339466
0.531832
1.3818
0.631514
0.478355
0.403784
0.563653
0.979818
0.68755
1.22733
1.11273
0.73297
1.16936
0.561741
0.63024
0.315757
1.07696
1.91378
0.350798
0.649683
1.04671
0.388387
2.3727
0.73566
0.681696
0.295503
0.857781
0.217161
0.46917
0.418227
1.46926
0.274412
1.32173
1.61085
0.246537
0.791621
0.67992
1.30409
1.0914
0.57575
1.59202
0.712678
0.750292
0.333774
0.562952
0.615502
1.21833
0.632458
0.0553847
1.45036
0.907258
0.12145
1.87119
1.01218
1.24961
0.474201
0.640282
0.279747
2.0334
1.55795
0.250556
1.19489
1.83958
0.308452
0.567712
1.35113
0.80084
1.44107
4.12606
0.912062
3.40401
0.40864
2.10061
1.25804
1.52758
0.344395
1.05797
0.914666
0.652059
0.0944079
0.998377
0.748348
1.8049
1.89631
1.02898
1.73482
0.734346
0.234957
0.814299
0.172767
0.672609
2.40513
1.03166
0.520077
0.584553
0.485144
2.00256
1.49887
1.9793
0.310238
0.379468
1.98593
1.58431
0.835518
0.426877
0.409109
1.5118
1.16889
1.14781
0.444444
1.64347
0.483723
0.742047
1.87618
0.730351
0.698668
0.47893
0.348264
0.834704
2.34705
0.876177
0.975765
2.01914
0.521238
1.01456
0.398202
0.209135
0.393876
0.537403
0.490401
0.976323
0.383698
2.0765
1.00891
0.718422
1.0684
0.765572
0.954057
0.361176
0.915967
0.343663
2.63407
0.197271
0.661284
0.172265
0.179553
1.40577
1.38207
0.72231
0.637703
0.958717
0.351314
0.221716
0.843926
0.469431
0.583899
0.576987
1.82429
1.57027
1.79148
0.428207
0.0457671
1.60286
1.05364
0.43344
1.1155
0.987401
0.807389
1.04346
0.462242
0.906711
2.0541
1.18698
0.717638
0.613771
0.882367
0.684969
0.19689
1.86238
1.73115
0.693329
0.83029
0.489325
1.65882
0.560252
0.62533
1.53795
0.584624
0.870686
0.737193
0.309808
0.454988
1.74085
0.692289
0.688524
1.61618
0.220164
0.422363
1.67288
0.935554
1.33534
1.62132
1.32708
1.71579
1.46947
1.13237
0.35215
0.938007
1.48731
0.84043
0.242708
0.789794
0.519883
0.995728
0.608819
0.660069
0.713461
2.26966
0.573427
0.305943
0.132328
0.263402
1.08074
0.057163
0.914135
3.35935
2.41511
0.79139
0.235144
0.651205
1.05608
0.239817
0.242821
0.528563
1.01362
0.838436
1.70002
1.84213
0.973294
0.599533
1.44019
0.529841
2.93373
0.952025
0.115842
1.163
0.396671
3.65348
1.1085
1.6163
1.49817
0.439712
0.636828
0.259285
0.371196
1.06839
0.45132
0.744719
0.987127
0.915732
0.649596
1.85851
0.671131
1.15628
0.631016
0.237355
0.571308
0.650422
0.536222
1.57663
0.752396
0.625894
0.876661
1.68073
0.635981
0.346227
0.414739
0.653328
0.922719
0.320926
1.32305
0.338238
1.32699
1.20141
0.459955
0.802983
0.919608
1.76892
2.13861
0.126486
1.3554
0.105276
1.37851
0.719648
0.732199
1.09678
1.29676
0.375119
0.665855
1.00629
0.190619
1.4122
1.56359
0.964936
0.44157
1.15793
0.0866775
1.93608
0.749661
0.717728
1.45197
0.651552
0.440393
3.06135
3.91492
0.917446
1.65003
0.669728
1.1803
0.596703
1.52962
0.754533
0.65781
2.45156
0.631792
0.31072
0.362477
0.548359
0.427441
0.297965
2.02856
0.709072
0.109342
0.171556
0.663267
0.362662
0.665695
1.39172
0.999056
1.01807
0.665239
2.86618
0.840604
1.81592
1.15115
1.01539
0.701042
0.609406
2.03309
2.77366
0.727691
1.20049
1.26707
1.15995
0.572332
1.92701
1.06413
1.33774
0.9168
0.494886
0.923404
0.512133
2.60294
0.307354
0.768444
0.549817
1.28434
0.781481
0.590878
0.870587
1.41628
0.132078
0.759672
1.16378
0.747362
0.241428
0.524103
1.62578
2.24292
0.511667
0.850539
0.908603
1.08922
1.09054
1.03245
0.791531
0.536168
2.7317
0.978383
0.401181
0.505739
0.309987
0.274245
1.69511
1.06427
1.74089
0.683655
0.715328
0.782175
0.636522
1.2413
0.453154
1.55552
0.435831
1.71429
0.367394
1.87926
0.337399
0.621996
1.87216
0.476259
0.719708
1.36034
0.499255
1.08607
0.513248
0.870086
0.173542
0.609747
0.558543
0.288868
0.663151
0.725998
0.538597
2.42515
1.10136
0.281684
0.254383
1.96753
1.07952
0.760249
0.71165
0.513345
0.946893
0.465305
0.593344
2.30563
0.128206
1.20507
0.647249
0.927434
2.75341
0.625472
1.00149
0.497664
0.164522
0.0723683
0.214893
0.363277
1.96814
1.03907
0.820196
0.578925
0.231496
1.56079
2.92744
2.86601
1.34979
2.04135
0.805264
0.573419
0.27058
0.808545
0.453328
0.619543
1.4954
1.53578
0.934884
0.549587
1.538
0.228263
2.24662
0.400748
1.45665
0.97538
2.53591
0.922132
1.96395
0.887227
0.691264
1.16085
0.367987
0.99569
1.86456
0.654705
0.262341
1.92969
0.351864
0.0819197
