-2.07873
2.06074
-0.142678
-0.206483
0.0881226
-0.544629
18.7393
-10.6397
0.260628
1.35147
0.658143
-1.1624
-0.778812
-0.893442
0.376324
0.139415
-0.304844
4.12394
1.0886
-1.75543
-0.46891
0.446525
-1.69739
-0.134433
0.338782
-2.84592
0.986009
0.18979
3.93088
1.65848
-0.608758
0.932408
-1.53762
-2.2612
0.998783
0.0173793
-2.25715
1.09187
-1.42438
-1.17458
-1.01097
3.81646
3.19025
-21.237
1.61689
1.84433
0.871119
-1.30585
-32.6114
-0.183222
-0.628161
0.78626
1.59136
-0.462056
0.322893
-0.525803
0.567666
21.2244
-0.221615
-0.44991
-1.24839
7.50608
1.07963
-1.02778
4.54933
0.888113
97.4256
17.0855
-0.289364
0.151823
-4.00444
-0.60862
-2.63821
5.34272
-0.319959
1.08453
-0.164705
0.90844
-0.00129965
-4.34755
5.79469
-0.371522
-2.51959
8.05549
0.335297
-5.32681
-1.16103
-0.184085
-3.44819
0.389429
-17.1287
4.03751
0.389659
1.39445
0.0659169
-1.13208
16.4967
2.32516
-11.2672
-0.636231
1.81632
-0.719933
-2.1965
-0.292296
-1.54755
0.675262
5.30294
-0.648903
0.387097
-0.0548016
-2.68944
0.29205
0.192607
0.947577
3.20491
-2.2559
0.132116
7.89764
5.01318
3.92905
-0.422623
0.812236
-0.0634678
-0.234693
-2.07483
0.682777
0.59507
-0.359288
1.09064
2.5759
-3.74989
0.703705
1.26296
-1.02159
-0.0882213
0.771139
3.05997
1.70148
-0.3592
-0.52848
-7.49937
-1.61661
-0.0396001
-3.29506
7.90032
-0.998471
-0.170855
2.64555
0.663161
-10.2145
0.0907654
0.155218
0.521004
-7.79924
0.794728
-3.08054
1.29393
0.109941
-0.375379
-4.98582
-2.88335
-0.581982
-0.189859
0.823061
-1.14764
-0.305789
1.77648
6.23929
0.121026
-0.0447212
2.95375
-0.352983
0.448999
-1.5474
0.182999
0.552017
2.43939
-2.80364
1.00502
-2.19717
-0.200056
-0.439091
-2.00761
1.03968
0.543388
-0.0260933
-24.8547
-1.50738
1.74734
0.771022
-1.06068
-0.201912
1.1746
-0.239045
3.26863
7.19808
-0.482426
80.2756
0.091051
-0.511012
0.569754
1.75359
0.240322
0.0216255
6.60102
1.02549
-5.54391
0.986924
-1.0626
0.101709
0.297215
2.20848
3.17838
2.54026
0.246716
-1.48677
0.782589
-0.372399
0.163254
-0.974525
-89.6139
0.313719
0.772982
2.23965
-1.69074
-1.03404
0.851344
0.385719
0.572781
-0.463655
4.68141
11.1036
13.6043
-0.194006
-12.0343
-0.875244
1.09316
-0.356038
-4.49786
1.30132
-1.25469
-0.28384
-1.30757
-0.29724
-3.23953
-0.431317
0.603017
-2.24013
9.36569
-0.377332
-0.155413
-0.0787276
-0.852781
0.929622
3.89737
570.363
0.432466
-3.57591
-1.42245
-0.0309768
-1.32212
0.956579
-0.551589
2.40737
-1.68876
-0.207717
0.749891
2.26998
-0.318399
3.83729
1.04068
-0.431752
1.07939
-1.83815
-0.328591
6.55543
-0.640007
-0.95919
0.545563
2.1253
0.804785
-34.6494
1.74788
16.6401
0.514131
0.449334
0.240078
-2.13919
-0.436551
-2.61194
-4.55381
-0.630139
-1.10095
-1.16639
0.489851
-3.47449
6.02002
0.804253
1.48127
-1.50018
5.15998
-1.21416
-56.5097
3.09213
-0.075663
-5.27265
-6.23622
-7.48402
-1.16886
-1.96495
-0.54462
2.34566
0.876834
0.31892
1.00309
0.734889
0.133983
-1.0378
4.81637
0.647531
-0.390826
0.783592
-1.00464
-0.528424
-4.84089
0.547145
0.568362
-1.87264
-6.9968
0.631492
13.974
-0.302591
7.99332
9.40225
-0.288344
3.63924
-0.337735
-1.84924
0.866254
0.140647
-1.16852
0.0812046
0.0490259
-1.28591
0.239739
1.06048
0.367446
-0.856856
0.957105
-1.23118
0.866743
-10.3334
-0.649986
0.429672
0.966317
2.52513
18.1686
1.6971
-1.95731
0.539583
-0.00976067
2.63023
-3.65833
-1.44228
-1.26337
-3.25754
-1.02216
-3.59551
-0.0351064
0.0335532
1.04539
-4.8978
-4.14757
-0.903914
0.00330158
0.139703
-1.64983
0.97152
1.89943
1.63633
-1.38228
-8.38991
0.219927
0.033469
0.228434
-0.258761
0.563059
6.07773
-1.6412
3.18695
0.439333
-0.833847
1.1488
-1.45027
-0.653752
-0.720862
-2.01813
1.58809
0.284738
-20.306
-40.8961
-0.427028
-0.58756
-10.4384
-2.61132
-1.22558
7.82607
-0.110939
-0.774004
8.75862
-1.32989
-1.45809
-0.0813283
0.825708
0.3576
-0.880253
-0.825325
0.652104
20.1546
-2.11216
1.66807
-0.188846
-0.333166
-2.58735
0.821208
1.55183
-3.01871
1.82798
1.90316
-0.0906578
-2.90346
4.39745
-1.42148
-3.58041
-2.65091
-5.13846
-0.62208
2.63451
-0.524063
16.3397
0.0819864
8.38345
-0.141131
-1.95426
0.518891
-0.264182
0.482599
-0.792979
36.4938
-0.757915
1.89308
-0.26868
-0.141745
-0.271173
-0.460861
-1.00235
-0.172368
-0.332277
13.0186
-0.645712
1.65894
3.08552
1.33738
-0.179578
-5.75276
0.366892
-5.40708
-2.20885
-0.364651
-10.4365
-0.109935
0.117787
-0.497607
-0.653368
0.577976
-2.76002
-2.13538
-0.450582
-37.2949
-3.22922
0.0156061
3.00528
-0.808699
0.54675
2.5285
-1.243
0.206979
0.372437
-2.83416
142.837
2.21783
1.41276
-2.89477
0.417267
45.8455
1.29521
9.05165
0.705214
-19.7459
-1.39641
0.0116013
2.99545
0.0503337
-5.30917
2.62399
0.927301
-0.996498
8.07747
1.02603
1.85666
0.325264
0.912376
9.17565
-0.620131
-3.03631
-0.331406
-3.16479
5.04541
7.19085
-0.0734892
3.48223
-1.95404
-0.67059
-0.610579
-0.860993
1.13484
1.32537
-2.19877
0.998232
0.481812
-0.350901
-1.02636
-0.964727
2.73682
0.178632
1.40961
-1.23897
-0.241605
22.7238
-2.51188
-0.985003
-1.70599
-0.13645
0.805002
0.0300475
-0.540835
13.9175
-2.26764
-12.0895
1.31434
0.55306
-0.106826
-0.131977
16.5382
-3.88648
-4.33996
23.4969
-4.92922
1.13232
1.33764
3.00837
-2.61588
1.22082
-0.364067
-0.61968
-1.00934
0.95252
52.3316
-17.0594
-0.738521
1.85803
-0.0206809
3.07239
-3.12621
-0.298139
-0.0404554
-0.941999
0.604072
0.846326
-0.900356
11.334
4.431
-1.49305
0.940414
7.56011
1.28325
2.06406
-0.475679
-4.09041
-2.76933
4.23963
2.64604
-0.677031
-1.39867
0.434756
-0.633093
-3.03612
2.24862
5.52038
0.286258
-4.07791
-11.8725
51.4947
-3.95234
-16.0504
2.56027
-2.26151
-0.238665
-0.0246452
0.593473
-1.45962
-5.76008
0.164885
-1.53818
-1.87979
-0.708558
-1.8562
-0.631891
0.130218
-0.493297
1.16311
-0.0431621
-0.447823
7.05209
-1.30191
0.414357
0.00010366
-7.36892
-0.0707952
-0.559479
-30.3817
5.40773
1.57564
2.68998
0.912369
0.588528
-1.15132
-0.821498
1.7912
-0.594254
-0.531629
-2.24145
1.60135
9.42793
-2.73629
-0.667634
0.271169
0.0797862
0.338425
1.46037
-3.27287
2.52674
0.0342099
-0.961271
2.6894
-1.2699
-0.161961
-1.38604
-12.9509
71.4013
3.23106
-0.180641
-3.18938
3.79485
-0.150558
-0.483029
4.27097
-0.00897494
0.0327746
-0.318859
0.45056
-2.51284
0.632982
-0.228562
0.430711
-7.88134
-0.744163
0.867176
-1.79209
1.81172
2.73321
3.20459
-0.00262924
-3.56373
-0.712241
-0.169976
-1.70216
0.557584
-0.466252
0.241632
-0.296322
-1.50504
1.20526
2.1989
-0.0609153
1.62631
1.14134
0.759672
0.993973
-2.10259
-0.642998
7.96747
0.0472798
1.7172
-0.265694
5.69929
1.6036
-0.6689
-0.150432
1.8753
0.9118
-3.31867
0.488814
0.409224
-4.33608
-0.363886
0.133455
-0.51111
1.12447
-2.08414
0.57034
2.66261
-46.1885
-1.44396
-1.08215
0.014756
-0.346451
-31.9312
-13.6944
-14.6766
-0.356221
4.19359
-0.474528
-0.283017
7.29878
2.01532
-1.81206
-0.712548
4.01004
0.249564
0.892731
-0.846202
-1.24342
-0.14468
1.93991
3.39351
-1.24599
-0.0866681
-12.1806
0.398709
0.0133454
-26.209
1.16993
-1.0506
7.95953
7.13975
2.2275
-1.15492
0.548803
1.47728
58.3586
-1.74656
4.08575
-2.06768
-0.0228736
-3.22183
-0.734471
-1.54273
-0.22648
-0.393506
-1.05412
0.666868
0.92904
0.113133
0.769067
-0.114616
-2.14904
-0.141575
-0.320857
-0.550229
0.796453
0.557459
-0.706664
3.99791
-24.3742
-0.416919
-2.24887
0.361406
2.4529
-1.33176
3.99097
-5.53487
1.41895
-4.16455
-3.20176
-0.708315
27.7118
-0.619044
-0.031721
-4.21818
-2.05435
0.751185
-8.9987
0.63452
-1.48909
0.13543
-3.79204
-0.682761
0.185881
0.0714782
-0.402644
7.71621
0.789816
-0.383313
-9.3415
-0.681255
8.15719
0.248419
3.02013
-1.44607
-0.753979
-6.28466
0.0950617
-3.05794
0.267919
2.43072
-0.758878
-0.699707
0.415509
-1.53843
0.372857
-3.03225
1.90201
-1.82568
-0.914749
-3.47656
-65.5443
-0.888959
-0.800419
-0.0110327
-10.486
-3.66279
-66.2568
0.632349
-1.35567
-0.0695469
0.0697643
-0.0842492
0.0199651
0.66658
10.5218
-1.11972
-0.148899
-0.223054
-1.00143
3.1904
-0.991306
-1.40951
-2.67453
-36.7853
-3.1746
1.04367
-0.771121
0.392476
-3.0375
9.77431
-1.02015
0.0272453
-0.19785
-1.34688
0.266413
-2.74544
-0.258988
1.02815
0.490422
-0.083157
-3.12019
0.126574
-0.657338
-0.997037
0.649231
-0.753574
-0.306263
-1.31772
-6.13733
-0.284655
-2.3474
-2.34986
6.97742
-0.519177
1.97963
1.67149
-0.297549
-0.513456
-0.654038
-2.95415
73.2484
5.38383
-2.19334
-0.653174
22.0589
-0.309403
0.447519
0.886756
-5.9284
-14.1276
0.577341
1.1265
0.868975
0.761769
1.06057
2.93382
4.0128
3.82212
0.289005
3.4688
0.870639
0.00786822
1.50228
-1.9513
0.47561
-0.227449
-0.794213
0.483032
-0.00161403
-2.75014
-3.52949
-0.169976
0.327331
-1.49067
1.36015
0.379154
-0.0995025
-0.0955968
0.892849
-0.45774
1.51105
-1.30313
-6.18907
-3.70898
-3.40144
-0.0995648
0.931496
0.728795
-0.632462
-1.93297
0.339446
142.837
-5.21374
-1.0071
-0.334189
3.52294
1.06775
-0.602794
0.184748
-0.01441
3.14086
-1.2016
-0.754103
-0.674669
-0.827606
-0.320892
0.133144
-1.91993
0.390902
2.52911
-0.468327
2.22519
0.115697
-0.411505
35.6306
1.21011
-0.430255
-4.37618
-3.92098
-0.0875793
-0.33837
0.17329
0.0783393
-0.284046
-1.36126
2.87096
10.8681
2.91852
0.609807
4.13774
0.999949
2.26507
0.119787
0.249309
0.439083
0.988521
-0.961905
0.523712
0.414481
-1.45995
2.62464
0.190411
-1.37339
-2.54192
-1.70962
0.608123
1.3389
-0.418737
-0.427986
6.06016
0.24483
1.6448
-0.611723
12.0601
0.253813
0.367551
-1.29655
-3.09454
-0.150356
1.48427
2.00817
3.26973
4.92113
-3.01225
1.48994
-1.70153
2.40425
0.579848
60.846
6.27367
0.591459
1.37951
3.25569
-4.92925
-2.13427
-1.537
1.88732
-7.14874
0.228389
3.57469
0.0783324
-0.369092
-0.507429
16.3851
-2.23787
-5.94981
-1.59199
0.125996
0.039622
-0.197261
10.2957
-27.658
-0.19772
21.7557
-5.29449
0.622765
70.228
0.497541
-1.5455
0.68612
-3.80562
0.776224
-0.2752
-0.472658
-0.241171
0.701492
0.43005
-21.6109
-0.822542
0.549369
-0.508988
7.43603
-0.981118
-0.032613
1.19837
-6.22159
4.09113
0.0547685
7.26314
-71.9641
-0.262292
3.27956
-4.08606
0.303555
4.01699
-4.86658
-1.79473
-4.31918
-0.685597
2.76265
3.48938
44.6341
-0.927601
-0.0774424
-6.09683
0.192632
-2.653
0.206235
-0.590426
-21.7948
1.72943
0.32394
15.7279
0.0867689
0.223193
-0.297677
25.682
4.46629
-0.968961
-1.25935
0.882732
0.062923
0.233119
-0.222321
-3.7655
-0.374847
2.65751
0.0135015
-2.04196
0.507851
-1.1061
4.33857
-1.41011
0.285767
0.426514
-0.438572
-38.8911
0.609412
5.70077
0.388195
0.00508367
2.84092
-1.66157
-0.885419
-0.607981
-0.859344
3.14348
-2.9752
0.911281
-1.39742
1.43448
-0.588912
0.0353471
3.29498
-2.8229
-0.296697
-9.03733
-1.4872
4.76513
1.31233
1.99653
-2.07035
0.883487
-1.04505
-1.17234
-1.13178
0.154322
0.129168
0.185116
-1.88268
-0.373129
22.3128
-0.931272
-0.288877
1.38067
-0.28875
-1.51022
2.33038
-9.38432
-0.780828
-0.283681
-159.972
2.26126
0.883925
0.0682821
-2.7633
-5.27439
-0.161745
0.245577
2.76992
-0.911394
-0.0980027
7.19159
-1.11523
0.541451
0.241909
-1.18508
2.5224
-0.795233
-2.10516
-0.227935
0.24325
0.890041
-0.237066
1.36714
2.7467
-0.459556
-1.41143
-1.19561
-0.922792
0.534439
0.480541
0.181066
0.355194
-1.89352
-0.528517
-0.271107
-0.136049
-2.57022
0.223561
0.132548
0.164278
1.86748
-0.447995
-1.23426
1.27674
0.920501
-0.174116
-1.67277
1.28473
10.8833
-0.531504
-3.24962
0.187355
0.244781
1.30856
-0.0626819
-0.542199
0.124136
0.806198
-0.435799
0.426254
76.9587
0.564637
-3.76154
-0.466581
-1.23943
-2.54256
0.0278864
0.254969
-0.473767
-0.491783
-1.4789
0.606713
-0.861408
0.0287456
-1.94325
1.71952
0.314912
-0.0963329
0.715469
1.04279
28.7909
0.708962
-1.84901
-0.176638
-1.4716
-0.154363
-2.4938
-0.536891
0.051448
0.30803
0.90181
-0.228207
-1.31704
0.26493
2.12479
-0.659484
4.63878
-1.69646
1.85831
0.224008
1.09975
-0.257678
1.13557
-3.25664
-0.831717
8.15209
5.48171
0.255416
0.0184685
-0.139332
2.2634
0.266701
1.63955
2.15819
3.72397
1.35317
-5.11959
-2.23967
0.978213
0.309112
-1.13674
-3.28767
4.19542
-1.40897
2.21477
-1.24732
0.547739
-1.34831
1.04641
4.58099
0.164138
5.94984
-1.12091
4.03963
0.107141
-0.28199
0.497879
0.141486
2.54859
2.26502
1.96857
-0.347936
0.852919
0.315819
-2.62198
0.0657666
-1.77867
-2.79882
7.55712
56.7358
152.237
0.239381
0.0364935
-0.3792
-0.351954
-0.239196
2.06766
-0.405439
-4.36083
0.308875
-10.2952
1.73853
-2.32138
-0.503845
-30.5574
0.20326
-1.53006
-0.137388
-4.5513
-0.579999
5.8508
1.71149
0.152214
-0.0517852
0.834498
1.15614
1.89381
-0.0412807
-0.522231
-1.36273
-0.576043
-3.48853
0.164416
1.20161
0.713706
1.72159
0.678973
0.252271
-0.752186
-1.51469
0.367815
-0.606505
-1.04939
0.47998
-0.715672
-0.881961
-0.222928
-1.1778
26.3412
5.29297
0.241096
-7.53146
-2.705
-2.99021
-0.0579838
0.507508
-2.33013
1.37928
1.70194
-2.3634
1.10938
0.235959
0.714668
-1.07563
1.51294
0.580856
0.404727
-0.591173
-1.53899
0.633147
5.82438
0.204053
-2.84638
-0.764005
-0.111898
2.08946
-12.7945
0.318678
-0.195219
0.104644
2.66121
1.52153
-5.7116
0.854801
-1.3859
-0.0384548
0.640663
1.06297
-2.55213
-0.822667
-1.25243
-23.9247
0.488828
0.286694
0.998946
0.471075
0.0155849
0.421448
-0.526127
5.43787
-0.734986
4.49405
2.13464
0.0522965
-0.0874453
-0.0739614
-0.357016
21.456
-6.79946
-1.37085
-1.44707
-5.48255
-15.9431
-0.387153
-3.08721
1.73778
-2.79726
-0.551992
0.77747
0.573408
0.869792
3.89099
-0.577761
-7.74354
-1.13178
-3.0184
-0.301418
-0.657722
0.477568
-0.442378
6.41222
0.423801
-19.48
8.40498
-4.20918
0.17229
-2.87044
-0.738883
-2.25306
-0.0941176
0.513573
-0.0523196
-0.52448
0.449382
-2.28277
0.234322
-0.710984
0.184004
0.0342134
-1.58814
1.15892
-0.297069
-0.00491328
-8.37648
-0.11779
0.409666
1.59094
1.74187
0.305856
-2.33337
-0.336633
-1.69506
0.191113
-1.23684
0.371112
1.39056
1.02842
-1.30392
0.494982
-7.15615
0.727246
-0.418496
-0.55992
0.863495
-31.9921
4.18964
0.0500921
-2.16711
0.352815
0.529213
-0.426645
4.14138
1.21641
0.564048
-0.62721
0.537489
0.821419
-0.379792
-4.71648
0.662017
1.49657
1.38588
1.58091
-7.59331
0.167166
-0.242589
-47.211
-1.96427
2.21858
-0.909878
0.813737
4.44184
-12.5717
-1.73817
-21.8151
-2.34945
-0.654957
-0.231508
1.47775
0.516081
-0.849506
-0.216091
-0.951254
5.55701
2.42934
-0.964664
0.346133
-0.50906
-2.49283
-1.49361
-0.0798458
-0.0135261
-0.147769
0.358191
1.42866
-0.114328
-3.18562
0.114264
-0.572359
4.67931
2.01424
0.411969
-0.674279
1.93115
0.0210119
-0.691799
2.23182
2.36986
0.815909
0.24861
-0.577935
-5.54094
1.63087
-0.0357706
-9.04923
0.657686
0.548331
-7.35361
-3.25797
0.419232
6.49659
1.48539
0.0385267
-0.439416
-1.15063
1.53655
-0.426966
0.00612324
-0.268763
-5.2869
0.327522
0.11194
44.6197
1.51728
1.7478
-0.18416
1.94544
-1.77686
0.556123
-19.1497
-0.334395
-0.486092
-7.62885
39.3369
1.00011
-0.173133
0.364119
3.93981
-0.404668
-0.631281
1.42016
2.70912
-2.01918
0.355004
2.27521
-2.0415
-1.06135
7.12812
1.39509
-0.529699
0.158161
0.159981
0.282213
-0.414642
0.391991
1.79274
0.151105
0.0619671
2.04166
-13.83
-4.26789
8.08763
26525.5
1.97649
-8.96999
5.15699
3.02569
-0.427427
0.296958
-0.193448
1.57167
-0.867395
-4.06626
3.49432
0.192179
-0.836005
-0.112144
0.46937
-1.8691
-0.0927769
14.1052
1.11835
-0.040286
0.411066
-0.464896
0.896215
0.45874
-2.06538
0.538643
-0.44039
3.49616
-0.848203
0.0562732
0.494387
-0.752193
0.375695
-0.322832
-1.45517
1.022
0.0855932
-2.28546
-0.859694
0.966403
-4.42107
0.32549
-0.291384
1.17484
4.54216
0.30327
0.596822
-0.341741
5.79159
-2.11731
1.25841
0.91706
-0.673759
-8.69101
-0.728646
-0.897541
-0.986608
10.3093
0.924041
0.654898
-0.000745918
-33.1566
-0.729848
-0.452379
-0.479726
2.05602
-0.481166
-4.41114
-0.5205
-10.2267
-0.914419
-0.00638338
0.0269467
0.0449574
6.40753
0.494026
1.76788
-0.41223
7.47119
6.49614
-0.698569
-0.821317
-4.78371
-1.90222
-0.00133142
-0.978188
6.33771
1.13497
-0.939212
0.816754
-0.166607
0.0406201
0.725353
-0.298067
2.22981
-19.2144
-3.51803
1.03265
-0.0697921
-0.674265
6.76561
-1.52363
-1.76308
0.820416
-1.07174
-0.546261
-0.380593
0.959101
-0.230173
3.56222
1.01548
-12.9662
-1.14147
-8.99416
-0.913322
-0.582788
-0.634807
0.958698
2.30296
0.641994
-0.0503854
-2.83036
0.250845
-3.6442
3.9717
-1.20268
0.205183
-1.5368
-2.92239
1.07012
-3.379
-12.3226
-0.511848
3.81943
1.05213
1.26857
1.49119
0.430172
-0.122861
-0.597022
4.28269
2.95368
3.3101
-0.163606
0.786357
0.46286
1.08958
-3.08917
1.49508
-0.265408
-0.244547
0.98459
-0.505288
-3.30318
-1.0323
2.49122
-0.262477
-0.411227
-0.469148
0.305642
1.81316
0.841569
-0.684265
-0.0747597
-0.0213978
0.422913
-0.523221
0.596326
-22.2179
-1.88268
0.142146
1.99312
2.9631
36.7014
0.170775
-2.12309
6.16094
-0.849027
-26.6386
0.762667
-0.708103
-1.28745
0.528538
0.154423
-3.86817
-0.506746
0.101893
-0.441182
0.987815
0.247736
-0.925322
2.16943
-2.68416
-0.869272
0.364168
-2.22415
0.85446
0.183433
0.23053
0.783642
-0.474473
-1.04857
-5.68163
-3.48959
-22.2599
1.70156
-16.1282
0.344029
3.22112
-0.486083
1.0553
-0.133882
1.68184
1.04499
-0.0100583
-0.105651
-2.20481
-1.04907
-0.0668352
0.0820716
0.581265
-0.414199
-7.89755
-0.269057
3.54668
-0.953645
-0.736676
-0.607021
0.0973268
-2.80789
2.10513
-74.9772
-0.595918
-0.22177
-0.456588
-4.24699
1.25127
3.57276
-0.19952
-2.13508
1.53509
-1.1467
0.89297
-0.227035
2.45656
0.865954
0.835948
-0.636293
-0.0163345
0.301797
0.704073
0.242892
-2.07768
-0.730106
0.883341
1.00586
-0.590341
0.962671
0.959176
0.108586
-0.0704306
-1.41819
-0.569783
0.131485
-3.42106
-0.287001
-0.300492
-0.104558
0.846565
0.00715707
-2.25728
-2.15173
2.33165
-1.35818
0.0743881
0.774035
1.51569
-3.85183
-14.3572
0.790056
-2.41695
0.703089
-2.90018
-1.50403
0.939351
1.35613
5.04103
-1.28557
1.36616
0.811419
-8.09947
0.576511
-0.241662
7.50643
-6.73428
-0.562694
-0.704332
0.281347
-0.0857906
-1.21773
7.31566
-0.590358
-3.23721
-0.385174
0.529466
0.6278
1.27576
-0.164365
-0.612534
1.87039
0.246608
7.77653
1.28442
-0.289363
0.118488
2.5585
0.441624
-0.167389
1.89993
-0.768967
0.258315
-418.89
0.0433327
-1.95981
-0.0824181
3.6874
0.446476
4.68997
0.417332
-0.565707
1.45575
-0.763633
-2.99849
-1.30907
15.2011
-29.5255
4.38631
0.451029
0.0489668
0.394685
3.6705
0.0878155
0.255209
-6.79834
6.15622
-5.9291
-1.10623
-1.50235
-0.0826933
-0.528919
-0.494835
-0.440466
0.984744
0.693384
-2.37753
3.14292
2.08876
-1.43687
-1.85072
-0.225922
0.223007
-0.655952
0.196243
-0.112261
1.86668
0.435819
6.86886
3.60477
-0.242304
-2.84342
-0.520388
1.86492
28.7627
0.5406
-0.0460349
-1.92853
1.17107
1.93799
-0.53662
-0.265784
0.655137
-3.75
0.197777
0.934897
0.190103
-1.11288
-0.459014
-0.890028
1.54051
-2.72661
3.2318
0.603274
0.842507
-1.12795
0.487695
1.33945
4.04137
0.186369
1.98375
0.520983
-0.430742
1.90418
0.211325
-0.96662
-1.22144
1.04152
-0.173587
-0.199797
0.531061
1.25679
1.5797
-0.276748
-0.416405
-7.67635
0.267714
0.0356227
-1.61591
-0.79309
-0.98572
-1.09683
7.68379
-1.64434
0.643554
0.435268
-0.0643275
-2.15291
-1.91962
12.5428
-1.49399
-0.47173
-2.10986
-1.23192
0.114099
3.00757
2.43215
1.23514
-206.861
-0.2343
2.55456
453.518
-4.78646
0.441929
-0.190438
2.38474
2.34892
-2.37138
-1.39002
-1.75897
41.295
2.9226
4.45643
0.10748
0.0532591
3.02301
0.972937
-0.685563
1.00819
-2.87119
-1.59026
-0.777511
-0.873702
1.08353
3.5767
4.77773
-4.30856
-0.730129
2.84181
2.1118
-9.82213
0.37697
-1.76515
-0.750814
-1.07947
1.99578
-1.94374
0.912743
-2.45406
-0.13255
0.033266
-1.31297
-1.45612
-0.277195
-0.115855
2.42534
0.34017
-0.582323
-0.850217
-0.200787
-1.45032
0.19717
0.477845
-2.17434
13.3703
0.590683
0.872725
0.892919
-3.95854
2.09463
0.874982
0.906834
0.0894493
-0.836247
0.375897
-0.342664
-6.99928
0.187802
3.17679
0.482351
-1.74121
-0.0400855
-0.500286
-1.22489
-0.940076
-0.227521
0.0712118
-9.37969
-0.82219
3.39459
0.320089
-1.28663
-311.34
0.869124
-1.70856
0.972733
1.1696
-11.8584
-1.722
-0.213038
-2.78987
-0.33309
-0.486094
-1.29232
-0.855825
1.41422
5.91892
1.23242
-0.464482
-0.560873
0.508808
-0.875224
-2.83993
-1.81251
-9.40108
0.690658
-0.396979
-0.203397
-0.954742
-6.50746
-0.0975874
-0.137788
2.38408
7.98347
-0.858409
-0.0828074
0.523352
4.8655
5.57376
0.750003
-0.530729
1.35656
-8.90199
-0.326792
0.40559
3.47924
-3.24553
9.10249
0.539981
-2.12875
-1.59648
0.533596
2.24316
-1.41139
0.679944
-0.13938
0.362557
-0.667284
1.77669
-4.94681
-0.83181
-1.30382
-0.22777
0.644701
-1.20766
3.35898
-24.7087
-0.215571
-20.1904
-0.689807
0.358473
0.932821
-1.16764
0.382515
0.688603
2.08302
132.537
0.668739
-3.07297
-3.22642
-4.58526
0.250907
1.83839
-0.404486
51.5857
0.000838129
0.00969203
0.55301
0.278863
-3.12139
-0.447845
-0.510566
0.474125
4.78143
-3.16146
-1.26196
3.33187
0.845062
0.254067
-0.503109
-0.307282
0.719719
0.650115
-1.68269
1.01956
-3.76199
5.59984
3.7084
0.758205
4.56946
2.26864
1.40507
3.34655
-0.803408
-0.788894
6.11752
-0.246896
-1.75539
-1.15876
0.00239438
-2.22412
-15.5355
-0.0493949
5.34376
2.30605
1.52239
-0.650816
0.275592
-1.4723
0.488432
0.528156
6.04026
0.016474
-2.93579
-0.575533
1.94303
0.153126
-3.08785
0.350681
0.0246185
3.07572
0.250618
6.2128
3.24095
0.0852981
2.27057
-1.81359
-0.53571
0.207428
5.42607
-0.630684
0.657028
-6.10799
26.3771
-0.070934
0.0147719
-0.960225
-0.93157
1.23332
-0.256752
-1.95092
0.714894
7.82353
0.435099
1.41341
0.243015
-0.911493
15.136
3.04185
0.29692
2.7123
14.8138
0.759476
0.549141
-1.55471
-3.16579
-2.24363
0.994681
4.22139
1.95424
-0.725018
0.482952
-0.146193
3.50652
-0.443425
0.792626
-0.12595
-0.412402
0.798192
0.854652
-0.989606
11.3343
0.73468
-3.46951
-0.784989
-1.41522
0.256367
-3.80144
0.14231
26.437
0.0133851
0.369999
-3.6308
3.48134
-1.29225
-4.3526
-0.534638
3.52439
-4.64713
-0.246509
0.6601
-2.37782
-0.649006
5.71235
2.49908
0.622208
-0.0867244
-3.48188
-0.94836
0.508845
0.396467
1.40655
-24.968
0.135771
2.82121
-4.74148
-4.86052
-0.89166
660.72
0.692487
2.21213
-0.517906
-0.697018
0.606571
0.0248298
-0.770552
0.846127
10.1898
-1.3393
-4.81514
1.16928
-1.28837
-19.1217
-2.07579
1.68047
-7.26937
1.51643
1.44595
1.069
0.703323
1.23472
13.4953
1.04083
11.188
0.556368
1.76685
38.8853
-10.0841
0.0223957
1.75213
1.16008
2.92763
-0.255021
1.60114
-0.205124
-0.613561
0.0373047
1.61458
2.60224
0.319227
0.375374
-3.34579
-1.15396
1.98679
1.00923
0.125378
1.69657
0.469723
-4.36517
2.84755
9.96119
-1.95241
2.63445
0.415526
-0.605901
-1.53283
-0.507307
-0.53347
3.17823
2.88682
1.26173
1.7855
-0.695659
1.13293
0.0358797
1.62232
-0.764654
-0.501955
-1.8266
6.45092
2.03045
3.49944
0.0269888
0.672919
0.387604
1.83038
-3.46346
-1.5175
-3.71138
-1.03709
0.457012
0.481992
-0.574517
4.41741
-0.101019
2.26578
1.18357
-0.219717
3.19808
-0.0931087
-1.5513
-9.28411
0.153636
7.60999
-1.19592
-3.19909
-0.377239
-1.61948
0.79653
-0.0630517
1.73289
0.621914
0.915389
0.412786
-6.93704
0.359119
-0.278399
0.964342
1.42135
8.06296
-1.00847
0.389116
2.35975
-0.226885
5.46124
0.470245
1.13323
5.52579
-13.1837
0.365337
0.155963
1.38629
0.123461
2.21285
3.37832
-0.500569
1.73943
-1.04593
4.77089
0.313367
0.121356
4.63951
0.0393725
-1.68095
1.99283
1.60172
-0.945493
-1.08342
0.248988
9.04281
-0.0217568
-4.79748
0.273784
0.654307
-0.191414
0.762907
-1.17906
0.692617
0.605673
-0.624028
-0.137542
-0.992398
-0.4563
0.0163534
-0.0457418
1.9734
1.31267
-8.21239
0.0563297
-0.264907
-0.265896
8.49744
-1.22548
-1.39319
1.91279
0.177995
-0.139912
-2.76237
1.53423
0.378245
-0.518676
1.36909
-2.98729
-3.04288
-0.849064
-1.84246
-2.41458
0.539947
-0.404664
-0.422505
1.38886
0.327592
-2.01134
-1.05924
-0.700414
0.415303
-0.0595571
-0.251141
-1.53075
-6.6516
1.5622
0.113851
-0.390642
-29.7174
-3.59541
0.776487
1.03139
-0.504678
-0.394505
-0.843721
2.57168
0.120121
2.39684
-0.159982
-1.57382
-0.434184
0.320278
-0.197658
1.90014
-1.6439
0.809197
-0.690454
1.08891
-0.498236
-0.372572
6.52794
-0.858496
2.19451
-1.58986
1.9168
5.06131
0.200581
-1.39795
-2.42649
1.18944
-5.03508
1.06444
-0.706556
1.03799
-0.354195
4.01704
0.971642
0.693221
-0.243695
-1.42583
0.459335
0.194764
-3.12632
1.33434
8.2046
-1.36289
-0.825507
-0.447774
0.640229
-0.62878
0.158135
0.733745
0.327262
0.757604
-1.75226
0.744342
1.18023
-0.591871
2.75063
-0.78423
-0.770682
-2.17065
0.126788
-0.215468
-0.239286
-0.440551
0.634844
-7.95563
5.2543
-2.53444
-0.136281
-1.52808
-0.36797
0.914754
-0.183465
-0.579248
-0.893693
-3.47042
4.95648
-13.8735
2.29845
-0.546422
-0.704436
-0.896435
0.565108
-0.00304584
0.787013
-0.00753043
-0.172857
-0.72252
0.0648719
-0.699951
0.272119
2.40744
-4.46244
2.45478
9.50538
-12.5732
1.87971
0.042408
0.436562
1.49973
0.381391
-14.1968
-0.784667
2.7948
-3.87858
-0.418925
0.581077
-5.49036
-0.956572
0.102248
0.501262
-3.16827
-3.80082
-0.360688
1.55803
-34.6391
-5.23358
1.39355
-0.726531
0.465225
0.187844
0.393892
-1.31269
-2.43659
0.312588
0.751288
1.2285
-1.87948
-0.139812
-0.258469
-0.405681
0.597733
0.316989
70.8539
-3.15125
0.0466613
1.84212
2.96101
0.425633
0.0874831
0.750031
-0.339807
1.35876
-0.0223219
-4.0853
1.82063
-0.418901
0.128782
0.511041
1.32781
-4.1092
-0.679094
-3.84559
0.722809
7.67673
-0.242897
-35.5124
0.965252
-2.2947
-0.314561
-0.206595
1.61148
-0.104618
-1.56625
-4.58478
-6.19673
-0.727864
-0.721289
-10.2341
-4.14235
0.970434
-0.0577265
-0.298899
4.15635
-1.51403
-0.00457635
-3.52747
0.177798
0.18665
3.31865
-0.739981
0.457649
0.208303
-0.354781
0.316675
-0.331985
1.39766
-9.12208
-2.17913
0.337617
0.425656
-1.68261
-1.71536
0.419857
-1.42956
-0.0881215
3.46247
-1.13033
2.15783
0.316837
0.113982
-5.97893
-0.745415
-0.15229
0.826166
0.955335
-0.0894699
0.411115
1.48244
2.61666
0.389356
-0.707346
3.79667
-1.4752
0.988365
1.18368
0.52979
-9.03804
1.02486
0.0856971
-26.1659
66.2653
1.36709
-0.282361
0.794303
23.9724
-0.00660532
-1.83604
-0.20272
-0.925587
-0.347717
-1.92035
-0.13496
-0.913778
-1.2708
0.246368
-3.30149
-0.343543
0.307812
1.09564
1.16264
-0.478243
1.00321
-0.325952
0.208304
1.24871
-0.0961718
-1.73841
0.906759
0.72002
11.7079
-14.9802
-0.74836
0.719216
0.260645
-7.66503
-1.02972
-0.826599
-0.138819
-0.375188
-0.719272
-1.19117
0.317564
3.66513
3.76539
-0.544724
0.593051
-0.653338
3.62001
3.77892
0.241573
-1.30368
0.434817
5.91807
-0.647436
2.26144
-0.660186
0.229763
-0.714777
4.21142
33.4759
2.02673
-1.19616
-1.19136
0.514219
0.248119
3.75295
-0.474203
0.643213
0.177598
0.0571725
16.8702
9.39501
-1.21554
-0.900635
-0.244604
-0.221363
2.74855
-0.805399
3.37515
1.05762
0.428837
10.4846
0.673809
0.256005
-2.6858
-2.19477
1.07439
13.2636
1.7202
-0.681124
0.542234
0.328892
2.00653
3.37522
0.0789291
0.226767
2.44282
-0.0227977
0.143622
0.157951
-6.76972
0.705157
9.99243
0.60107
2.27104
-4.8622
-2.08469
0.00253638
-0.0339066
0.456364
0.773428
-45.2776
-0.439704
0.0864009
1.34296
0.49221
-10.0612
-3.46876
0.00619008
-0.57654
-1.4996
-0.670007
0.862718
-0.121843
-0.0998702
3.06936
0.215925
0.794168
3.08975
-1.45146
-0.808344
-35.0469
-0.311014
-0.482873
0.824214
0.463652
-1.20734
0.0709807
1.14323
1.42697
1.10548
9.32785
0.480221
23.8866
0.243489
-0.39549
-10.1957
0.924525
0.135605
4.78983
-2.20836
0.627868
-0.971725
-0.571343
-1.03376
1.32537
1.39967
3.22866
0.837725
1.70154
-2.42463
-1.43436
-0.175566
0.440418
2.07243
-0.324773
25.9325
-0.559882
0.247322
-6.76526
-3.83818
-0.119082
-0.345872
-1.42376
13.9683
-38.3158
-4.59477
0.675397
1.32493
-0.116652
1.45623
9.55351
-1.01837
22.5021
1.03504
-0.830331
2.55663
1.06687
-0.46045
-0.927075
3.8528
-1.45349
-0.765083
-13.1183
6.5114
-0.653874
2.79351
-0.158385
0.412588
-9.83916
9.18882
-0.265336
-0.866163
-2.1094
-0.336767
-0.245379
-3.83964
1.10462
-0.0311166
0.432271
0.485219
0.31673
2.02294
-0.317006
0.00664452
0.471066
-0.293357
1.51073
-1.00089
-0.950163
-3.32541
-1.19892
0.75319
0.688587
40.1952
631.683
0.250976
-7.23228
0.243502
0.0471301
0.511501
0.0955238
1.03396
0.463355
-52.625
-0.473925
0.139959
-0.0235429
-0.733512
0.308244
3.57414
0.261791
1.07401
0.82057
5.27518
-2.07909
9.20631
-11.22
1.08683
-2.51158
1.61193
-2.29061
0.3415
22.6696
-6.6216
-9.46004
-0.519843
0.680817
-1.18775
16.2485
-5.96586
-1.20183
2.68612
-1.73081
0.586778
8.19413
-0.541138
0.876472
0.548271
1.10371
0.0268482
-0.801541
-0.541865
0.900112
-7.97894
0.671328
-0.0921017
0.249768
1.81613
0.896651
-0.746311
-10.3482
0.0147596
-1.08826
2.8678
-0.561501
-0.300684
0.382311
-1.22503
-0.0469705
1.18058
-1.71196
-11.3187
0.165755
-1.38463
1.31016
1.47657
-0.555729
0.647567
2.61929
3.98909
-1.43658
-0.279146
0.355015
-1.55388
0.67572
-11.6561
-5.59072
1.32429
-2.62754
1.38745
1.06165
-0.403473
-5.27401
-3.18008
0.872273
-0.809743
7.44979
-1.11545
2.31503
-0.150634
8.12483
6.38665
-0.17304
1.65612
1.2484
-38.3943
-18.9162
-3.44174
4.37494
-1.48813
0.518804
2.82212
0.0955178
-6.86989
-3.13208
0.60585
0.268132
1.08442
0.642024
4.26404
-0.0698386
-5.06507
-2.70125
39.8819
0.375734
-0.537572
0.323895
-3.23509
-0.649975
4.44386
-0.247348
3.17864
-0.268711
1.30921
0.0570029
-0.816386
-0.691184
-0.487015
-0.199059
93.8952
3.15093
3.33978
19.2342
0.437729
-0.705975
2.91398
-0.279179
-1.33474
-6.56558
0.424544
1.48425
-0.206181
-0.300574
-1.40194
-2.7656
-0.0982705
-1.05937
-0.195551
2.00134
0.603029
-0.0910177
3.74026
-0.535849
-4.4908
1.01051
2.14423
-0.920742
0.391823
-1.54371
2.3782
1.15862
-0.369061
-0.456353
-0.907303
9.25205
0.291145
-8.19342
2.52605
-0.817724
-0.0913099
1.15398
1.09756
-0.346833
-5.18915
-0.123837
0.487939
0.00690246
1.02495
-4.15552
2.27382
-1.54634
19.071
2.30204
-1.11609
0.860108
3.33
0.980185
3.20519
1.04388
3.34533
-1.5517
-1.28003
0.203505
-2.0714
-2.7231
0.00970039
0.675246
1.34507
-1.73294
3.20031
1.17685
1.85788
-1.90637
1.88247
0.940504
-0.615219
-2.07084
-0.256936
-16.7568
-0.292392
-0.271164
-0.29695
-0.724706
0.0305684
3.554
13.77
13.9725
-0.483801
1.18505
0.808493
0.46434
-0.35551
-1.42746
0.834123
-0.200159
0.431806
-0.870811
-4.83531
7.60986
-3.34475
-5.03759
1.48044
3.17914
0.442493
1.58111
0.884755
0.692708
-2.0188
10.5757
1.29117
-0.352005
1.55332
-1.39676
3.67071
4.98406
0.469073
0.986255
0.519641
-2.30627
-1.41292
-0.995984
1.37614
-29.1235
0.112192
0.27992
0.123503
-0.351599
-0.499011
1.04887
-2.32049
0.899666
0.366565
-6.11342
0.214067
-0.460765
-1.96133
-0.513482
0.86715
0.456991
-0.0820841
-0.0468969
2.41929
-5.51044
-1.39298
0.850705
-1.65316
26.9378
-0.298038
2.8999
0.509208
-2.36331
-8.54417
-0.0152859
-1.44578
0.417684
8.50161
-0.838738
-1.06186
1.66134
-10.1377
-1.95986
0.679242
-0.613593
2.78446
1.22759
1.16117
-1.56988
-0.270782
-1.33378
4.50273
-0.771554
-1.11463
0.519676
-0.653962
-0.190735
-0.0793227
-1.72511
0.327524
8.16005
-1.04019
1.40648
-1.94965
2.13941
0.0696044
0.103793
17.9241
32.2311
-0.469051
8.54383
-0.00937985
-4.82462
-1.47669
-2.51007
1.47045
-1.11488
22.8943
-9.11944
-0.0463139
0.436477
-0.665556
-1.07216
-3.2208
0.414341
-2.14151
1.54069
2.52136
-0.480813
-0.207266
0.950145
1.44304
1.44653
2.12616
-1.19352
0.0986996
-0.223739
37.0649
0.188895
1.29595
-1.33124
-1.50691
12.2645
1.6497
0.704853
-3.1094
-0.563489
-0.563027
-0.225098
0.248306
-0.57317
1.65563
1.62365
-0.505095
1.54765
-2.64609
3.15359
1.1445
-1.77874
2.31384
-0.66913
-3.78541
-0.37964
-9.76878
0.998351
0.317999
-0.115034
3.92728
0.769653
-0.50213
0.448126
0.0815034
-1.33018
25.6465
-0.381566
-0.103674
0.852962
1.34417
5.62397
-0.0950017
0.834568
1.29053
-0.718641
-1.43346
-0.0566367
-0.120516
-3.6327
0.89066
-2.56016
-2.43883
-6.7638
12.1054
1.78461
-3.21502
0.824263
3.28901
2.48075
3.02706
-0.942944
0.35544
3.93833
0.432293
-6.55383
0.50674
2.43584
-0.293697
0.74168
-0.0677729
-6.22623
-3.97903
0.0171614
39.8554
0.15901
-1.72918
1.11998
-0.575794
-1.88714
-0.0650779
-0.240716
-0.499333
-3.03197
-1.73997
1.77714
-1.28627
1.36835
0.648811
49.1017
-0.697859
-0.414171
-5.9664
-1.08506
-0.254855
0.000152404
-0.350712
0.187516
0.797784
1.36733
-0.87034
2.20803
-0.779366
2.35848
3.40388
1.0728
-4.24128
1.94322
1.46684
0.578458
-0.955297
0.768843
-0.116551
0.314575
1.30005
-1.61889
1.20051
-0.152159
1.08226
3.36521
0.630471
0.743504
0.25163
0.119065
1.82142
1.72203
-1.00053
0.852747
-0.418017
0.618077
-0.210464
0.220604
-4.80237
-1.04599
0.413109
-3.0898
-0.743895
1.64101
-1.2152
0.511239
1.64161
0.922639
2.36456
-1.30748
0.136552
-0.480999
0.255912
-2.13265
56.9772
-0.218308
0.131469
-0.512827
-0.168534
0.99092
1.25139
-2.93967
-0.805519
3.71554
-2.05803
-0.641633
-0.664861
-0.042139
1.0033
0.85976
0.580256
-1.10304
-0.249626
-0.873998
-0.41434
-1.60758
-4.92507
0.453786
0.867303
11.4481
0.494306
-0.858185
-2.32916
-0.410465
1.29407
-0.58233
0.654503
-0.160672
0.703141
1.22312
1.07317
-2.80316
2.13684
1.5522
0.195363
1.13485
0.359651
1.6868
0.286887
0.0277734
1.66421
-0.137731
-0.717906
-2.25358
3.10142
0.787722
-0.341226
-3.82813
1.85413
-0.879658
-47.2945
-0.468199
1.58991
0.567402
4.53732
-0.057109
-2.82374
-6.20126
-0.173791
-2.55056
-0.457438
0.807331
-1.7955
0.937075
-1.0578
1.10285
0.601246
-0.702146
-0.848201
-0.77209
1.72436
-5.27783
23.6263
-0.301548
4.11325
1.9229
0.12085
26.1327
-2.86545
0.161732
15.4279
-0.640664
-1.15711
-0.719422
-0.778301
-1.1842
2.21472
0.936528
0.507551
-9.19686
4.73848
-0.609129
0.942063
-1.55483
-0.149976
21.4049
-1.41685
-12.251
0.158761
2.07475
-4.131
0.532512
3.31808
2.50479
-2.67154
-4.11958
-0.391869
-1.96384
0.698767
-0.0136133
-2.23434
11.0339
0.454271
0.129472
-0.108205
1.58056
-0.552452
0.357365
0.899531
0.0655978
-0.468516
0.490195
0.619664
-1.50723
0.642426
-0.0229968
-1.66594
0.861117
-5.14656
-0.100498
-0.363063
1.0239
3.04416
-0.0227817
-3.17594
-0.30646
0.197186
0.253002
3.23904
-1.94797
-0.412417
-1.44013
1.60503
0.715237
-1.52177
0.547917
1.4144
-1.89012
0.267341
-3.02614
-1.84012
0.774032
-5.12641
-2.51977
-0.149177
-0.727819
-0.136134
0.103327
0.480641
-2.09202
-0.313696
0.791506
-1.6154
-0.263051
-2.19408
0.279201
0.0851968
-0.760259
18.2453
2.41653
2.95093
0.239241
-0.111441
-2.69219
-4.37395
-0.994878
2.26654
1.32506
-1.91988
3.9981
1.14052
1.12435
-0.987178
-0.0451467
0.622754
0.233732
0.168573
4.59968
0.158232
1.0569
-6.478
-0.129578
-2.16878
0.00735734
-90.6851
2.63424
0.0140352
-1.32438
-0.599892
-9.34793
-0.726095
-0.00701164
-1.32675
-0.0379768
2.50889
17.6187
7.27958
6.95859
1.27449
-0.892249
1.68754
2.14934
-0.604828
-1.84109
-0.969668
0.645057
-0.0777896
-2.63136
-3.48787
-0.578409
0.0979539
2.67465
0.545271
1.07705
-1.44772
0.653639
1.04968
-2.66213
0.00918075
0.0484333
0.256766
5.62781
0.861952
-2.56004
4.13685
-0.605702
-0.395447
-1.2063
0.771358
0.152526
1.77756
-1.28663
0.635078
0.0829304
3.50462
-0.464812
-1.80823
2.7874
0.590161
3.78084
0.562925
-9.58508
-1.08967
-1.68295
-0.257674
1.98513
-1.05377
2.35217
3.24581
0.00687242
2.07645
-0.997728
-0.449242
-8.56004
19.1509
-0.810724
-2.16716
1.69895
0.615813
-12.3077
-0.0825302
-1.82209
4.18337
3.84927
2.34921
0.0514482
-1.66852
-1.432
-0.629134
-1.3126
0.735148
-0.573511
13.9157
2.89021
-4.30737
-0.6826
-0.496526
-9.33767
-1.19242
-0.299075
-0.88708
-0.236712
0.684893
-0.546321
0.00607647
0.230723
-1.20362
0.349465
0.094062
0.736715
-0.199838
-1.73405
-2.09125
4.54558
-1.2249
-1.16882
-6.29809
-0.360188
-0.287436
14.8468
-2.02336
-0.969354
-1.87051
-0.229395
-1.71257
-1.6863
0.191174
0.478153
1.41371
-0.260833
0.512501
0.153572
-0.850898
-1.42672
-0.988423
2.19863
1.91787
0.456639
1.50009
-0.661763
2.37137
-0.932261
0.565876
-2.28042
-1.73273
-4.25897
0.104737
-0.367074
1.52022
0.948053
-4.73746
21.6472
2.00435
-3.61115
-2.64384
0.166819
-0.123531
-0.194207
13.5472
-0.760899
17.8437
-0.0301957
-0.475117
-0.162047
-3.6741
-2.86523
-23.3588
-0.261634
2.18523
1.81044
1.45788
-0.291998
-0.223788
0.754444
-0.354329
-1.84677
-1.03461
-0.276244
-0.365068
9.75118
2.13376
-0.4376
0.041371
1.75649
1.39611
-1.96559
-0.357327
2.75981
0.414818
1.39391
0.90322
-0.811462
1.05336
-1.16036
-0.123144
-0.117581
-0.553598
-60.4693
-2.79129
-2.3962
0.0288175
-0.850092
-1.35563
-0.0823293
-1.82203
0.271182
-1.99147
0.184718
2.86704
2.63305
-0.856064
2.70464
-1.6822
2.33864
0.0778152
0.939326
5.05412
23.2153
4.53543
1.12476
-0.72641
-1.31972
-3.15177
-0.402439
-0.849437
-4.98916
-34.6876
-0.749759
-0.0584681
0.0426763
1.26731
0.651269
-6.38311
1.63496
-1.59341
0.768951
0.606588
-1.24807
1.02319
0.276203
1.16352
-7.26128
-4.08036
-2.24807
0.593033
-0.748092
5.53339
-0.0296836
-0.0749129
-4.94996
-1.05561
-0.996083
-0.247472
-0.593102
-0.119314
-0.971686
3.26434
1.58062
0.711892
0.697323
3.44608
0.288985
-0.21739
0.043242
1.02468
4.28805
0.220376
0.444017
-22.0199
1.11584
1.7047
0.932381
-0.599814
0.756991
0.518111
1.06627
8.02697
-0.323221
-0.476511
-1.34637
-0.899171
2.55471
1.48302
1.22678
0.644602
8.2572
-2.62876
-2.21405
-1.0734
0.582478
0.33284
-0.498898
2.15612
-0.466508
-21.4352
-0.448907
2.23523
5.70549
0.0759737
2.2313
1.51258
0.116655
1.26838
-3.34165
14.1522
0.844907
-2.35558
6.96313
-1.56454
4.55766
47.6769
5.40704
-0.222137
0.0976948
0.672793
-0.598582
-0.482866
-1.56048
-0.041841
0.767454
-0.36869
-0.284372
0.549099
0.162663
-2.06548
0.116239
-0.134023
-1.16911
0.716733
-0.971007
-10.6256
0.742182
0.652
4.16961
-0.248903
8.53838
0.179179
-2.47262
-1.07586
4.66364
4.22578
-0.262066
0.132503
-1.1671
-0.733049
-1.19682
0.0491989
0.550645
-1.07909
-0.127278
-16.1769
1.64642
1.19595
-0.476166
0.57911
-2.74541
-1.20929
-0.708886
9.62315
-1.35376
1.38255
-0.435891
0.202765
-0.762373
-1.21542
-0.11419
-0.919581
3.46448
-2.99042
-0.38959
28.2377
-0.347907
0.321633
0.916541
0.00757053
-1.50589
0.905669
-0.772519
-0.0210798
0.456768
1.22865
0.489785
0.734754
-6.60153
0.13172
0.433132
-0.418453
0.651589
0.222169
2.03634
1.07808
10.0595
1.34434
7.47081
0.718188
0.144846
-0.63004
-1.96717
1.2553
-4.38061
-1.18156
1.39402
1.17456
4.07344
0.212688
-2.49797
1.31791
1.6798
-1.94117
3.66953
0.186949
0.586435
-0.438898
-0.32681
3.1435
43.3703
0.170978
-0.621569
-0.716676
-3.36973
-4.76247
0.527129
-4.96022
-2.31586
-0.604864
7.90965
-2.23496
-1.34711
-5.09424
-0.0454807
0.436006
-1.19579
-11.3136
0.98432
2.88479
-5.93079
0.172751
-3.47276
-3.05532
0.160375
-0.167559
-3.82286
-0.75775
-0.234557
-2.3973
3.70906
-1.02598
3.83621
0.426308
0.0773562
-1.68678
0.000331263
-0.303273
0.265282
0.273664
-0.0509528
-1.03249
-2.47993
-1.53822
0.948931
7.97434
0.152299
1.28341
-0.894275
-3.46876
14.4852
0.318164
13.1691
-0.511708
0.215383
-0.473444
0.0422477
1.00962
2.9623
0.0759178
-0.334478
-1.89264
0.774924
-0.267775
1.35579
1.37964
-0.34286
-0.611878
0.568779
8.77153
3.07787
6.49189
1.28236
-0.178651
0.669459
3.43125
0.672489
-2.1173
12.245
14.6218
-0.549927
-4.60971
6.59913
-0.99498
-0.0446468
-4.32314
1.95159
-0.265921
-1.59704
7.55938
-0.702467
0.602089
-0.0356099
0.865071
-1.13772
-0.550592
-17.3794
-0.335749
1.14636
0.0812735
0.684453
0.975947
0.356328
0.0722282
-0.122653
4.5169
0.913526
0.150681
3.00668
-3.00232
-2.40472
1.29607
0.13825
0.295507
-2.81042
1.02866
0.869937
1.50586
-0.427846
0.508648
0.672779
0.441372
1.48442
0.722438
1.62609
-0.534298
0.915026
1.6457
-0.622904
-2.70133
-1.56637
-4.29192
0.258635
-0.0450765
0.0906597
6.11816
0.077448
0.982312
-0.966678
0.338296
0.22305
-2.40812
-1.56432
-1.49826
-0.403698
-1.44946
0.0487686
-0.083927
-0.183977
5.25395
11.4547
0.413028
-8.40508
1.5194
-77.0975
-9.73573
0.666986
-1.06487
-0.324725
0.601785
-19.2582
-0.937498
2.32537
-2.18321
0.357049
-0.41758
-0.218203
0.49509
-1.49284
-7.37626
-0.929207
-0.441183
-0.563577
-1.3224
-0.00251734
-2.80131
-0.654076
3.18575
-0.511878
0.368332
1.54073
-0.0774057
-6.04204
2.59538
0.960938
-1.11055
0.217154
-2.29079
0.726255
-3.36272
-0.154348
-0.0360441
-1.02823
0.31339
1.47513
-1.43426
-0.391258
0.463418
-0.906187
-4.59198
-0.900108
-1.65128
-2.89325
2.56097
0.0913435
-0.712697
1.24836
1.60467
-1.87856
-0.487062
-0.305281
-0.191275
-0.407011
-1.68725
1.29191
1.80149
-14.6034
-0.260034
-1.21016
1.57281
1.71978
-3.65911
0.00894879
0.564225
0.956017
-24.4578
-2.08249
-0.633197
-1.16761
0.720917
1.14813
-2.21874
5.14034
-0.582396
-0.488293
-0.1831
-0.211993
4.20514
1.33054
39787.6
0.511167
0.449083
-0.175689
0.0338835
-5.6679
-3.30271
-0.00636106
1.89785
-34.4386
0.240159
-0.152899
-0.611716
0.745076
-9.40108
-0.583096
-0.204881
0.756921
-0.0815504
0.0105232
-3.09641
0.252707
-0.860354
-0.424812
-98.4953
-0.130483
-0.739195
-0.596221
0.173987
-0.470615
-1.15509
1.71235
0.0661796
0.559737
-1.12706
-0.281653
7.64425
0.30835
1.16825
0.581001
0.89267
1.85827
-5.32701
2.55216
5.20404
2.1815
1.45392
1.12506
-0.552382
-0.329663
0.473381
0.892159
-1.71539
-0.639254
0.948978
0.299108
2.70266
0.0202068
-2.49792
-1.12967
1.53608
-0.113215
-1.24871
-21.1849
1.24958
0.733872
1.87457
1.05777
0.677111
0.501798
-0.418457
-0.588513
0.414132
1.01913
0.796161
0.951104
3.21882
1.21753
-3.64814
0.105298
0.231921
0.753987
-0.219727
1.87127
2.05515
0.192793
-0.588777
-0.109003
-0.305293
0.468871
2.32274
0.622873
20.0738
3.95711
-1.77447
-0.479003
-10.3709
-0.74886
-0.244808
0.619237
-10.7556
1.20428
2.90066
-1.56419
-3.74489
-3.68321
-1.68836
340.767
2.28614
-21.1921
-1.43185
-0.686624
0.126075
0.630912
5.71952
0.874729
3.04151
-0.948101
4.55763
-0.678588
-1.05061
-0.659394
0.66251
0.987169
-2.46835
3.49732
-4.52623
-2.24858
0.525397
-1.96198
1.18018
-0.880601
0.573261
5.98877
-31.8724
-0.347105
1.11379
0.486121
-0.95561
-10.9125
-0.660277
-0.0167483
-2.67165
0.0781614
-3.73519
-0.669542
-2.6373
-0.160521
-0.468362
0.250754
-1.36777
-6.7132
-0.174312
-0.411932
1.78398
-2.36299
0.399481
-0.672643
-19.5226
0.322824
1.44153
-1.97377
-13.6737
13.8386
-2.15927
-0.095108
-1.30713
-0.136316
-0.570174
-0.429627
1.17406
0.473054
0.29757
-1.11112
-0.147795
-0.369256
1.07015
-5.49439
-1.60044
-0.148836
-3.65808
-1.72335
-6.65043
0.857425
-1.60545
-1.04827
-2.346
0.510039
-2.56876
7.29898
1.00758
-1.73772
0.807511
-14.2394
-1.84493
-1.25295
-0.12972
-4.57149
0.409765
-0.220406
-0.906136
-0.826216
1.45673
0.804524
-0.522036
24.9552
-0.2733
0.106032
-1.73623
0.221025
0.441649
0.353297
0.712536
0.1376
-0.598068
1.93577
-0.185234
-0.967792
2.54707
-0.352395
1.70188
-4.70187
0.614521
-0.0455996
-0.324025
-0.925306
-0.314947
-0.448777
-0.18357
-0.351829
1.55867
11.5893
1.4021
1.33723
2.54652
-27.9375
0.350185
-0.780184
2.31163
-0.906727
-1.00986
0.369956
54.1841
-3.57826
0.224712
2.01685
-1.04995
1.06411
0.895903
-1.04692
17.9286
0.332228
1.38276
0.283563
0.095025
-0.0319734
0.164086
-3.27834
1.82226
-3.10804
-0.0149981
0.204763
-2.36929
0.323665
-12.9917
-1.90881
-80.7608
-1.04386
-0.919826
-7.02666
-0.829166
2.30724
3.02486
0.392156
7.50727
0.822778
-0.389891
0.0539105
-0.684429
-0.199987
-0.931492
2.53198
-0.125999
-4.67625
0.663205
-1.90583
3.25684
1.02901
-2.13111
-1.17315
-0.72421
0.0607412
1.01396
0.100254
0.485596
-1.53918
-0.0809174
0.87995
1.74331
4.02996
-2.15636
-0.771368
-1.80905
-1.41671
2340.29
-1.23566
0.586837
6.42643
-0.506884
1.05874
-0.355423
-0.76887
11.7898
-3.79527
3.93876
-1.16636
-0.382633
-1.4238
0.491955
2.61996
1.32595
-1.66407
-0.789314
2.86683
11.1684
-2.05269
-0.107188
0.109283
4.94959
16.018
1.19434
1.17635
2.11607
1.40161
-1.52667
-15.6572
0.12651
-0.292895
-9.18388e-005
-0.907319
-2.07628
-7.19592
3.89379
-4.60245
-0.606292
-8.06063
-0.645663
0.590055
4.99951
-1.28149
-0.787258
0.540692
-1.99565
-0.0304071
-11.2508
2.81464
-0.117648
-1.72708
-0.611956
-0.592732
1.27482
-1.26023
0.014939
-1.00147
-0.568301
0.154858
-3.55624
2.22125
0.218911
-5.06853
-0.748134
-1.70934
0.638408
-0.596663
-1.71019
-0.279869
-1.55835
-0.087688
-0.410283
-0.227839
-0.258531
0.67986
2.88448
6.74854
0.636716
-0.118294
-1.43381
-1.79835
-1.96929
6.64023
-5.61815
-86.1386
-0.50012
-0.147007
0.415055
0.0828071
-0.0835916
0.243723
-1.08229
2.19714
0.681912
1.10017
1.37199
-2.02006
0.816864
1.00428
0.302582
0.202751
-0.171796
0.110237
0.375064
-6.21986
-0.655266
0.0874613
-3.89441
1.84891
0.733271
-1.56279
-3.5558
-2.78898
1.2269
-1.55157
-1.4879
-14.6418
0.00963485
-7.72106
-0.976999
1.16714
1.50176
0.436104
-0.0370237
1.53721
1.05397
-5.22899
-4.52089
-0.538648
16.2316
0.500359
0.0623566
2.21002
7.97853
-3.48041
1.06992
7.48389
-262.945
0.954963
1.08423
4.8615
0.172613
-0.869521
0.141777
1.38132
1.05575
0.51909
-1.44296
0.7712
13.2658
0.482542
1.31745
-0.552029
6.55502
-0.141327
2.51857
-15.6985
-1.17312
-1.31606
-1.33256
-1.55364
-0.420948
-0.222645
-0.1644
-2.47925
-1.6253
1.37248
0.829805
1.04854
-5.10579
6.1808
-0.542965
-1.22036
0.903676
1.16681
1.61584
3.39849
-1.97268
6.48976
1.44196
-0.0719116
0.566926
0.571107
-1.97623
0.4995
-12.122
0.60669
0.975299
1.87343
5.76
-4.97538
1.89836
3.4652
3.49338
0.400733
-0.243043
0.419293
-0.0490599
-0.211513
1.02963
14.9096
0.272759
1.03809
0.994666
7.32328
0.992854
-1.38068
2.40658
0.379017
-4.12561
-8.80071
1.65383
-0.336669
1.03928
-1.52125
1.81972
15.2649
-0.00301352
-0.48871
-8.38087
-0.0555204
-1.67518
-1.1275
3.84943
5.49069
0.0626547
-6.20306
-0.404755
0.376082
0.781055
1.25168
6.44797
-1.44625
1.07653
0.567475
0.41663
0.601535
0.0182251
1.5972
7.79566
-0.0776099
-1.3351
-0.595699
7.51074
-1.00406
0.2848
-1.2451
0.568331
0.126394
-0.199062
-0.304204
0.258463
0.95138
-21.0536
-1.01916
0.12861
-1.42254
1.49622
-0.0160838
-0.600169
-1.42474
-2.23172
3.77843
1.44276
-0.0133712
-0.032652
-2.8513
12.2795
0.608604
0.368379
0.654305
7.75893
3.79744
-3.76959
0.552721
-1.49867
-2.40512
57.0239
-1.29838
0.224012
-3.39453
-1.30094
-0.0296842
-0.0799886
1.75036
-0.194042
0.356361
-12.311
-1.0901
-0.350662
-12.2502
-5.01868
1.82257
-1.07608
-1.19486
0.31588
0.250925
0.219509
-0.93685
-0.122779
-7.18304
0.642474
-0.795581
0.13008
-1.45101
3.85575
-8.3877
0.954898
3.30113
0.628083
-1.37679
0.8125
5.37806
4.78901
0.890327
0.40709
-3.09512
-0.893954
-0.219443
-3.471
0.216194
1.96992
2.24097
5.3289
-1.94479
-0.524128
-0.30513
-1.98113
0.798283
0.529091
0.794549
-0.0782594
-1.01371
1.66598
-0.522205
-0.261505
0.188028
3.73212
0.131319
-1.03461
-6.21978
-0.344211
-0.414797
-0.130033
-3.8196
0.417823
-1.23966
-0.762065
-2.08792
-46.2796
-0.879227
-0.357428
0.333518
-6.92387
0.148603
0.513033
-1.98184
0.262518
-1.18836
0.0627138
-0.148809
-7.99195
-3.881
-0.688851
1.72861
-2.55474
-0.583348
-1.69942
15.5581
-0.373122
0.279188
1.3461
-1.74649
0.857689
0.510667
3.83093
0.810396
-0.653035
-0.0369477
-0.552265
-1.67499
-0.0312373
0.610729
1.80508
0.669247
5.79449
3.28831
-0.370181
-0.758348
0.142159
0.958395
2.94673
-1.29354
0.900955
0.893106
-0.7943
607.666
-4.19323
-1.99882
-1.63413
-0.400217
-0.0421547
0.485921
-0.377229
-0.692247
1.05022
-2.37118
-0.777365
0.135204
-0.0327485
0.565021
0.0515086
1.73126
0.637903
-0.421334
-0.91854
-0.996379
1.31547
-0.158824
1.4006
0.778964
2.40393
1.78479
2.45493
1.77257
-1.35333
-0.713075
4.49241
-0.252183
1.31117
-1.56533
7.14339
1.05482
1.09931
-4.52727
1.23637
4.72733
0.322885
1.94362
0.541088
3.08432
1.92795
3.22778
4.25649
7.44507
-8.56912
0.844519
-0.314697
0.326099
-0.0554992
-0.417452
0.4577
-0.0794043
3.34799
-0.0858251
-0.503455
-0.282223
-0.728592
-0.26367
-0.768269
1.16419
0.486213
-54.0447
1.48419
-2.1359
5.26097
-0.485701
0.484828
-1.75596
-7.2992
-1.88845
-0.509848
-2.88989
0.0268029
0.108103
1.00723
0.311832
-0.510242
0.876752
1.52435
-2.49261
-11.2438
-0.479003
-0.102453
0.371903
1.09194
-0.296089
-0.83778
-2.28169
-0.464096
-12.4358
-1.4667
2.03996
-0.640193
0.0259134
2.41818
-2.78094
0.224247
-0.923245
0.430854
-0.793464
0.762207
-1.16421
-1.72226
-0.14521
-1.39705
-0.579464
0.748777
-0.244985
1.77729
0.288404
0.0284352
5.91837
1.62278
-0.567315
1.12164
0.101307
-2.9433
-1.22316
0.59715
0.898439
-0.512234
12.7362
7.38469
-1.57356
-0.903333
0.0936863
1.48601
-0.177544
0.317727
-0.193594
-0.839134
-0.000336904
0.759096
1.37363
-5.38185
-1.21361
2.13409
0.725554
-0.0489044
0.951502
1.55488
-0.272943
-9.61222
0.0779997
-2.76197
-0.893634
1.08986
0.7705
0.536539
2.81657
-0.134014
0.268522
1.83665
-1.22397
-0.140937
-0.265511
0.0890796
-2.57475
2.95886
0.481533
15.2043
6.04866
2.39915
-7.65776
2.38273
-0.469499
2.37247
0.797541
0.4234
0.353254
2.1622
-1.20153
-1.39703
-0.668575
7.31182
-0.0839688
-0.565295
-0.1427
2.36516
1.52727
0.791572
-0.116207
0.325861
0.12365
-1.46399
0.765332
-3.68895
0.0671163
0.0462344
-1.29989
4.47939
-0.605009
-0.0936776
-4.60809
-0.0477513
0.0959662
-3.09904
-0.645276
0.560163
0.071895
-7.47515
1.25397
0.530334
-0.46873
-3.56961
0.904004
0.426285
0.809622
-0.971362
1.01974
1.05879
1.66238
-0.101589
3.92361
-1.02414
0.0912896
-0.979998
-0.14879
-0.770243
0.195156
-8.44822
-0.593823
-0.909769
-0.786606
-99.2375
0.603012
0.858565
0.453655
-0.459114
0.141531
0.709996
0.378266
2.44927
1.20547
-35.6008
0.639454
1.66806
6.10311
-0.657645
-0.970824
0.575525
-0.206876
-0.226294
0.781529
0.420197
0.464622
-2.39265
2.54004
-0.235759
2.26626
-0.714226
2.35333
-0.0970051
-1.96934
-2.32903
1.3398
0.56761
-2.31971
1.77211
0.287127
-9.67689
-1.11698
0.310725
-3.63465
-0.942241
10.4151
-0.230217
-0.50776
0.400701
5.85135
-15.4785
-0.495583
-0.961003
795.025
1.16469
45.6809
-2.86705
-0.12676
-2.78128
-0.280158
1.50227
0.392956
0.033646
1.22411
-0.857425
-0.192616
-3.47426
-0.964609
-0.0580408
2.50104
-0.438827
0.0236953
-1.20909
0.933766
0.814039
0.0578121
0.0291282
0.904465
-2.84193
-0.651243
-1.32455
0.932983
-0.89981
10.2641
0.409887
0.887145
-0.295928
-0.0390125
0.632355
0.844447
2.0185
0.684286
-2.69682
-0.0547763
-1.42156
-0.0165312
-0.496865
-0.712879
-0.311335
3.99546
-0.953204
-22.4817
-3.26375
-0.426695
12.6729
-0.049052
1.00698
0.824327
-59.2633
-0.264608
-0.243799
-0.197313
1.72253
-2.8388
1.6751
-1.02394
14.5869
1.82672
0.0412532
-0.304103
3.34186
-1.4314
0.46899
2.66158
-0.426601
-3.20834
-3.55331
579.966
0.812192
0.759666
-1.50341
-0.0960014
0.0327659
29.4489
-0.814153
0.362763
0.512193
0.27871
2.61782
0.274179
0.774508
-0.110422
1.50738
0.36805
-4.89209
-0.695424
-0.0271351
-2.34919
-1.96317
0.31024
-6.3425
-0.370364
-2.06208
0.795774
-0.372634
-3.71426
0.0260867
1.01276
3.17532
4.99427
-0.0228542
-0.510624
-6.39259
0.353052
-0.489721
-5.76507
-2.42891
-0.275242
-9.15688
0.106526
0.14632
-0.696469
-0.429869
-1.92852
0.892104
0.250349
-0.878143
0.30292
-3.34769
-7.11129
0.468001
-0.00754703
0.229051
-0.627117
1.36505
-0.264914
-0.668033
1.43425
1.02542
-0.484015
1.21978
-0.508098
17.6836
2.33865
0.927087
0.989544
2.48835
-0.328732
-1.02041
1.84674
-13.9416
-0.188633
-6.03848
1.04912
-0.765152
-3.95878
-3.35737
1.71897
0.499485
0.360626
-0.465439
-3.91413
1.71727
2.45834
0.561748
-0.0586831
0.326925
-9.43089
3.04308
-0.551815
-0.982564
1.87118
2.72659
-1.50687
-0.429368
-2.35686
1.06283
0.118681
-0.046876
-1.92933
-3.18398
3.63765
0.265711
-1.23385
-0.250359
-0.811746
-0.765462
2.92508
0.565856
0.727208
-0.250829
-16.6678
-2.73308
0.393014
1.24215
-0.286523
0.923231
0.884343
0.366229
-22.2754
-0.647601
-1.68401
2.06336
-2.99599
0.773418
-5.64871
0.0170731
0.563051
5.67432
-0.0870714
1.57242
-49.409
-7.18472
-5.47743
-0.50273
-9.56313
-7.95619
-1.12475
1.07234
-0.604418
2.1032
-1.29056
1.09706
1.67354
0.670807
-0.436297
1.01836
-0.22991
-0.488174
-1.17185
0.811444
-0.864892
-1.10654
0.0272464
0.42265
-1.62531
0.0483643
-0.0235757
0.507221
-1.30854
0.619731
7.48422
-1.44584
0.340188
-0.54527
0.0323858
0.0292079
0.828093
0.56585
0.406661
0.187777
0.537993
-0.00205875
10.5764
0.647034
-0.792431
2.69169
1.26261
-9.90737
0.710567
1.10246
8.42767
13.0943
2.54499
4.60649
0.100638
-0.397802
2.49456
49.6868
0.417579
1.84929
-31.6012
-5.55351
-0.478411
2.59176
0.271954
-1.14049
-1.43556
-0.684644
0.471412
1.56777
0.56594
3.3729
-0.280809
0.164737
0.601087
-2.67304
0.233696
-0.103827
-0.905441
1.49289
-0.922713
2.05051
-2.17838
-0.566283
-0.0655443
-0.478294
-0.238065
2.70368
-1.09056
-3.59005
1.34739
6.869
-3.24153
-2.62436
0.621189
-11.2457
-0.0736336
0.299281
-5.22802
-1.4326
-0.225661
-2.51158
1.00564
-0.268767
0.169706
1.65485
3.00245
0.0644251
0.410781
0.468072
1.33583
8.64382
-0.553564
-1.39418
-0.0860236
0.632992
-0.661712
-2.16857
-0.0189813
-0.0326875
-0.322944
1.57538
-1.31979
-0.432228
0.150298
-0.944584
-0.20468
-0.70538
0.0294659
-0.276463
0.952284
1.86312
-0.143274
-0.296275
1.8309
-0.417305
-4.03948
1.27914
1.73941
-1.27388
0.764307
-0.983909
5.37325
-0.673358
-0.452088
-0.233076
0.137434
-1.45777
-0.387005
0.0634481
-1.30374
9.12291
0.0246965
-0.815595
-0.404823
1.10907
0.25066
-0.0519267
-3.51943
-2.30428
-1.26994
0.124951
3.06901
-2.09724
2.38297
1.34082
-0.614625
1.94192
-3.65514
-16.5357
-13.9938
523.753
3.69663
-0.82115
-0.5926
-0.529971
-0.393698
0.0861115
-1.6041
0.041719
3.07026
1.96134
-0.83
-2.68553
-1.06648
0.560907
-0.430535
-26.0999
0.44018
12.6703
-797.43
0.909877
-4.80992
3.1602
-2.35942
1.53074
3.96551
4.20928
1.49581
0.449338
0.0694558
0.977732
-2.05532
1.28163
0.25065
-0.0388178
0.756249
-8.87509
2.86336
-0.116734
5.00475
-0.254427
8.03509
3.48316
0.284371
-0.816116
1.25754
2.11066
1.24433
0.816939
-1.8131
0.204328
0.0237361
1.13515
0.0095743
3.05506
-10.9888
0.116615
3.93302
0.721213
2.45558
-1.38808
27.6555
-4.97732
2.68445
0.703871
1.38197
0.653667
13.6724
-0.705501
-0.719078
1.93072
0.762695
15.0638
0.378732
-1.79109
1.98671
-0.108148
-1.38162
-0.0777486
-4.32671
-0.661553
-0.557569
-1.26431
-0.991056
-0.932729
0.222586
-0.181777
0.497483
0.181602
3.22134
1.7183
0.438346
0.416637
0.488039
-3.04866
0.395802
0.152692
3.49952
30.1584
-0.267007
0.828479
1.74243
-0.143548
0.696613
-0.218798
0.310903
0.870964
0.269362
0.362658
0.986588
0.567207
-14.8635
-0.934772
0.70918
0.735244
0.843617
-4.30634
0.402697
0.140008
2.04095
-0.682796
-0.854184
3.26845
10.1408
-0.341063
2.36757
-2.98606
0.817072
-0.658961
20.2965
0.489595
-0.0917343
0.331851
0.0774135
1.6873
4.70199
-4.11471
-119.328
1.39841
1.38708
1.75065
0.0778196
-0.914921
0.215459
-1.16065
0.00173557
-0.251029
-0.0192979
-4.43384
-0.33797
0.512405
3.60163
-0.514709
-0.0889469
-0.0050459
-0.761449
-2.22613
-5.94101
-0.41414
-0.283443
0.780957
-0.37995
-0.140765
-0.61033
0.664108
0.635404
-3.51073
-0.663514
2.63588
-0.625055
0.0459499
-1.70146
-0.719233
0.236269
-0.685378
0.573139
2.39057
-0.392018
19.9119
0.602859
-1.51227
-0.242993
1.4851
1.4385
0.771542
-3.33024
1.02455
-0.19007
25.1395
-0.617878
2.01656
0.29557
7.49805
-4.96372
0.161444
-0.293493
-1.7761
0.643382
0.907726
1.02929
0.41691
1.77177
-2.63313
-0.778909
2.27152
0.342119
1.07928
0.384613
12.2696
-0.512107
-0.645355
0.717912
3.40165
8.01723
2.0124
0.101151
-0.0663177
0.324875
-1.17861
-0.624444
-6.01793
1.61365
-0.355621
5.41757
1.97771
0.174764
-1.19423
0.265578
-1.35113
0.339733
13.9207
-0.871295
-0.0448389
-15.9047
-0.979229
-35.8625
-6.78315
-1.13712
-2.45713
-8.25819
-0.215344
-0.331833
-2.09333
0.639085
-2.40229
0.0931084
-0.502596
8.93852
0.406472
1.30767
-0.410514
-3.15333
1.51614
-0.226579
-1.76943
-2.1802
-10.1546
3.4178
-1.35623
-1.43968
0.330046
24.8747
3.04014
0.300192
1.28633
0.997555
0.192001
2.67309
-2.60338
0.358835
0.0215286
-1.377
-0.783883
0.296002
-0.0397783
3.53543
-0.231053
0.0589717
-24.1355
1.92291
-0.20723
0.692882
-0.407893
-0.639841
2.68905
0.453124
1.152
4.40766
-2.21945
0.295487
-0.718963
-0.899143
-1.55165
5.13124
-0.63201
16.8601
-0.946503
2.67515
12.7075
-3.80913
-0.502096
-2.21331
-0.180735
-0.240598
-70.702
1.41977
0.664224
0.361552
-1.82062
-0.19306
-3.58663
1.04826
-1.17132
-2.0761
0.0095286
-1.36399
0.548742
1.28719
-0.703316
-0.131155
0.415186
-2.06021
-3.37213
4.12015
-10.428
-1.19189
2.46268
-0.457602
0.201136
-0.0461605
-0.265035
-2.09579
-0.365594
-0.260339
5.56594
1.33389
0.302685
1.74807
2.893
0.9255
-2.06071
0.151257
1.92703
1.60526
-89.6446
-0.789756
-0.180207
-0.926273
1.78403
-1.25048
-1.99161
-0.876977
7.86387
20.8208
-0.67174
4.05971
0.76303
8.23032
0.160964
-0.152936
-0.762653
-5.10694
-1.22669
0.614638
-3.68728
-12.4956
1.33996
-0.524806
0.818699
1.91313
-3.19404
-1.49616
0.906935
59.2451
0.282011
-0.391663
-0.0880627
2.42324
-0.454265
-1.33002
0.89847
-1.5507
-2.73449
0.415153
0.572828
-1.91899
2.4786
-1.38802
-4.08524
2.1872
-1.0775
4.86945
2.85357
1.33317
0.814254
-1.40502
-1.90227
-1.21415
0.839898
-11.0449
2.65033
1.87069
-0.439501
-0.357232
-3.05563
1.51777
0.0944151
-0.265464
1.139
0.829972
-0.272546
0.238561
13.3966
0.260127
1.18667
0.62887
-0.536553
0.11978
-1.42233
0.652981
12.193
-44.346
0.653975
35.0407
0.156031
0.570239
-1.14187
0.0406649
0.589892
3.37402
-18.4434
1.76154
18.8279
-1.26367
17.9496
-0.558218
0.373246
-0.692442
-3.33501
-6.14321
-0.0787909
-0.224239
-15.0762
0.558812
-1.03764
1.87451
-0.452235
0.79784
0.912232
-1.5425
0.0998057
-1.03932
-1.37971
-0.484118
-1.28416
0.137569
1.68225
24.9196
4.24472
-0.0423296
0.920875
-1.50629
19.1884
0.111655
1.10955
-0.687737
1.21298
0.855597
-2.00984
-0.576917
-1.95087
-15.0462
9.05118
0.0891936
-0.222499
-0.399592
-0.824895
-1.11545
-0.581563
0.51279
-1.05241
0.393016
-1.89142
3.50184
-0.247889
-0.0944046
0.200264
-0.805541
-1.97646
0.0938875
-0.58039
0.404161
3.51354
-1.14178
-1.58042
1.75453
-0.699248
10.231
0.884768
-0.523217
-0.249071
-1.08268
0.0818342
0.932909
7.26752
-1.94777
1.33893
-0.574858
1.36473
-1.01334
-1.51608
-0.269071
1.11381
0.0123148
0.436211
0.314164
-0.141326
0.802138
-0.275171
5.26562
-0.582859
0.208964
-0.71273
-2.76949
0.383333
2.20344
-0.219898
1.73432
-0.375956
-10.6604
11.0216
-0.482605
-4.7454
-0.169812
0.448515
1.41056
0.392928
-2.64917
-0.388623
-1.37519
0.181874
0.596969
0.813491
-1.0219
-0.601716
-0.220742
0.351126
-2.05372
-0.650304
-2.30554
-1.11571
-1.30925
-1.30579
3.34107
0.301579
12.8028
9.18177
0.351015
0.407152
-1.57237
-4.70607
0.279307
0.204353
2.04691
0.432025
1.67268
0.298449
0.258474
-3.65687
0.158142
64.6644
-0.525286
4.17466
0.142222
-1.37546
0.589066
-2.62292
0.735333
-7.16721
0.37327
-1.2794
-0.310065
-0.0330693
0.333614
0.190147
0.622766
11.7887
-0.230376
-0.812594
-32.7551
0.922699
-1.66066
1.76048
0.0130794
1.5323
-1.33024
-0.341584
0.432936
0.283208
-0.449702
-1.16023
-0.734483
1.01333
0.80561
-4.74154
-0.980323
-0.163304
0.0925899
0.580369
-0.956015
0.290662
-1.81363
0.0994465
-2.33233
-0.695385
0.111287
2.25407
-0.738714
1.30173
3.82436
2.02702
-1.39334
0.19321
1.50505
-0.196529
0.623981
3.08949
-0.357921
11.1646
6.23212
-3.17736
0.05037
-1.88446
-0.0158894
-0.696804
8.21173
4.71061
0.570463
-0.43776
1.28658
1.52417
0.486391
2.91284
1.48572
1.97055
-0.55795
-0.408853
2.95093
-0.312709
-0.218685
-2.69134
9.25635
1.72921
7.53107
-0.223657
2.18251
-0.39932
0.61868
-2.26304
2.52098
-2.96436
8.35026
1.1242
3.75039
3.3416
1.08139
-1.65304
1.37788
1.68208
5.33765
-0.0664934
-4.42487
0.816764
80.4818
-0.82045
0.831527
0.356815
0.556267
1.28086
-0.0561133
0.186737
-4.08831
0.0771235
-2.05561
-1.24457
-0.567171
-1.91759
-1.3001
2.02994
-6.72296
0.187468
-0.288322
0.0775231
-79.7397
0.400188
1.12082
1.90392
10.9121
0.208891
0.235232
-1.41213
-0.257894
2.05452
-1.44594
-0.713872
0.252961
-130.713
0.720495
-0.00905037
-1.76088
3.58783
-1.80874
-3.82558
-0.147804
-1.14905
4.51065
1.45037
0.263081
-11.2846
4.05434
-3.09952
1.25392
1.33494
-0.196557
1.86618
0.626753
-0.447956
1.80362
-13.0377
0.01901
1.21572
3.76022
-0.276221
2.31524
-1.02135
6.52316
-360.046
-0.273673
-0.976792
0.0568781
-0.3769
9.22173
-0.204246
-0.153615
1.08022
0.815652
3.75278
-0.0297088
-0.701108
1.57651
1.59528
0.00919123
-2.40166
-1.35966
-0.724517
-0.222757
-3.05937
6.64973
1.96106
0.33692
-0.181486
-1.47813
0.765914
0.798315
-1.51079
50.4387
0.633304
-7.19077
-1.3617
3.0461
1.98257
-13.4286
-2.96555
1.97315
-1.66983
-4.72758
24.1641
-0.53678
-0.36475
0.193835
0.427438
0.89247
-2.31597
-2.70318
-0.113527
8.77165
0.403561
0.413499
-2.5816
0.411874
0.339046
-0.475743
4.37581
-2.36349
4.58732
-1.54003
-2.70703
-3.0998
0.0060698
2.90692
-1.63455
-0.29289
6.87436
-1.55708
-1.32446
-0.00204941
-0.871495
1.44693
0.367184
-3.97065
1.04551
-5.0244
0.528391
-3.21606
0.0666181
0.543488
0.357484
0.115626
0.374627
0.434062
1894.33
-1.64185
-0.418705
3.98085
-6.04762
1.86117
0.763862
89.4813
-0.808427
2.18067
-2.11628
0.636419
0.250628
3.99176
-0.730784
-0.826316
0.285504
42.1722
-1.26016
0.986049
0.869129
-0.442206
-1.11274
0.974699
-1.35179
0.127575
-2.08992
0.414807
1.81076
-1.32359
1.04985
-18.8988
-1.01549
-8.95868
19.8295
-8.53988
1.02287
0.693737
0.264772
2.63911
-3.04551
0.00526966
1.65998
-0.409087
-10.5127
-0.201284
-28.983
-23.4052
3.28586
-4.39223
1.41089
-0.572476
1.79299
16.9464
-2.95361
-0.640161
1.67813
2.67991
-0.897383
0.17669
-0.29991
-0.430537
-1.08894
-11.0885
-2.04076
1.09787
-0.0168055
-5.94761
0.709578
-1.75216
-1.4101
-0.754373
0.926879
1.55761
-0.338593
0.893551
1.20087
-0.058174
-0.255327
-0.961875
-0.37409
0.179034
1.93903
-0.298286
2.15531
-0.785123
0.353633
1.2462
-2.21864
-6.26554
1.90635
1.88256
-0.603182
0.399437
0.485888
-0.0887628
5.15711
-0.506701
-0.0303518
0.822199
-0.268135
-2.19889
-2.19612
0.30193
0.851146
0.211237
7.24586
0.897323
-0.632667
-1.21395
3.08253
0.0655575
0.891232
-2.03286
-1.66994
-2.5508
0.206429
-0.572141
-0.556556
1.18611
0.0164546
1.91989
-1.78234
3.48379
-1.52797
-1.47543
1.08482
-5.35265
0.560524
-7.35173
-0.551427
1.78074
1.75111
0.408361
0.882127
42.7379
6.76318
0.367905
-5.14541
-6.7322
-0.786346
-0.723743
-1.39783
-1.55655
0.465344
-1.3412
-0.624639
-1.67426
17.2238
0.453563
0.0998594
1.087
1.96756
-5.33812
-0.207809
-0.688992
-0.886659
8.89756
7.48672
6.2593
-0.494129
-3.01055
1.45658
0.510196
-0.620216
1.28192
5.90513
2.22883
-1.64243
-1.12095
-1.62222
0.431254
-0.702241
-0.000326531
1.29858
-0.958445
0.340361
-1.33758
-40.3054
1.10577
-2.11496
1.48269
1.77779
0.168978
-0.716732
-0.436747
-0.160963
-1.42453
-0.0812294
-0.7037
0.429265
0.220502
1.63919
-0.682111
0.0322463
1.44799
-1.81514
29.591
3.12439
1.44938
3.02325
-13.8212
-2.33652
-7.58971
0.452613
0.214435
5.77724
-0.0341838
0.900569
-0.0554864
1.20753
-1.00296
4.14115
-4.23466
0.952327
1.83372
1.05898
3.97254
2.0565
0.687583
-0.297279
1.42706
35.7498
-1.94968
-13.5983
1.37629
-0.168593
0.851554
384.631
-1.36963
-27.0644
2.5827
0.68381
-0.318947
-0.654243
2.41584
-4.77327
-0.726242
-6.18864
-1.93427
0.327225
0.497093
22.2346
4.00842
-0.598854
-0.921655
2.29983
0.903544
32.1551
-1.11709
-3.81924
-2.13286
9.08145
0.617027
0.0247161
0.681082
-0.209188
1.37904
-0.912388
3.29309
1.93558
-0.779766
9.12392
-0.796646
4.02667
-1.27678
-0.0423627
0.412233
-1.43352
0.354532
0.590512
-0.925534
10.0914
-0.409504
-11.4744
-0.668624
2.86967
-2.42237
55.6911
-0.0627583
-2.67809
-0.0146072
-0.191807
4.71503
0.523778
-0.418918
-0.999633
-1.38933
-0.0587533
-1.08706
1.34962
1.31338
37.8549
0.906598
-1.77532
-0.0701487
-3.80774
-0.834595
1.11937
0.0789404
51.163
8.77653
-0.488844
0.909754
-2.91851
-1.58482
-0.38247
-0.000634144
-1.17415
-2.40229
3.11233
0.98688
-26.8524
-0.269074
-1.2716
0.822809
-1.66985
0.320906
2.45337
-0.221108
2.42278
0.708769
2.52272
-0.514531
0.359447
0.618194
0.140834
0.324196
-0.637572
-0.485191
0.404214
-0.357257
-0.0560793
0.668119
-1.90673
-1.88103
7.06778
0.521934
-0.588765
16.4835
-0.128139
1.68328
0.31522
3.46035
-0.483614
6.04128
1.08562
1.22797
-0.0228545
-1.22668
1.54365
1.30668
0.297216
0.125278
0.0253433
5.13322
-29.6269
0.675162
-0.200941
1.25837
0.315616
-3.10989
-0.307473
1.45963
-4.13292
-1.26033
-1.17034
1.45158
0.147549
0.313606
0.0410858
-2.79895
2.62106
-0.160665
-1.21308
2.3245
5.21708
-1.8482
0.646184
-0.257505
1.17867
2.35379
-0.485674
-0.759525
-0.555278
-4.42521
-3.66712
2.32912
-1.61211
1.40153
-4.17374
0.227293
-26.1719
0.394816
12.4735
0.156925
1.24393
-0.00777941
13.4696
0.110945
-0.0919756
16.0421
-1.29352
1.98951
-0.63954
-0.333642
-1.80761
0.367454
-0.229386
2.60705
0.171487
-21.082
17.043
6.25191
-0.360608
0.380545
2.31501
2.99232
0.0521031
0.451195
-0.612131
0.6842
-1.08538
2.12108
0.660185
-0.907913
-0.345584
-0.813006
-2.80605
-1.64775
0.316112
3.1851
-0.465766
1.04129
0.102961
-1.79811
-9.22694
0.509503
7.3911
-0.39916
0.207256
-0.618797
-0.00385902
-0.737526
-0.90049
-1.02019
-1.4639
-1.97156
0.128368
0.430783
0.408727
-0.495405
1.85504
-1.57749
7.57527
1.08594
-1.09673
-0.103236
-0.400404
3.17049
0.609955
-19.9158
0.79641
-0.398826
0.12257
0.763833
-5.81693
-0.331861
0.147048
1.16278
-0.545672
0.416548
0.526452
-2.23061
-0.317665
-2.19751
0.878679
1.96588
1.11144
-2.38098
-0.34632
-1.04218
0.356793
-36.8631
1.0102
-1.6637
4.22365
-0.553978
0.150437
6.21873
9.81082
-4.72851
-0.620468
0.396324
0.150797
0.674559
0.46322
1.21959
-0.150797
-3.12424
-2.66029
-12.9556
-1.53329
-2.98814
32.002
-2.26545
0.12113
1.09904
0.611121
1.00818
-0.769239
-28.1564
-0.1203
2.51704
-0.929016
-0.0296906
0.455489
-0.284916
0.429532
0.720669
-1.45654
11.5829
1.30046
-0.467318
0.586434
-0.764345
22.0894
0.454012
-5.85295
0.13454
0.1959
3.63628
0.00050042
0.833773
0.623645
-0.288682
-12.8011
-1.09833
-0.198426
-2.34376
1.13636
0.319779
-0.218074
0.0921389
1.32226
-0.884115
0.284828
10.0067
-0.611048
-0.10798
-0.797389
8.29017
-0.026827
0.186901
-1.5327
-0.0671021
0.875443
-1.08631
5.45333
-0.507606
0.8438
0.692465
-1.67576
-1.81726
0.0918488
1.76579
0.0861974
1.78211
-125.871
-0.220898
-0.331106
-17.9589
0.761574
0.0646202
1.42718
-11.8634
1.36753
1.11176
-0.048166
-1.47332
5.84204
0.394326
-1.78077
0.226729
-1.13864
2.44534
-0.32987
5.42937
-0.427825
1.42012
-2.00348
-0.52882
-7.1252
0.106898
0.690593
-0.320977
-3.2443
0.367439
1.08415
21.8727
0.27901
0.21764
-1.65194
6.5116
-1.92535
-5.48367
-1.35929
-0.13244
1.95622
2.87123
-0.0258107
-0.527428
-0.689217
10.0113
-2.11652
-2.55299
-1.58655
-0.658574
-2.81246
-0.271651
1.91608
-0.389319
5.59231
-2.14817
0.840141
-0.970978
-0.503753
0.579355
-5.28768
101.516
0.636237
1.75328
-0.257564
-0.304248
1.73204
-3.42929
3.65025
-0.608187
3.88989
-0.754386
-3.48846
-0.936499
-12.7622
-0.0674998
-2.09892
16.9512
5.87031
2.3544
-15.0978
-0.335889
0.295448
-0.160912
-0.802316
2.87905
0.994962
-1.1351
-0.14407
0.880073
-17.4156
-4.84098
0.256876
-0.810917
1.90189
-1.68409
-0.462529
-1.29021
-1.53612
4.21392
-0.0188797
2.63604
-2.96032
-0.473073
-0.22345
-0.942338
-6.3014
-0.134201
-0.139096
0.731444
-0.396676
0.492064
2.21786
-2.38546
-0.890405
-4.91164
-1.4653
6.90208
1.39328
27.5486
1.11409
-1.64052
-1.26437
-1.52936
-0.712313
-1.51435
2.12701
-1.5159
-3.18319
-1.43222
0.30768
1.17576
-0.223789
-1.11845
1.67103
0.579669
1.42927
-0.392578
1.10523
-10.8503
0.299355
0.583014
-1.75715
-0.111898
0.229632
1.02441
7.49316
8.99155
0.718164
-0.18673
2.03328
-0.237014
-0.413954
-7.58422
0.688649
-0.466598
4.36336
-0.918079
0.300432
-2.45351
1.32646
1.8198
-0.809995
-0.697949
0.290282
-0.291461
0.374242
0.966291
-2.58456
-5.45844
-1.43744
1.13501
-0.0116652
-0.235486
4.78476
3.03672
-0.0538539
0.781938
2.34286
-0.644411
-0.461753
-0.417014
-0.477203
-3.03909
1.7772
0.263758
0.484332
-1.34762
0.714195
0.953785
0.468508
-19.0521
2.15478
-0.143034
-8.6729
-0.861415
-1.4364
0.155323
0.219471
1.25219
3.3873
-2.51522
0.294233
-0.266819
0.395856
-1.14559
0.219045
2.2845
2.10648
-0.3784
-1.34575
-0.761559
-0.863394
0.934128
0.222906
0.07758
0.114059
0.512136
-0.694129
-1.80283
0.846047
3.27953
-1.12824
0.066275
-1.11033
-33.8133
1.46012
-0.688798
0.658044
0.345415
-0.728802
2.08858
-1.7005
1.21742
-3.74706
2.73676
0.586001
0.945228
0.504087
-1.93269
-0.273393
0.732614
0.446607
-1.16766
18.6289
0.0818565
1.12257
-1.09651
0.0558616
-0.456667
7.2673
-4.59187
-0.351756
2.61704
1.86953
-1.33804
-5.93605
-0.985455
0.796116
-0.169919
-0.412848
-23.9829
-14.806
-6.07928
1.20833
0.936564
-0.429006
0.173658
0.193756
-1.35708
9.46101
-0.405365
-0.402122
-0.261406
4.30973
-0.585868
1.43187
0.0335695
0.111968
-0.341035
1.95054
0.319609
2.73175
3.68187
-7.94742
-1.04886
-9.53445
-0.148612
-0.34523
0.260437
1.83144
1.05424
1.08268
-0.84137
0.211682
2.56979
-0.0404676
0.76774
-1.48353
-2.26257
-0.449045
-6.71571
0.777091
0.995335
-0.902053
-0.358613
-1.14794
-1.05435
0.407728
-3.36733
-4.00948
2.21176
-0.452103
-7.87075
0.671078
-3.35792
-0.723344
-2.57601
0.479585
-0.203741
5.3736
-0.267622
-14.9943
-0.355373
5.97819
-0.236235
0.0945179
-0.476923
0.547011
1.45842
1.02267
3.00846
-21.8876
-1.65671
1.42467
0.878553
5.76875
-0.394386
1.97318
-0.680103
-0.41774
-1.53857
7.58924
1.02028
5.72142
-0.612065
-4.00925
8.18776
-1.1862
-1.08449
2.23024
-0.823976
-0.599476
-12.4898
0.676508
-1.68357
-0.0851215
-0.819533
0.560376
-1.00204
2.03008
-6.01314
-0.456669
3.01702
0.995201
2.018
1.3955
0.0192482
9.96971
-1.06753
-1.62664
-0.930057
-0.312252
-3.40964
-0.170767
7.18184
0.568975
-0.326163
0.719731
0.41999
-0.083132
-0.64609
2.71681
-0.37411
-2.79974
6.74236
-24.0878
-1.50134
-2.12313
3.23181
0.0912587
-3.87002
-1.37507
-3.10448
0.248712
-4.44811
-0.120628
6.4481
-1.17165
0.506073
-3.46594
-1.26772
-2.23666
-0.664881
-1.77923
0.187514
0.0972632
0.426167
-1.41454
-0.96687
-1.89283
1.42387
-20.082
2.36466
1.58279
-0.029262
-0.149351
6.95416
-0.20759
-13.4458
-6.7709
-0.646493
-15.2672
-0.961695
1.23912
0.89025
3.09776
2.77032
-1.07448
-2.12912
0.585879
-1.24013
3.48082
4.54986
0.363459
-1.06666
-1.01542
1.1731
0.194563
-3.09288
-2.4606
1.22277
-0.0747997
0.453451
-0.100714
-1.43024
7.59598
0.971366
2.54226
5.78755
-0.484085
0.873957
-10.0419
-0.103827
-0.610336
-0.00120407
1.89763
-2.02412
1.19289
0.952758
-273.604
-6.1796
-0.102808
-1.05267
-1.26187
1.08691
-20.9861
-0.765666
-0.246139
2.84177
-2.7223
0.575766
8.01633
-0.510665
0.472457
-0.145608
0.294071
28.0413
4.35541
-3.37508
1.5388
-3.2483
-0.0416094
0.113857
0.868856
-1.18574
0.922446
0.44918
6.26395
-0.341072
1.99576
-0.889582
-0.411478
0.280488
-2.9743
-0.0146657
-0.0208092
-1.40891
1.14134
-1.2817
-0.286354
-11.7614
0.0212657
-0.118343
0.538069
-0.595804
-1.4162
0.022813
-4.7885
-4.74966
0.00465993
-0.0584325
-3.09301
-700.783
1.21006
-0.212598
-0.856413
21.097
-1.04323
0.546957
-0.246497
0.883382
-0.837849
0.0638646
0.0759592
-1.56007
5.96474
2.90422
11.6831
-4.40642
-0.184679
-0.447979
0.347081
0.100178
0.958507
0.430962
-1.15484
0.661898
-0.661989
0.335185
0.44406
-0.0236438
0.538038
0.16186
-2.26162
-0.985219
0.372719
-0.492383
2.86669
-0.74101
1.37707
1.36067
0.0746612
0.643095
1.60819
-0.383617
-4.35127
0.00529703
0.516769
2.00551
-2.26426
-1.58223
-5.44928
0.903288
0.739309
-2.4461
-2.65518
-0.309055
0.876119
-0.641978
-4.24723
0.00021388
0.641747
4.75334
0.240099
-0.552128
0.496149
-2.06535
-2.1951
-0.781932
0.330311
-2.14837
5.07223
0.741048
0.559425
2.11481
-0.555028
84.3567
-0.743823
5.67276
0.0587428
-81.9331
-0.153937
0.0883971
-2.03998
0.618461
-0.313077
3.27104
1.47563
0.631927
-0.0118505
2.15784
-0.799284
-0.381453
-1.75243
-0.874805
0.565626
-0.774324
1.86388
1.86924
-0.200724
2.02796
7.21431
-3.69746
-0.557205
2.29082
-2.17203
-8.79393
-3.1881
-12.9196
-0.21878
1.7525
1.13944
0.28728
3.60044
0.89052
0.0420838
-1.72957
0.0325337
-0.434555
-1.43354
-4.2793
-0.629222
-0.757867
-0.488171
-27.5187
-4.15956
0.337134
2.65804
-0.78698
1.70053
-0.313229
0.584528
0.229244
-4.62894
-0.526293
-0.0399118
3.81279
-0.782251
-0.344319
0.509607
-1.62941
0.619182
3.50344
-1.93557
1.16026
-17.8914
-2.79428
0.806902
4.74171
-0.337298
0.677516
0.0442174
-10.7363
-1.08599
-1.4386
-0.250942
-0.318055
-0.486263
-12.9259
-4.08567
0.159257
-124.946
1.74586
0.191585
-0.461988
-2.73159
-1.19628
-1.53446
1.96381
-5.22347
-0.500792
-1.03604
0.993154
1.53998
0.166242
-1.53785
1.11428
-0.214196
0.479091
-0.782559
-1.12024
-4.90827
0.114152
-0.0581928
0.851353
2.12204
-0.369432
-1.65255
1.77114
1.25885
1.28648
-0.617051
7.24581
-0.0203384
0.462072
-0.0323356
2.93555
0.126607
0.384936
6.63293
-3.60765
6.79248
0.227041
0.206361
1.75034
-1.40566
-1.17968
0.703336
0.333647
-0.264555
10.6502
21.4065
1.73472
1.22688
-0.451998
-0.297959
0.529381
-0.491516
-0.450291
0.240839
-34.9227
-0.299599
0.448827
1.541
1.24852
1.10093
-0.016754
0.903855
-0.521162
-5.74023
-0.344326
-0.0368307
-3.64538
-0.210796
-0.34725
6.21353
4.54566
0.227718
-4.47756
0.265275
1.08541
-1.62469
-3.48259
-7.78381
-2.63187
9.98602
0.833996
1.1643
-0.152163
0.117005
-1.03157
-0.0240571
-1.85495
0.472463
0.271181
0.119408
2.56736
-0.253463
0.899835
15.2204
-0.699658
-0.758594
0.609267
0.128674
0.920828
0.35158
0.838769
-0.249292
-0.136369
1.03102
0.0248638
-0.408976
1.23419
-0.619296
0.37085
-2.191
0.911014
6.28447
-55.3188
-0.417909
-3.13467
0.401722
1.54584
0.648867
0.867428
6.99574
1.19193
-3.39745
-5.70253
1.93975
3.2648
0.572166
2.37049
0.0392754
1.61521
-0.192334
3.75177
1.08513
2.52567
1.58525
0.30191
20.261
0.463087
-0.953585
-0.449185
0.299297
-1.60001
0.467791
0.420641
0.164158
-2.17404
-0.478841
-0.776891
-61.2961
-0.265391
-1.14943
-0.616375
0.548479
1.12558
-2.7951
2.83478
-0.929272
0.00364024
-0.752477
0.0144594
0.238851
-5.70252
-1.43676
-0.892546
-0.800217
-0.577046
2.09952
-2.58687
-0.490764
-14.3017
2.86037
-6.40612
-0.0661387
-2.95503
-22.8023
-1.73902
0.537926
-0.321727
2.12174
0.800519
0.533047
2.81521
-0.628171
0.164472
0.218004
1.35008
1.48345
15.4395
-5.95575
1.52151
0.317544
-0.796828
0.396893
4.86227
-1.03627
0.111105
-0.324824
-0.442732
-1.74672
-0.645242
-0.0959546
-3.05135
0.414861
-5.10568
-1.71104
-1.58863
1.70744
3.37036
-5.5486
2.54635
0.968163
-6.89703
-0.1373
1.83528
-3.67874
40.221
0.870476
-0.336865
0.80401
-0.151969
0.870028
-0.11307
-2.05913
-0.807671
-2.1151
-1.33803
5.7399
-0.0941292
-6.23401
2.17679
-0.35361
1.0209
3.72928
-0.298645
1.29848
-0.376992
-0.123787
-0.210747
0.0148415
1.99062
1.51728
-0.0254095
0.671069
-1.59788
-0.459878
1.8476
5.27546
-11.876
3.95554
0.803101
0.752035
1.31073
-1.2022
1.39381
2.90409
-0.459314
1.31335
-0.429377
-1.64424
1.42941
0.769395
-0.25967
-12.4681
-0.776382
6.34596
-3.01798
-0.565608
7.79993
-0.0022868
4.41775
-0.228741
1.63027
-0.217998
-0.2326
4.92242
-0.256742
-0.576915
-1.48259
0.775334
-1.35261
1.32278
1.7686
-2.63957
-1.46732
-0.641644
-0.295996
-0.24982
-15.8886
17.0205
0.314913
-3.51839
0.255569
-17.3481
-107.572
-0.151863
-1.5429
1.59573
-2.42349
0.11179
-0.394986
-0.732599
11.3163
-0.239775
-1.77178
0.408284
-8.07248
1.55535
2.31792
-0.162114
1.12263
-0.685124
1.80605
0.123346
-0.712188
-0.513687
4.35223
5.46152
1.19156
-0.455318
-0.185112
-0.122263
-1.26451
0.666577
0.617461
2.18631
-2.53195
-3.86491
0.721311
59.23
6.44152
1.64868
0.546835
0.292097
-0.608714
-55.8076
1.82519
-1.39111
2.94713
-0.490101
0.414046
0.546963
2.18713
0.286153
4.0449
-14.2657
-0.0314058
2.28822
11.2949
-0.510746
-0.101713
-2.41527
0.657076
0.155766
-2.02433
-0.631694
-0.155941
4.09938
-1.80997
3.2204
-3.61997
1.92722
-0.860232
-1.55255
0.579837
0.585584
-0.617978
1.23949
0.292606
-0.205316
2.48167
0.849459
-0.17268
0.680288
-7.79384
-2.2031
-5.13734
0.565059
3.62695
3.81442
4.90512
0.470475
-1.49722
2.51573
13.1297
-0.184815
-1.0804
0.597455
-0.736554
0.475079
3.1825
0.670239
2.15359
0.170258
2.55294
-0.332132
0.216695
-1.04378
0.0835416
1.29526
-4.7431
0.467731
0.097308
0.300416
-6.83121
-0.2049
0.701376
-0.191712
2.64947
-0.431948
-2.5167
-0.516803
-0.514968
-0.490017
4.45728
-0.659612
-14.8727
1.84164
-0.263056
-2.98084
-3.9954
0.11325
-1.0071
-2.02404
-2.13499
-5.80725
-4.85009
0.00920422
0.219729
0.320482
2.41123
-0.191441
0.126574
-0.104978
-18.547
5.34579
3.12582
0.697846
2.29612
-0.498895
-0.116415
-1.65654
-11.4772
-2.96894
-0.811836
3.0077
-1.39456
12.7539
-1.64925
0.401207
-1.60279
-1.3477
3.57969
0.19779
-0.0685937
0.71986
-0.206069
-1.39979
-1.16004
1.65472
1.07777
8.2047
-0.499088
-0.0838615
-0.670263
1.81328
-0.142674
-4.84863
-0.15171
-0.652353
-0.761267
-0.686203
-0.000762514
-0.509496
0.44733
0.685435
-0.606838
-0.293969
0.294495
35.4674
4.99796
1.07108
-1.58507
7.27517
0.649531
-0.977273
7.40447
5.14444
-0.991736
-3.07923
-0.701388
-1.67952
-0.110308
0.293404
-3.06368
-5.24786
3.12915
0.367084
-20.0196
9.26758
0.374233
0.572386
-2.00537
-2.98419
2.08196
1.52313
0.325546
-6.15415
-0.341833
2.68811
0.074935
-9.19567
0.151703
1.36812
3.8321
5.3157
-1.60533
0.17871
0.589001
1.5487
0.383624
0.352588
2.51924
-1.45425
0.316189
-2.32805
-0.558532
-7.50989
-0.059919
-14.2292
0.851428
1.21992
-0.755299
10.2271
0.899875
0.159024
1.27848
1.98423
-1.78565
-6.01295
12.7812
-6.11427
0.393193
-1.25288
-1.2784
0.432922
-0.64422
-0.338446
0.111243
0.0310729
-1.42319
-8.8886
1.67609
0.164245
-2.50025
-0.953821
-2.38864
1.32267
1.27358
-1.26999
3.04285
-0.496309
3.00959
-0.0120082
-1.7743
-0.585938
-1.93263
0.15988
-1.46811
1.11263
54.0115
0.237341
-1.67518
0.276051
0.485847
5.05085
1.57043
0.491928
-20.3834
-1.07488
-0.651467
2.21637
1.43007
-4.07631
71.3715
0.55239
1.31362
2.3653
-1.60075
-2.89476
1.52818
-4.78682
-16.0302
11.5196
0.94217
6.33022
0.767101
2.39178
-2.3047
0.336092
0.896612
0.277029
-0.00936025
-0.441856
0.389832
-0.137775
-1.34706
-0.155395
0.214264
-0.642014
0.801486
2.86163
-0.67583
0.134311
0.761119
-0.0991711
0.230835
-5.35649
-2.17854
-1.66754
-0.746452
-1.86443
1.34756
-7.5166
112.245
-3.03193
1.5858
-0.92103
0.228615
0.219311
-2.28293
1.25754
1.52661
0.516123
-0.503119
6.37009
-1.33539
1.69271
-1.44548
1.52552
0.137146
0.679573
-0.585546
-1.56921
0.0447088
-0.767541
0.0742144
-0.59194
0.764153
-1.41191
0.544394
-3.58184
28.5294
-1.76545
-28.6206
-0.265615
-3.37796
0.36853
-0.673567
-0.322211
0.131591
1.89493
6.25954
0.0717442
-0.903254
0.646933
-0.356794
-1.84056
-5.35684
0.171491
-1.66658
0.102263
5.34758
1.65483
-0.520857
0.486788
3.7423
-6.62713
-0.649093
0.83913
-1.04301
0.126871
0.433694
-3.09823
-1.04603
-1.64508
0.237957
0.612515
-1.05
-2.30255
-0.870408
1.23294
0.10262
-0.914084
-0.213486
0.123168
-3.89284
1.22236
0.589972
10.8585
-1.46028
-0.0471024
0.647631
0.839887
5.69204
-0.150792
3.95838
-0.272193
-0.206296
-0.540298
-1.03385
0.0996012
-2.94088
0.141877
0.128637
-1.26803
5.64529
-0.729104
0.29222
-0.850231
-0.653059
7.7689
1.29613
-1.13098
-0.567864
-0.0338613
0.150962
-1.57007
1.01924
0.73088
6.91542
-42.3792
0.707371
0.317801
-0.635578
1.99699
-6.15099
-11.3491
12.6902
13.1762
0.257022
-0.859443
2.93495
-0.138452
0.578491
1.71301
4.23377
-1.76448
0.215697
1.71248
-0.0171775
-0.45338
-1.03602
-4.3715
-19.8661
-0.266611
2.45055
0.874098
0.934813
3.9137
2.28019
-1.6066
-0.932608
-0.434275
-1.38354
0.80777
-0.134909
-1.36355
3.66322
-0.327636
0.669097
-1.56736
0.506209
0.650182
1.49941
8.2543
15.1155
1.18409
1.23039
0.468634
-0.605157
-5.35214
-0.939145
0.12811
-0.0466901
-1.08755
0.575047
0.279972
4.56046
-0.0421738
5.44775
-0.803186
-3.01696
-0.517094
-1.11242
-0.501709
-0.558134
0.114255
0.321453
-0.499124
91.6159
0.0563321
-0.453358
-0.598477
0.55701
-1.18141
-2.28322
-1.31088
0.0569037
0.164412
0.0481622
0.721263
0.242971
24.7685
-0.543366
0.504725
-0.63505
-0.433309
-0.402001
2.12105
-1.25284
9.62324
-2.70152
-0.650553
-0.778886
-0.320344
0.299057
8.97538
-1.16088
6.47926
0.239488
-11.7329
-1.58561
-0.69246
-0.444667
-2.35565
-1.59766
-3.71431
-1.31556
3.58462
0.286689
1.58981
0.472647
0.656373
-0.299971
-0.876321
-0.478097
-0.611518
1.73664
-0.0515568
1.4496
-1.01238
0.951086
0.426012
-0.408238
-0.517014
-28.6207
-0.351766
0.0150649
-3.98791
-0.730364
1.1749
-0.60185
0.211793
-3.34171
0.339734
-0.576368
-0.643716
-0.716958
-13.9197
2.94615
65.9948
-1.51567
6.27176
-1.25259
1.71011
26.3311
0.112763
0.322938
4.68994
-0.98718
-0.430099
1.8627
1.9876
-0.197078
-0.497684
-0.492625
0.96311
-1.54834
-5.12438
4.28129
-1.1978
-0.914457
7.92894
0.219076
0.166622
-0.400656
2.60426
-1.73785
-1.92421
1.18974
1.92333
9.00316
-0.314046
-1.74525
-14.963
-1.22376
-1.33932
0.67779
-0.152273
-1.44586
-2.50546
0.553804
0.70748
1.87593
0.165751
0.154026
-0.989957
-2.83843
1.42202
-4.14941
-0.595352
-7.18137
0.2395
2.39822
1.46118
-0.346141
0.12775
4.68679
36.4335
0.448391
1.41971
-14.6914
-1.15323
-2.23775
1.14849
2.56787
0.430676
-1.11573
4.14658
-0.760371
3.59662
0.673968
-0.857308
0.804529
5.80407
-0.518101
-93.5906
2.97404
6.87782
0.779555
0.56287
-2.67401
0.466384
-1.96371
-3.64482
-1.316
0.499879
-1.81995
6.22976
-0.138722
1.57786
1.1982
-0.849699
0.7363
0.138805
0.255721
2.57985
-3.4263
1.00733
1.39831
-5.06296
4.40846
2.27432
0.813046
0.685596
-0.608353
-1.29605
-0.799028
2.16405
0.687747
-0.833701
0.0802689
-6.13841
-0.204544
6.29501
2.85562
13.6173
-2.13523
1.38645
1.2849
-1.23101
-0.531113
-1.01246
1.32763
1.58425
2.86928
-1.60001
0.739451
-0.633231
0.781765
-0.0335301
2.72373
0.676986
-2.99452
1.97833
-0.426607
0.0922012
-2.14928
0.192659
3.70308
10.6604
-0.650137
0.483908
0.249099
-0.221148
-0.187188
0.457993
-3.54492
-0.210682
-0.163586
0.296066
-0.786977
-0.384982
-0.0336288
-1.23247
-1.29661
-1.91938
2.67891
-1.96014
0.763935
-2.18695
1.62469
0.354466
-1.01971
-1.18163
0.540168
2.22661
1.80736
-0.507826
1.1513
2.96668
-1.19972
0.478379
-2.4274
0.184033
-13.0848
-0.0379998
0.135063
-0.31242
0.0294025
-0.595265
-0.387584
0.633092
1.71828
-1.13382
-0.630884
1.07344
3.91697
0.216944
1.31278
-3.45795
-0.369605
-0.304302
-199.962
-36.8267
0.452052
1.02264
-3.56295
-0.531889
0.968947
0.852359
2.61561
-0.0489048
2.54831
-5.15662
-21.87
-2.33547
-4.91902
-0.130688
1.95523
19.4231
-0.545953
0.467037
-0.216127
-1.36365
-7.76458
93.9861
-0.0576722
-0.988879
1.50274
0.00259327
1.75979
0.0826521
-0.27139
0.786267
1.78356
-0.436502
-1.31693
-1.33068
-1.49512
-0.666272
0.363971
0.986553
-0.267782
-0.170898
45.2311
-0.107919
2.76782
-0.400377
-0.0492887
-0.282869
2.96418
-0.984475
-5.53848
-3.5464
-0.464491
0.995923
-1.51192
-0.671594
-1.44924
2.19548
0.181686
-1.08134
0.801804
-0.17545
0.791704
-0.905164
-1.05958
-1.04901
-1.16123
0.337298
0.27657
0.791915
1.6582
-8.70589
-0.0707275
-0.107189
1.28564
-1.28899
3.41786
0.555801
1.33349
0.993352
0.0363064
0.445766
-0.475031
0.733329
6.08993
13.4925
2.03988
-8.83862
0.254825
1.09614
-0.0516168
0.844595
1.42395
0.237576
-0.538556
-2.36616
0.992535
0.221787
2.61012
0.777529
-0.118066
-0.936767
3.27549
-1.11483
-0.781031
0.563065
2.25865
-0.123448
-6.9524
6.63257
0.344656
1.17514
-3.18471
-13.6524
-5.49607
-0.974002
6.36771
-0.976515
16.0903
-0.409709
1.5039
-0.497882
0.727865
0.875361
-0.129895
1.11968
0.163154
-1.61308
-0.742756
-70.6163
0.16597
-1.88894
0.0597136
-0.187326
-0.506569
0.0870127
6.76589
0.223064
-0.785868
-0.633998
1.52884
-1.50502
-1.59604
10.9739
-0.924885
-16.3063
0.526952
0.321881
0.520105
-0.220177
-1.04103
0.423724
6.01864
2.8975
1.22635
-15.7476
-0.251379
5.28656
-0.355851
1.98382
-6.65623
-0.676215
0.171506
6.12304
2.99536
0.616568
-0.0369511
-0.839464
-0.14289
1.64655
-0.705552
-1.03026
-0.528324
1.4504
0.283149
-0.756636
-0.669975
1.47796
0.825892
0.158465
0.717266
0.393988
4.09053
3.28373
0.853359
-1.38916
1.14313
-4.66169
8.48547
0.0497891
0.24996
-0.0592856
-4.71683
-5.20697
-0.833587
-3.13733
-10.3269
0.11191
-1.56104
-0.359388
0.59077
4.74828
0.100612
-2.36146
3.38299
-0.79813
-0.693646
0.387718
1.82353
3.36741
0.283989
0.964078
1.4015
-0.300864
1.61027
8.10438
-12.4771
6.99654
-0.294442
1.22307
0.538399
0.221809
9.69399
0.931453
0.184272
-1.09043
0.488762
-7.3266
0.0942571
-0.984346
-0.480031
-1.13138
-0.23758
-1.32372
0.0113959
-0.252166
0.862844
3.99507
0.407278
0.466849
0.662731
0.91522
22.2178
0.577336
0.476482
-0.0958581
1.24818
15.0521
0.126376
16.0633
-0.106931
-1.63686
1.01119
0.77704
-3.68176
-1.85708
-3.48627
1.7055
3.35522
39.0483
-0.831357
-1.60048
-1.20918
-0.295589
-4.1891
0.26125
0.162307
0.949624
-0.520798
1.9929
0.649109
0.0781036
1.28673
14.6804
0.927643
-10.3195
-0.77341
5.68613
0.519324
1.95596
-1.89427
1.4855
-4.57619
0.77495
0.586797
0.522645
1.70591
4.72367
0.111698
-3.97554
-1.54638
-3.49303
-1.80934
-1.68781
0.514975
2.33143
0.236454
-0.50514
1.43233
-2.95711
0.275296
0.319106
-1.35323
-1.02323
-1.12901
-0.396213
-0.338202
-11.3898
-0.604562
-0.99201
-11.646
-0.352784
-1.71793
0.439472
-0.122982
8.02216
-15.1711
-0.0568387
1.06529
0.58384
3.03143
-1.40359
1.0105
-0.963059
-0.275924
-3.18274
-0.287318
0.112281
0.203975
-1.38361
-0.472112
-0.47991
-0.967602
-0.652621
-0.640693
0.537121
0.389794
0.399761
-0.32363
1.36775
-0.790913
-9.72041
7.31684
-15.197
-2.07742
-0.469507
0.904117
2.63698
-0.595496
2.26948
-0.539106
1.09331
0.0360675
-14.8851
0.00394376
-2.33742
1.62687
-2.42535
-3.93533
-6.23097
-1.19326
0.395951
2.93439
1.32828
-4.01943
0.430588
-2.94419
0.16996
-5.38035
-5.74776
0.61504
0.0955456
-0.0488327
-3.87979
1.15092
0.155863
2.23302
-2.79156
0.175726
1.31434
-1.46027
4.73496
0.731438
0.684709
0.490792
-0.565511
0.531897
0.177307
16.7929
-0.297134
-0.350806
-1.79822
4.56709
-0.715883
1.07125
0.915906
0.249099
0.585554
-1.06955
-0.694183
-4.00825
0.940236
1.15121
0.903841
0.809391
-0.610159
-0.395137
0.350095
-2.27261
0.752186
3.23358
-7.47035
-5.85974
0.69612
-0.317664
-1.15281
-1.24777
-2.90359
1.19374
-0.814769
0.86436
-1.40244
-0.345928
0.790796
-1.5096
0.204148
-4.16917
2.06391
0.30051
58.7489
-0.239604
0.744104
0.988406
-0.38866
-2.09825
-6.87254
0.302986
-5.63781
-1.89522
-1.96478
-1.315
-0.0589792
1.83543
-11.0811
-0.520647
16.4366
0.342153
11.2279
1.83271
-0.659642
1.51668
-1.80315
-5.59669
-0.119004
-0.562561
2.47302
-2.98345
0.249561
-1.87721
-0.369438
-0.556019
-0.197693
-1.12184
2.75477
2.49084
-1.04487
-0.88944
0.148641
-3.33994
-2.08656
0.981696
0.438684
-0.546016
-0.150053
-0.854009
4.61676
-2.23735
-2.43591
0.120864
0.68571
-1.54526
-0.507525
-0.133884
0.835729
-1.88307
4.43939
-1.52523
-3.91907
0.567078
-0.486255
0.621729
0.876961
2.16135
0.473975
0.0779925
-2.3602
-1.28795
0.325611
2.73938
1.22983
-0.130707
5.66329
1.45766
0.133257
-10.0738
9.14943
2.09459
-0.598565
-61.6468
4.80523
-1.17427
-0.588641
0.123051
3.22652
-0.625158
1.63488
-4.21845
-0.333271
-1.12022
-0.23
-1.01077
-0.174694
19.9696
-0.758478
2.28674
0.243332
-1.66197
-2.46131
-0.729544
-0.184581
-6.50589
1.9036
-0.455774
0.67078
-3.11209
0.545624
-0.815925
13.7915
-1.61859
3.61859
0.867116
-1.85054
-0.501194
0.385682
-2.54515
3.45689
2.37206
1.2568
-6.91078
-1.43336
5.76539
0.513214
-0.864901
0.101985
1.77713
-0.663562
-0.703104
0.46063
-1.13859
2.08665
-0.440751
-1.61272
-1.83481
-2.3734
1.27361
-5.93001
-2.55703
10.0125
0.110678
1.13644
-0.022984
1.80157
-1.00057
-1.41814
1.11848
-2.59162
-0.258043
6.35155
1.05442
-0.169469
10.2274
-0.55785
0.985362
0.599095
0.972274
-4.26609
0.862459
-1.07169
-1.74304
1.8091
5.36839
-14.5824
0.776027
-7.12896
1.47293
18.6964
-0.130617
-8.20884
-0.593733
6.30287
0.40784
0.117721
0.731429
-5.09996
0.368461
0.146406
-2.12253
0.0751715
-1.10193
-0.529027
-0.652251
-0.676071
-0.455221
-1.26579
-0.889564
0.853163
2.90408
-0.431224
-0.623346
0.149065
-0.789648
-3.26201
2.11687
-0.99547
-0.380174
-0.223346
0.761074
0.391624
-2.49451
-5.76359
0.332355
-0.257688
-1.42145
0.986208
0.639308
-0.988434
-0.380787
2.6508
-0.595807
0.908467
10.6587
-0.254417
0.0973618
10.0359
-2.41779
-0.0756738
0.184452
0.630423
-0.0460211
-0.339976
1.2012
-7.23156
-0.170435
-0.494444
-0.0444601
0.446367
-1.49615
-0.782477
0.247821
3.95183
1.86381
0.793068
-0.888358
-0.934659
-0.640006
1.33876
-3.45284
-1.57481
-3.9059
-0.287038
0.187508
-0.205876
0.8188
0.616567
-0.00512723
0.681592
-0.389028
-2.07579
-1.03826
0.508518
2.98908
-0.752584
-0.333474
-0.341152
-0.645981
4.91879
-1.5899
-0.0344457
-2.16779
0.209948
-2.35203
-7.09574
-0.971384
1.38581
-1.09287
0.921553
1.42485
-2.01789
-0.692453
-0.232242
0.64361
0.586503
-0.297517
1.6465
-0.0839882
0.0442277
-7.17698
-1.85133
-0.302974
0.832176
-0.332054
-57.2067
1.36144
0.312352
-2.95554
2.44885
0.109073
0.885001
-0.476407
-0.534096
-1.0452
6.62056
2.16654
-2.13239
0.788434
2.818
-0.971526
-1.39682
0.946603
-0.0787832
1.09139
282.249
0.31706
24.7989
-1.15718
3.372
0.960538
1.99566
-1.16316
0.521645
-7.76977
-0.263125
-3.954
0.10552
-7.71738
2.4251
3.57996
0.0968165
1.63051
0.0585355
-2.28254
-0.852173
-1.84619
-0.0335651
14.7366
0.487468
-0.306105
-2.22302
-0.41817
3.3848
1.54491
3.07625
-1.35728
-0.775512
2.5325
1.51729
0.204376
-1.86223
-0.79106
1.23507
-0.157617
-7.68728
-0.504829
1.96597
-0.390528
0.0420655
4.10578
0.00597799
-0.071901
-1.26884
-1.38869
-7.57979
11.3954
0.259313
0.407134
2.31147
-1.38618
0.4386
-30.1807
-1.60573
-2.34022
-0.318507
-0.588235
-0.784543
-2.40817
2.61696
0.453266
-0.246011
0.537638
-0.422235
-0.243447
-0.847196
0.307278
-0.946496
4.9928
-34.0432
-0.928342
-1.85133
-2.25988
1.43004
1.03769
-0.0908153
-0.0909993
-0.315484
-0.955276
-1.62458
0.132151
-3.44952
-0.217923
-0.442173
1.8426
1.65967
1.79982
-0.576359
-15.9461
2.42691
0.202465
-0.521717
0.628027
0.036244
0.151996
0.490973
-0.452099
-0.19204
2.37688
0.781989
-0.861708
-0.138628
0.275783
-0.340853
-3.69363
2.80694
1.61019
-0.579701
-0.440971
-0.99102
1.47437
-0.232678
-0.994867
1.32867
-0.201823
0.260809
-0.201769
-1.17317
-0.955334
1.79467
-0.0211808
-0.240494
1.39718
-1.55749
-1.48474
0.0534564
0.269695
-1.55554
2.54805
1.05114
2.36963
1.13661
0.630202
-3.75025
0.200866
1.73125
0.217226
-2.17165
-0.561373
-0.537552
0.434777
-0.236716
-0.081944
0.0295002
7.10978
-8.35244
-1.40974
-2.63679
-1.3474
0.555212
-6.58449
-0.557516
44.1322
4.54385
0.148041
-1.35167
-0.0722922
0.242008
-1.3038
-8.2001
-0.314726
0.459988
-48.9771
1.56865
2.0017
0.300053
-0.257945
1.50049
-0.305383
26.8628
0.329375
-5.86802
0.69006
-0.867543
17.2169
0.591168
-1.34051
1.32016
-0.486881
-0.092981
-1.15274
-0.69005
-0.957018
-1.22229
-7.16675
0.422758
0.322238
-0.186247
1.87576
-0.101171
0.662496
-0.112924
-1.44243
-15.6117
-0.164195
-0.355626
1.35931
-0.333253
-0.275374
-5.06098
2.65332
-1.03793
-15.2582
-1.42663
-0.142734
0.308919
-22.8402
0.288334
-0.899836
1.15289
0.734744
-0.789466
0.0108486
-0.311025
2.71773
8.18283
-3.23858
1.01048
-3.09926
1.31563
-5.34279
-0.0363806
0.578333
1.06428
-2.09102
-0.186555
0.399603
-1.87776
1.41445
1.77307
0.0386599
-14.2576
0.634902
-5.04806
5.48847
0.0689597
-0.731958
1.26068
-0.365292
-0.48691
14.6292
30.2085
0.238955
2.57427
-3.79468
0.727554
-0.238381
1.98957
-3.72528
-1.56356
4.69355
-0.240664
-2.86155
-0.839313
-0.351959
-52.0203
-2.10793
6.11594
-0.282462
-7.20118
-2.85885
-0.292613
-0.988089
-9.10065
0.871263
0.439444
-1.05008
-0.140356
6.73587
0.205574
2.94916
0.663752
0.462965
-0.43614
-0.560753
4.07674
9.77201
0.0508201
0.793346
0.977674
0.15533
-0.581628
2.08562
-0.658185
1.02136
0.312823
-0.771697
0.329051
-0.445227
4.35285
-7.45512
-7.52089
-0.250513
1.02114
0.131219
-0.426264
-0.128871
1.48144
-5.13807
-0.778408
0.722283
0.0318294
-1.69739
-0.320387
2.41833
4.95067
-0.662975
0.232734
0.243305
0.571917
0.579334
0.485489
-20.29
-0.273812
13.9661
0.379987
-0.687366
-0.438091
-1.11638
-14.505
3.04697
0.53634
1.7838
-6.20834
-0.15685
-2.3286
-0.361136
0.813911
-7.19704
2.13594
-0.76852
2.77762
-0.87379
4.73512
-1.71332
-9.09519
1.9154
-16.9203
-0.0722143
1.13856
-0.5038
0.557308
-1.70129
0.259306
-2.43627
-0.350682
-0.475292
-21.6897
-1.64532
-0.303336
-0.357648
3.70834
0.5819
-1.2372
-1.48652
2.57423
0.0774103
0.0315436
-0.145362
-0.385536
0.367193
-1.13992
-0.392412
8.41961
-3.09629
0.721523
-0.202459
0.336541
15.7364
-0.149791
0.442824
-0.368164
-2.53893
-4.54341
-1.88337
-1.14586
2.77904
0.468087
-1.52703
-0.79481
-1.77164
2.07954
5.92515
13.2709
0.960153
5.37923
0.153556
-0.855386
-1.56281
0.168871
-0.467936
-0.126108
1.51924
1.26728
0.213789
-1.93754
1.96991
-27.3389
3.8323
-5.04082
1.44695
0.00478996
4.01248
0.135379
2.69459
-0.13891
-0.0225991
0.72295
-3.00664
0.388356
2.7077
-0.245832
-3.70161
3.58661
-2.93574
-4.49609
