0.122649
0.279945
0.540154
0.304051
0.240384
0.310928
0.227562
0.613612
0.673405
0.502315
0.675147
0.720901
0.219829
0.144169
0.71259
0.352541
0.682553
0.962866
0.848232
0.0486381
0.605289
0.770063
0.192787
0.434003
0.299975
0.615933
0.693976
0.700673
0.579637
0.23574
0.846126
0.840802
0.110752
0.0788086
0.538815
0.668978
0.799183
0.708956
0.208615
0.173032
0.123748
0.865446
0.957995
0.2324
0.831477
0.973522
0.805458
0.243105
0.908635
0.3936
0.730956
0.68841
0.241553
0.198159
0.680663
0.194223
0.881353
0.76541
0.195155
0.108292
0.326608
0.978799
0.825073
0.142283
0.738013
0.321408
0.998319
0.115769
0.499122
0.654316
0.502852
0.341224
0.0372262
0.96798
0.24915
0.689063
0.318411
0.895703
0.476394
0.871804
0.930886
0.278252
0.0664469
0.986401
0.170621
0.568679
0.129675
0.853825
0.043374
0.366421
0.526687
0.194947
0.597157
0.869735
0.490046
0.181785
0.49921
0.535522
0.0100256
0.403182
0.27155
0.735623
0.148457
0.783974
0.0991408
0.698628
0.944749
0.496713
0.624767
0.526275
0.0781238
0.405006
0.64466
0.573494
0.950152
0.0775294
0.118947
0.981164
0.351627
0.911789
0.410974
0.650636
0.377862
0.406683
0.169585
0.449101
0.756455
0.122929
0.768396
0.934844
0.251597
0.370421
0.71615
0.39147
0.308978
0.161578
0.952189
0.46014
0.60536
0.469744
0.441138
0.158902
0.666867
0.331711
0.980832
0.578165
0.220073
0.833409
0.637567
0.0413817
0.439938
0.517851
0.722736
0.0200092
0.75865
0.254367
0.724905
0.591797
0.399451
0.108219
0.111395
0.73148
0.2995
0.249636
0.413439
0.222925
0.585831
0.441337
0.508966
0.481803
0.268479
0.143619
0.51708
0.077849
0.314832
0.77605
0.218298
0.245763
0.769268
0.174849
0.414605
0.173826
0.0821438
0.785002
0.143393
0.359285
0.312198
0.626182
0.15934
0.819578
0.366428
0.57154
0.598302
0.448449
0.941506
0.978418
0.237271
0.30603
0.330795
0.21006
0.264464
0.131942
0.76103
0.0873681
0.973608
0.870481
0.42272
0.809786
0.29648
0.496953
0.858345
0.384351
0.58777
0.934215
0.872396
0.101992
0.576322
0.348496
0.627333
0.100133
0.896821
0.613546
0.0895185
0.550658
0.115986
0.232183
0.489188
0.512306
0.667333
0.504306
0.958519
0.986561
0.608573
0.230422
0.0118667
0.216094
0.615696
0.739765
0.0322242
0.764814
0.127819
0.53206
0.427969
0.418611
0.0568535
0.321993
0.623962
0.445828
0.97605
0.775462
0.551059
0.256544
0.201491
0.726655
0.798098
0.999721
0.680588
0.165028
0.0904247
0.137279
0.10165
0.781246
0.259016
0.534164
0.138581
0.361143
0.364271
0.103467
0.244779
0.816767
0.138527
0.545662
0.91028
0.143574
0.411356
0.221021
0.796234
0.0928301
0.681727
0.694272
0.660751
0.848291
0.501061
0.990557
0.490203
0.496209
0.831284
0.10176
0.750023
0.577741
0.0418977
0.782265
0.169077
0.512821
0.710165
0.173197
0.971672
0.184546
0.888454
0.294228
0.971252
0.473154
0.00280193
0.941988
0.439851
0.0286464
0.0467786
0.034167
0.167374
0.0711214
0.23469
0.938344
0.624746
0.507879
0.778202
0.824634
0.645018
0.156362
0.950433
0.581188
0.536475
0.361994
0.101592
0.331633
0.0418085
0.799976
0.790214
0.0934955
0.0574293
0.750108
0.694054
0.616684
0.526969
0.633694
0.464716
0.941083
0.423042
0.101594
0.19006
0.712328
0.231321
0.462488
0.628469
0.794822
0.851002
0.740411
0.879022
0.221057
0.325709
0.150622
0.651643
0.0162975
0.318904
0.282872
0.801298
0.937697
0.747872
0.781133
0.290274
0.666902
0.490332
0.808845
0.242641
0.495216
0.577746
0.0887543
0.254925
0.040369
0.789385
0.806394
0.627079
0.0339775
0.0612086
0.166276
0.677796
0.718738
0.623637
0.889859
0.808241
0.894427
0.282258
0.444343
0.478256
0.151765
0.755541
0.291373
0.759106
0.333216
0.48363
0.944688
0.626823
0.759767
0.822257
0.125811
0.660209
0.262771
0.0358567
0.806805
0.307578
0.5599
0.00393366
0.429189
0.386269
0.0142848
0.0547541
0.088059
0.97902
0.315883
0.840414
0.970484
0.391258
0.124163
0.667356
0.837233
0.333351
0.211149
0.196389
0.836906
0.991915
0.143894
0.926281
0.441515
0.154205
0.0454462
0.37498
0.792599
0.0496865
0.473366
0.372536
0.246915
0.0728141
0.954864
0.379767
0.410783
0.0511137
0.217612
0.24676
0.452133
0.222607
0.655304
0.325244
0.979334
0.586651
0.0670056
0.348906
0.275849
0.792252
0.209388
0.995724
0.179795
0.227923
0.200878
0.546356
0.39746
0.477133
0.316802
0.552673
0.539838
0.803426
0.214588
0.930477
0.671255
0.829263
0.128076
0.390483
0.659145
0.0726541
0.0700176
0.621614
0.114023
0.505637
0.581805
0.140684
0.208746
0.798675
0.0695133
0.22252
0.166098
0.415022
0.265304
0.824595
0.703779
0.219136
0.85326
0.920225
0.225848
0.763183
0.798706
0.154405
0.049696
0.915711
0.420093
0.236336
0.457596
0.996547
0.742488
0.982705
0.861905
0.0819831
0.171752
0.425789
0.872976
0.644309
0.0284471
0.900442
0.558844
0.189766
0.980564
0.52402
0.685739
0.058966
0.9141
0.983322
0.228505
0.0538602
0.280575
0.042588
0.939978
0.0552975
0.460533
0.686644
0.26838
0.295253
0.182106
0.313227
0.411807
0.44778
0.533682
0.888577
0.798856
0.202748
0.60976
0.480343
0.784469
0.486436
0.329048
0.08187
0.850043
0.993036
0.463856
0.141938
0.0968814
0.19113
0.419861
0.713998
0.322039
0.469207
0.805304
0.638984
0.465625
0.584287
0.328669
0.675754
0.718635
0.0776924
0.0639224
0.993224
0.0803622
0.822064
0.622369
0.938267
0.654457
0.363648
0.270184
0.493417
0.4727
0.223949
0.530682
0.338469
0.135542
0.824779
0.310405
0.930015
0.0584845
0.2008
0.0880542
0.51299
0.613354
0.163593
0.205372
0.478286
0.953539
0.0813261
0.799002
0.980496
0.812243
0.938098
0.412405
0.229862
0.062833
0.836995
0.826897
0.372463
0.330327
0.61094
0.150856
0.37274
0.443095
0.705393
0.706181
0.812388
0.0138304
0.996965
0.751047
0.0197041
0.938858
0.712007
0.578028
0.443436
0.104842
0.109234
0.0266486
0.6852
0.0919458
0.0904575
0.949431
0.104532
0.162524
0.403469
0.670489
0.410635
0.324393
0.601161
0.975741
0.154878
0.75775
0.42093
0.673807
0.538123
0.394806
0.748431
0.266633
0.446921
0.941186
0.829744
0.768939
0.132666
0.128164
0.896018
0.215513
0.447746
0.484804
0.864656
0.895446
0.052769
0.419047
0.281089
0.85236
0.508917
0.896837
0.16523
0.689675
0.669496
0.508314
0.926638
0.220012
0.284747
0.210172
0.0124809
0.997758
0.233965
0.53321
0.452342
0.273883
0.299013
0.544173
0.963943
0.412055
0.893273
0.350913
0.783846
0.305121
0.660104
0.439955
0.887182
0.831023
0.354871
0.635521
0.760495
0.887199
0.924605
0.969079
0.391737
0.0425359
0.199361
0.248473
0.641496
0.345949
0.109325
0.615701
0.659508
0.330628
0.841747
0.882409
0.51052
0.753033
0.851754
0.932146
0.673571
0.105689
0.141107
0.978467
0.578742
0.442847
0.718965
0.967924
0.845444
0.558082
0.658717
0.917019
0.386316
0.0528662
0.66495
0.472185
0.0407748
0.335213
0.564604
0.481843
0.902295
0.0874257
0.636393
0.869612
0.00348002
0.242029
0.192537
0.597731
0.522977
0.00494194
0.326882
0.00974527
0.178313
0.964954
0.243459
0.341538
0.968699
0.828568
0.0795574
0.689752
0.931875
0.819268
0.637356
0.22667
0.0790588
0.280287
0.9382
0.950628
0.172055
0.519917
0.0135587
0.760999
0.506586
0.438446
0.846752
0.146839
0.365921
0.975766
0.879487
0.278229
0.308841
0.918725
0.997282
0.789401
0.956034
0.107284
0.407832
0.0426909
0.438952
0.57854
0.326382
0.162394
0.175211
0.687673
0.882169
0.627578
0.134596
0.744892
0.160001
0.712918
0.259719
0.207428
0.791019
0.566618
0.205412
0.965647
0.00672678
0.214481
0.0609061
0.76234
0.570335
0.279183
0.218854
0.284254
0.499488
0.70383
0.0552763
0.964931
0.994436
0.268838
0.584476
0.0379035
0.485711
0.191218
0.752995
0.879332
0.215374
0.595322
0.536667
0.17912
0.265899
0.144105
0.504837
0.979595
0.45074
0.619976
0.0158073
0.120796
0.980664
0.744299
0.707567
0.131445
0.319902
0.0245983
0.447876
0.104659
0.14618
0.918539
0.407762
0.597465
0.828694
0.103743
0.42249
0.0931803
0.33809
0.142505
0.304071
0.0657236
0.00252314
0.330458
0.269377
0.184916
0.0238348
0.0182757
0.147908
0.701837
0.167934
0.19545
0.533296
0.553294
0.543432
0.625219
0.542587
0.224472
0.882596
0.319704
0.347384
0.908827
0.238687
0.644321
0.140893
0.00427875
0.513736
0.840523
0.70495
0.484774
0.730838
0.255948
0.241088
0.186273
0.465003
0.0710154
0.629698
0.546233
0.346648
0.811056
0.78136
0.835642
0.0517769
0.433019
0.244394
0.422672
0.692924
0.275829
0.732705
0.107002
0.0249095
0.663457
0.737969
0.0638988
0.379482
0.449757
0.890246
0.437081
0.742905
0.294142
0.231056
0.119469
0.890544
0.957154
0.0629963
0.760847
0.992536
0.405001
0.539967
0.541528
0.604574
0.0121089
0.662048
0.751067
0.457902
0.650759
0.83911
0.711093
0.962553
0.956879
0.687211
0.0813152
0.837919
0.561039
0.22184
0.0877755
0.78469
0.573719
0.112082
0.712403
0.612251
0.113916
0.159748
0.382933
0.735572
0.170144
0.667553
0.202258
0.455679
0.582898
0.860388
0.256267
0.937748
0.437636
0.0237573
0.0392393
0.300902
0.65735
0.523442
0.535854
0.733756
0.0837841
0.370451
0.998882
0.0497857
0.836356
0.495322
0.961613
0.596581
0.237863
0.395836
0.524092
0.933037
0.0960116
0.322209
0.452215
0.188557
0.62985
0.663818
0.128765
0.518324
0.830161
0.701532
0.895424
0.568702
0.542876
0.389702
0.824854
0.366833
0.0645724
0.33188
0.461882
0.548492
0.539121
0.614324
0.57287
0.338258
0.944542
0.661355
0.442326
0.196072
0.959137
0.776624
0.755816
0.544233
0.495947
0.534362
0.608246
0.488906
0.194619
0.684655
0.676566
0.950198
0.659726
0.736835
0.0959772
0.114864
0.734608
0.885024
0.0786774
0.625707
0.599805
0.439905
0.814236
0.421742
0.985129
0.430782
0.690639
0.643167
0.284455
0.541996
0.375083
0.515228
0.862273
0.0477405
0.793564
0.625021
0.341089
0.909369
0.548337
0.505301
0.15871
0.699229
0.812309
0.939364
0.1845
0.5151
0.239413
0.901061
0.683647
0.549295
0.930044
0.543999
0.418529
0.476489
0.990606
0.154011
0.176213
0.324333
0.726245
0.47893
0.511178
0.990918
0.00581287
0.349764
0.992295
0.0731578
0.838142
0.00729227
0.743157
0.170138
0.698685
0.0481923
0.564796
0.325513
0.645583
0.404717
0.429867
0.772995
0.764224
0.272016
0.637346
0.649014
0.979357
0.397142
0.416825
0.836596
0.773817
0.643824
0.271439
0.604535
0.852938
0.24705
0.848521
0.205912
0.293698
0.671537
0.627012
0.100028
0.217676
0.488148
0.210719
0.961814
0.526864
0.182307
0.516462
0.142779
0.741422
0.308491
0.646187
0.747555
0.478411
0.904852
0.732098
0.99011
0.61059
0.582031
0.543875
0.993681
0.644321
0.200231
0.147037
0.698503
0.35566
0.548611
0.401519
0.0413817
0.22368
0.941057
0.589524
0.0711806
0.700111
0.1424
0.961695
0.164286
0.854333
0.539142
0.490706
0.00410755
0.432804
0.968751
0.621296
0.488682
0.87198
0.121587
0.305833
0.230439
0.303787
0.929518
0.114462
0.812189
0.0927072
0.855304
0.708898
0.463404
0.94355
0.496788
0.468934
0.32085
0.118957
0.419978
0.560716
0.937626
0.805714
0.635068
0.235855
0.204682
0.168932
0.629467
0.65044
0.348879
0.133153
0.3719
0.993004
0.171644
0.429445
0.201637
0.210518
0.192289
0.947558
0.0169173
0.121468
0.860057
0.932192
0.676635
0.205079
0.49896
0.0624409
0.0293355
0.85575
0.149455
0.953482
0.483603
0.391763
0.97105
0.119567
0.533884
0.60732
0.369872
0.937383
0.155825
0.15699
0.515279
0.648835
0.485174
0.561599
0.409573
0.942325
0.694316
0.12466
0.174872
0.151586
0.480503
0.548377
0.721215
0.611127
0.0798411
0.538298
0.459944
0.207359
0.221096
0.18568
0.226451
0.664467
0.933382
0.416628
0.0763212
0.604075
0.62179
0.297062
0.118969
0.917789
0.325032
0.482592
0.0527978
0.491662
0.569146
0.602341
0.56597
0.821649
0.731336
0.865803
0.266834
0.559121
0.328008
0.681774
0.308081
0.525493
0.141061
0.578438
0.368687
0.235026
0.596497
0.213662
0.157707
0.46488
0.309412
0.764561
0.103984
0.91146
0.209435
0.485402
0.395824
0.472136
0.160673
0.722897
0.0347274
0.19139
0.49022
0.17797
0.0672006
0.41045
0.339305
0.703029
0.658745
0.159484
0.251127
0.423842
0.174066
0.331405
0.909457
0.475043
0.92757
0.676357
0.442049
0.138358
0.768212
0.155946
0.202938
0.672603
0.162761
0.696264
0.447682
0.624513
0.941532
0.878791
0.815611
0.909471
0.370665
0.608219
0.0331408
0.451197
0.714997
0.296269
0.752229
0.669459
0.955607
0.600563
0.938012
0.604868
0.826073
0.257607
0.719711
0.969821
0.831529
0.0489625
0.118849
0.914656
0.414568
0.439647
0.568853
0.798078
0.932057
0.927849
0.640101
0.750917
0.606928
0.645003
0.884475
0.322289
0.11901
0.245293
0.213483
0.997213
0.998959
0.623654
0.724012
0.874752
0.489349
0.501317
0.385777
0.295737
0.0369936
0.417978
0.50453
0.709144
0.0805538
0.169646
0.375078
0.566172
0.297493
0.231222
0.0381963
0.531103
0.974451
0.202896
0.555473
0.797989
0.665087
0.819403
0.716173
0.802242
0.799468
0.561202
0.590159
0.116181
0.409049
0.406659
0.840954
0.817602
0.631328
0.764274
0.212996
0.120435
0.158213
0.124028
0.107142
0.556545
0.292188
0.466906
0.658504
0.497745
0.774324
0.971665
0.230656
0.307081
0.048205
0.0579058
0.74029
0.908453
0.123828
0.304504
0.72638
0.0636334
0.705546
0.282478
0.577915
0.145742
0.7481
0.841346
0.834256
0.698247
0.104833
0.888032
0.972202
0.568551
0.432108
0.197396
0.593799
0.905223
0.0140294
0.293435
0.428978
0.807939
0.671512
0.94023
0.0670654
0.919202
0.419757
0.281697
0.831251
0.746884
0.0382097
0.1692
0.710047
0.00667916
0.217055
0.716099
0.759832
0.77351
0.444309
0.618283
0.892512
0.730957
0.297578
0.279758
0.462388
0.30777
0.304543
0.282357
0.566274
0.990536
0.0362281
0.238621
0.470935
0.601547
0.597124
0.566925
0.0819081
0.830946
0.176224
0.227908
0.867768
0.812206
0.823031
0.961269
0.153896
0.0300089
0.112611
0.0619877
0.199827
0.349579
0.863738
0.235045
0.974216
0.456544
0.574208
0.567687
0.0415081
0.496382
0.737378
0.158315
0.474363
0.20251
0.703989
0.441045
0.205898
0.302085
0.253345
0.745016
0.735813
0.488581
0.537902
0.127498
0.604461
0.750197
0.565334
0.0198674
0.548922
0.343165
0.882133
0.725509
0.755152
0.199013
0.622818
0.308713
0.120259
0.0548572
0.588796
0.913625
0.938975
0.0957759
0.520961
0.0523066
0.928384
0.39833
0.23007
0.900983
0.00497327
0.964294
0.748974
0.143527
0.728058
0.633661
0.170767
0.401245
0.823662
0.665983
0.3369
0.788036
0.702891
0.279103
0.0393435
0.629974
0.388892
0.934356
0.900843
0.888378
0.766429
0.657283
0.597344
0.325447
0.568162
0.18294
0.586634
0.951501
0.0116789
0.214846
0.00728337
0.792905
0.501352
0.586642
0.911929
0.519736
0.309068
0.615531
0.498972
0.972245
0.64791
0.436541
0.506754
0.125198
0.052844
0.606692
0.434269
0.529137
0.48247
0.768125
0.752477
0.767633
0.0559128
0.659247
0.770281
0.969596
0.838902
0.262965
0.319227
0.915698
0.59311
0.38107
0.920995
0.777976
0.90281
0.423823
0.601741
0.03168
0.592913
0.703822
0.0173487
0.578414
0.852458
0.0231983
0.0536592
0.619656
0.977592
0.843214
0.565739
0.319698
0.148141
0.825315
0.420247
0.797082
0.151793
0.0327119
0.504967
0.483586
0.469989
0.581542
0.869563
0.38983
0.639564
0.0306794
0.661624
0.316555
0.304208
0.299256
0.0220598
0.550653
0.869815
0.400953
0.603909
0.084988
0.177764
0.784134
0.878623
0.901095
0.11022
0.566862
0.893888
0.3538
0.541496
0.455894
0.647048
0.196833
0.54955
0.638679
0.738191
0.2885
0.301675
0.437461
0.466958
0.516461
0.528448
0.014512
0.0371441
0.980695
0.999994
0.917584
0.0331501
0.973704
0.91864
0.754634
0.832342
0.797022
0.642001
0.786877
0.117391
0.953084
0.650585
0.729247
0.152653
0.751531
0.173963
0.547306
0.98864
0.869004
0.389563
0.539688
0.258667
0.90149
0.608174
0.495115
0.731715
0.448286
0.360193
0.21307
0.285582
0.766642
0.796698
0.177179
0.464393
0.536141
0.319402
0.670358
0.284516
0.77189
0.853548
0.120806
0.452953
0.425571
0.677817
0.967887
0.662275
0.713423
0.225301
0.836974
0.12615
0.710216
0.769607
0.312316
0.019543
0.248277
0.410159
0.096995
0.987631
0.660635
0.270754
0.849019
0.387517
0.40734
0.325437
0.482635
0.426786
0.124028
0.765763
0.223911
0.862979
0.131786
0.323496
0.209653
0.428038
0.947388
0.462817
0.918718
0.6418
0.832953
0.856107
0.224791
0.178572
0.924099
0.0573555
0.359679
0.450891
0.975652
0.787262
0.576195
0.574495
0.263966
0.744104
0.799686
0.378585
0.684924
0.354411
0.0572734
0.625443
0.586685
0.377534
0.973864
0.103455
0.376223
0.778145
0.123997
0.757618
0.438748
0.78076
0.528587
0.521575
0.409041
0.520313
0.08563
0.015264
0.33379
0.202879
0.22393
0.772215
0.763976
0.190578
0.568908
0.160585
0.316371
0.924743
0.909563
0.661974
0.743226
0.101407
0.255642
0.672094
0.0491888
0.0131694
0.274078
0.487351
0.694532
0.471506
0.893769
0.641403
0.423745
0.223592
0.367753
0.255754
0.758553
0.277684
0.581838
0.568452
0.694433
0.0511454
0.898761
0.304945
0.639676
0.755157
0.326928
0.0551711
0.136072
0.930191
0.302804
0.320924
0.400269
0.546296
0.876012
0.397584
0.224875
0.582275
0.5862
0.754249
0.278366
0.4978
0.820753
0.0763475
0.342857
0.512533
0.942391
0.634792
0.528799
0.106321
0.975737
0.145727
0.00567767
0.65452
0.141901
0.784943
0.287753
0.612515
0.03015
0.521015
0.613925
0.16349
0.695728
0.431232
0.460773
0.743533
0.472882
0.164377
0.727834
0.358103
0.792168
0.21441
0.634196
0.103956
0.791079
0.169146
0.865441
0.810575
0.00708651
0.59795
0.010032
0.215161
0.942126
0.742549
0.824181
0.585267
0.787619
0.674996
0.364275
0.203122
0.0990692
0.0868687
0.525918
0.625707
0.709313
0.373747
0.0286511
0.134659
0.669476
0.179049
0.385414
0.290051
0.506705
0.0612764
0.895811
0.00211546
0.587732
0.448733
0.202238
0.0349814
0.877339
0.54579
0.44795
0.356473
0.880779
0.354739
0.576107
0.248046
0.0592206
0.477322
0.808878
0.588913
0.507281
0.859977
0.845668
0.22843
0.181704
0.146871
0.819512
0.860802
0.470242
0.804798
0.55072
0.316167
0.389824
0.683967
0.136821
0.682128
0.203045
0.178787
0.417871
0.16979
0.742062
0.65268
0.356197
0.138365
0.228944
0.29099
0.869626
0.192415
0.88155
0.0460684
0.157269
0.765779
0.0939832
0.838573
0.0569258
0.106268
0.480707
0.679062
0.473158
0.0751704
0.573355
0.873932
0.415114
0.675645
0.459325
0.979779
0.683155
0.724054
0.151202
0.670226
0.743342
0.578308
0.976081
0.17929
0.828858
0.337277
0.773848
0.485357
0.807416
0.425329
0.193488
0.899809
0.853726
0.976074
0.876471
0.224385
0.466075
0.929355
0.816293
0.141328
0.866084
0.255561
0.683216
0.00037953
0.320714
0.221326
0.403298
0.666691
0.425562
0.110664
0.780738
0.593708
0.888539
0.31562
0.452634
0.785096
0.852965
0.210484
0.96519
0.809763
0.299161
0.723642
0.260456
0.534047
0.563592
0.0211107
0.362644
0.73513
0.514628
0.215846
0.553093
0.259735
0.423983
0.516855
0.822951
0.892184
0.0728948
0.732199
0.892619
0.595856
0.132109
0.539937
0.587039
0.292134
0.354728
0.441077
0.855873
0.840875
0.620994
0.808598
0.227647
0.386497
0.374053
0.946603
0.986913
0.733716
0.485783
0.573661
0.863499
0.917015
0.0917328
0.644419
0.522905
0.6279
0.434239
0.923518
0.64691
0.664004
0.252789
0.225902
0.893452
0.064111
0.760682
0.737565
0.52484
0.0931459
0.74706
0.330808
0.993364
0.74121
0.843364
0.288065
0.27337
0.900715
0.49329
0.34836
0.228854
0.885677
0.665283
0.490458
0.805634
0.457242
0.846666
0.366774
0.337186
0.0194936
0.358432
0.8021
0.753172
0.149616
0.529787
0.271217
0.979751
0.126467
0.771489
0.769446
0.320727
0.621627
0.0870649
0.99021
0.108584
0.216987
0.0609407
0.223664
0.414488
0.912937
0.862576
0.890459
0.106313
0.291219
0.305646
0.124694
0.0437507
0.4965
0.501338
0.320134
0.69956
0.700742
0.144836
0.053738
0.996038
0.214413
0.974032
0.300577
0.645757
0.908617
0.439555
0.354192
0.785639
0.112201
0.125157
0.366455
0.193424
0.647894
0.957531
0.921012
0.875602
0.171551
0.744624
0.554342
0.315865
0.478561
0.0814932
0.638522
0.173147
0.941473
0.162791
0.539743
0.71831
0.742924
0.540919
0.466651
0.798537
0.0679007
0.368929
0.922561
0.618499
0.91943
0.167225
0.175622
0.127363
0.721733
0.65313
0.660988
0.300689
0.374925
0.672389
0.72906
0.106291
0.925312
0.771652
0.653849
0.443118
0.51535
0.451018
0.315553
0.842225
0.777334
0.635697
0.471371
0.218887
0.334871
0.405843
0.0286462
0.464922
0.576205
0.523636
0.234394
0.170293
0.363456
0.796662
0.195266
0.263037
0.841831
0.816662
0.642025
0.856597
0.0128775
0.112711
0.352592
0.0936099
0.235838
0.257885
0.147719
0.275222
0.321162
0.968481
0.873362
0.064985
0.380247
0.734862
0.283806
0.0563999
0.0954705
0.0229662
0.239613
0.493174
0.574567
0.585571
0.134451
0.431246
0.453422
0.922351
0.964864
0.131651
0.41134
0.427812
0.957054
0.973277
0.762851
0.26614
0.164729
0.674588
0.290117
0.512056
0.952085
0.113364
0.980001
0.596714
0.775979
0.533529
0.829868
0.597723
0.181361
0.428124
0.386162
0.412339
0.424027
0.887497
0.179843
0.352905
0.634752
0.70175
0.722736
0.203595
0.938866
0.00654243
0.228852
0.277519
0.445336
0.761273
0.724751
0.51326
0.519428
0.84873
0.713
0.149903
0.252982
0.0852681
0.0528021
0.0196169
0.546398
0.930559
0.221845
0.996849
0.716372
0.185998
0.623439
0.643207
0.04345
0.470821
0.103005
0.58707
0.173468
0.764987
0.337982
0.677016
0.786931
0.807903
0.265196
0.448106
0.450407
0.642041
0.209784
0.940103
0.0639778
0.0905179
0.879706
0.406674
0.818837
0.457698
0.889926
0.954658
0.0790701
0.241877
0.980315
0.652441
0.101695
0.149121
0.591348
0.14651
0.00902592
0.197303
0.961644
0.325251
0.927413
0.199427
0.411423
0.0690552
0.706431
0.415273
0.975943
0.625778
0.13257
0.660451
0.0529627
0.650642
0.0515046
0.661907
0.228321
0.44962
0.31298
0.948954
0.943664
0.465378
0.952408
0.0688887
0.170409
0.544831
0.523211
0.416257
0.753992
0.0273822
0.993986
0.464825
0.592464
0.192894
0.124552
0.691326
0.313504
0.108474
0.734943
0.980044
0.613906
0.41312
0.781407
0.797287
0.925602
0.079297
0.653469
0.92483
0.572294
0.690501
0.606135
0.0413757
0.0807347
0.273883
0.741285
0.941097
0.810747
0.226985
0.452323
0.678333
0.568025
0.377653
0.746145
0.427494
0.363788
0.716198
0.356495
0.347232
0.985345
0.838852
0.0627591
0.237957
0.541638
0.641601
0.128267
0.281743
0.647822
0.303431
0.272165
0.653695
0.412944
0.0980838
0.088924
0.29384
0.894787
0.0733519
0.329532
0.628606
0.18594
0.136997
0.958454
0.530939
0.795155
0.588344
0.400404
0.308142
0.488052
0.63462
0.891002
0.00647685
0.251246
0.93109
0.345378
0.821606
0.543936
0.684069
0.658773
0.903929
0.501045
0.355851
0.853225
0.347884
0.251954
0.510641
0.984367
0.654263
0.0188984
0.840531
0.222442
0.454621
0.159093
0.910596
0.0215526
0.786828
0.814644
0.662174
0.791247
0.710829
0.334312
0.213375
0.984478
0.553683
0.131185
0.995907
0.0160088
0.572932
0.140334
0.767257
0.925324
0.327367
0.540497
0.53731
0.198112
0.544257
0.903873
0.948454
0.660382
0.772098
0.438073
0.148236
0.859266
0.607949
0.484299
0.693643
0.844588
0.788415
0.935809
0.526053
0.765246
0.933338
0.740737
0.555934
0.194478
0.231261
0.153322
0.896339
0.598072
0.85573
0.897611
0.284278
0.859585
0.401492
0.907709
0.729004
0.276628
0.129647
0.808618
0.926309
0.942283
0.310835
0.801747
0.477853
0.925718
0.455496
0.119144
0.454629
0.166054
0.720281
0.710519
0.343589
0.493555
0.279679
0.327114
0.916525
0.692201
0.951908
0.66649
0.0602467
0.0176967
0.868144
0.742286
0.107126
0.0849997
0.474151
0.143015
0.705073
0.539408
0.653365
0.343971
0.765999
0.425283
0.260506
0.736282
0.531837
0.666468
0.854768
0.537205
0.297177
0.572463
0.921667
0.245697
0.82758
0.784415
0.372588
0.807346
0.0126322
0.574996
0.61111
0.152707
0.792805
0.916223
0.955169
0.273117
0.89918
0.22928
0.704107
0.498052
0.445103
0.230421
0.639697
0.138079
0.908826
0.78699
0.250176
0.15747
0.546212
0.197649
0.466373
0.0405493
0.772544
0.810853
0.198978
0.515821
0.552522
0.39565
0.466025
0.301952
0.337498
0.17886
0.399643
0.539664
0.589011
0.962699
0.921149
0.0736066
0.427698
0.236913
0.373533
0.248263
0.446621
0.699473
0.900403
0.381958
0.228096
0.0999132
0.860453
0.583032
0.60307
0.819354
0.0665201
0.0722368
0.192115
0.101285
0.138284
0.675421
0.267103
0.347171
0.757676
0.650566
0.472619
0.390935
0.116067
0.513235
0.446181
0.166386
0.342282
0.0244968
0.876321
0.681656
0.200518
0.00539076
0.0376034
0.714704
0.84722
0.141988
0.341625
0.143956
0.935979
0.445116
0.943076
0.328133
0.859517
0.528818
0.939912
0.449339
0.417814
0.371582
0.206707
0.233473
0.701454
0.72444
0.400253
0.962013
0.479233
0.82997
0.176448
0.189253
0.879113
0.616271
0.157571
0.0790401
0.651561
0.0299857
0.688966
0.775089
0.80436
0.672415
0.924233
0.718921
0.897938
0.402802
0.277961
0.329498
0.790273
0.0728336
0.785084
0.958621
0.120465
0.0564413
0.405912
0.536136
0.319996
0.738942
0.81591
0.819032
0.440781
0.629599
0.719268
0.658478
0.589039
0.261654
0.225352
0.198869
0.254076
0.5439
0.327073
0.422938
0.321012
0.727855
0.0202488
0.957007
0.0565477
0.654594
0.103027
0.550423
0.856799
0.445317
0.194414
0.143258
0.0462934
0.299692
0.0109891
0.936325
0.517166
0.566056
0.440859
0.377577
0.497635
0.747531
0.453914
0.478952
0.238809
0.608112
0.387452
0.377718
0.908889
0.04279
0.646229
0.556396
0.483839
0.875784
0.356006
0.635312
0.923568
0.25093
0.009644
0.151838
0.422705
0.778293
0.644817
0.240398
0.02502
0.101078
0.592405
0.627289
0.390552
0.0468804
0.334627
0.854382
0.00451206
0.0273528
0.51198
0.145773
0.617021
0.850351
0.618037
0.831435
0.202742
0.608616
0.421186
0.741943
0.22948
0.80905
0.652347
0.48833
0.524794
0.406671
0.997753
0.0411353
0.529702
0.907276
0.935839
0.522715
0.228529
0.202901
0.45732
0.626864
0.543969
0.304133
0.207496
0.579828
0.486413
0.63333
0.0898767
0.0567516
0.846623
0.0428212
0.870159
0.967642
0.720786
0.22214
0.81964
0.526894
0.657049
0.658364
0.937121
0.520452
0.71256
0.813613
0.788363
0.184667
0.210101
0.683772
0.50216
0.610902
0.483367
0.402512
0.962089
0.0899699
0.399956
0.0546451
0.733005
0.310442
0.95113
0.362908
0.761337
0.824906
0.697415
0.412211
0.388248
0.69823
0.359088
0.0754317
0.714729
0.751898
0.340638
0.304804
0.857682
0.318469
0.47824
0.952975
0.136053
0.920244
0.799315
0.28778
0.726088
0.786176
0.583244
0.864819
0.824761
0.621111
0.512279
0.921866
0.860451
0.5414
0.201742
0.959209
0.789911
0.590966
0.898547
0.669951
0.0206178
0.751867
0.637125
0.884361
0.997538
0.86344
0.641811
0.692315
0.993392
0.364067
0.264742
0.407907
0.141471
0.269638
0.248358
0.540288
0.250066
0.302777
0.601533
0.434781
0.437581
0.586877
0.878429
0.74836
0.127386
0.819026
0.149114
0.423535
0.44147
0.33587
0.451019
0.324714
0.531964
0.98649
0.010292
0.201103
0.889595
0.226341
0.0221097
0.140205
0.168122
0.34633
0.279016
0.17599
0.563835
0.251081
0.436341
0.215777
0.289168
0.700466
0.20377
0.949914
0.179486
0.428443
0.252123
0.908309
0.97212
0.053289
0.124403
0.327868
0.296702
0.193268
0.940184
0.994913
0.915865
0.701808
0.182392
0.726635
0.255373
0.436254
0.355552
0.655654
0.762746
0.47424
0.804548
0.98173
0.133431
0.191765
0.482979
0.354716
0.943599
0.117028
0.960155
0.552784
0.728608
0.974069
0.455804
0.620009
0.0462213
0.830308
0.191552
0.127367
0.563618
0.762018
0.848242
0.721202
0.707278
0.951807
0.418145
0.623241
0.914788
0.63217
0.24113
0.246202
0.0276466
0.789176
0.513863
0.589064
0.864116
0.0403415
0.0610879
0.576071
0.511197
0.600769
0.65805
0.00351454
0.374774
0.751599
0.693138
0.258375
0.527012
0.724848
0.459791
0.472869
0.390046
0.41869
0.866747
0.278977
0.295045
0.85724
0.855681
0.827007
0.955703
0.808914
0.315311
0.232259
0.395214
0.477415
0.781024
0.113856
0.365815
0.679421
0.709081
0.389793
0.799931
0.423018
0.61448
0.99228
0.332005
0.300962
0.86152
0.667435
0.430073
0.612822
0.396141
0.523392
0.176133
0.630063
0.2091
0.490874
0.234389
0.918136
0.819045
0.360321
0.0464217
0.129644
0.564541
0.559601
0.792345
0.182632
0.994131
0.336401
0.157023
0.238076
0.143476
0.509327
0.440402
0.390627
0.988635
0.451808
0.0510167
0.486674
0.864569
0.472836
0.921741
0.983791
0.137908
0.258631
0.886846
0.265625
0.923057
0.539273
0.559414
0.326294
0.130694
0.644377
0.748195
0.238355
0.637737
0.111869
0.952942
0.318397
0.867824
0.0139202
0.977305
0.404338
0.571387
0.164111
0.198344
0.158471
0.094364
0.869884
0.531718
0.810335
0.924628
0.39434
0.631611
0.253462
0.805188
0.791461
0.364471
0.910076
0.20322
0.278791
0.0956065
0.277789
0.423999
0.811673
0.827718
0.572377
0.158795
0.0230706
0.730415
0.38068
0.75578
0.193065
0.0997929
0.737697
0.00303284
0.412072
0.287122
0.541945
0.712684
0.601842
0.635713
0.723128
0.89527
0.558325
0.965034
0.0761908
0.813365
0.680434
0.641115
0.175824
0.703545
0.54879
0.772335
0.285465
0.455745
0.0185085
0.569627
0.674875
0.0390853
0.99008
0.410181
0.260347
0.963213
0.522416
0.64369
0.981606
0.56423
0.452127
0.680231
0.829469
0.404271
0.183074
0.398801
0.938322
0.573788
0.810286
0.415616
0.65748
0.18561
0.242282
0.251201
0.0154887
0.849836
0.485871
0.935349
0.49144
0.418627
0.757489
0.0890078
0.507348
0.789954
0.585136
0.0221634
0.555663
0.059377
0.564982
0.88677
0.375976
0.808897
0.936687
0.4238
0.0949847
0.821967
0.641522
0.343473
0.743774
0.0137053
0.0273323
0.877724
0.0664792
0.865383
0.864416
0.543976
0.0343982
0.152251
0.836377
0.659281
0.979604
0.253755
0.170022
0.643886
0.76213
0.835223
0.568347
0.653293
0.884788
0.190063
0.110698
0.577873
0.969677
0.0315529
0.284152
0.94909
0.510455
0.0232762
0.810185
0.791417
0.314421
0.837268
0.430692
0.958978
0.548487
0.0289322
0.317424
0.996002
0.803092
0.517795
0.268893
0.0601445
0.0881195
0.963154
0.35882
0.947734
0.17489
0.82369
0.200184
0.760008
0.198281
0.390101
0.488933
0.249409
0.933042
0.579816
0.991416
0.384993
0.658367
0.782865
0.639614
0.176014
0.0247881
0.547949
0.898209
0.292756
0.837448
0.397793
0.067575
0.523662
0.169818
0.562825
0.686743
0.607835
0.721922
0.922257
0.700398
0.481967
0.837134
0.941627
0.553987
0.480751
0.0916
0.895858
0.880979
0.52986
0.870361
0.166908
0.946361
0.870533
0.844229
0.905063
0.510413
0.354841
0.761485
0.842946
0.276841
0.850694
0.468455
0.551289
0.589315
0.795658
0.573035
0.925549
0.540494
0.438631
0.665219
0.192416
0.157576
0.808445
0.5087
0.225283
0.828459
0.948474
0.117597
0.457739
0.632561
0.456275
0.132386
0.184147
0.740362
0.867366
0.409073
0.536365
0.545742
0.922165
0.235705
0.925684
0.695164
0.255183
0.0902477
0.239034
0.677769
0.545514
0.353912
0.578526
0.140453
0.66769
0.89399
0.833391
0.591976
0.881975
0.930262
0.873381
0.660173
0.603134
0.0990249
0.652689
0.566331
0.786773
0.128827
0.0134553
0.980785
0.47228
0.0419525
0.477925
0.923813
0.521453
0.295729
0.81831
0.87587
0.0918733
0.777714
0.693426
0.761242
0.884068
0.068827
0.141164
0.969171
0.701554
0.888489
0.215859
0.0765264
0.362803
0.13583
0.559622
0.436066
0.504197
0.441031
0.196688
0.294369
0.313042
0.640856
0.339855
0.603487
0.729693
0.0924435
0.498065
0.190392
0.157863
0.23942
0.674201
0.448268
0.222169
0.344389
0.942155
0.213715
0.611982
0.801869
0.192222
0.993936
0.550647
0.945739
0.333908
0.207956
0.929125
0.765248
0.745181
0.605941
0.643134
0.443662
0.257258
0.530685
0.172839
0.133603
0.463967
0.185316
0.944158
0.883145
0.644765
0.571299
0.510748
0.126727
0.0904574
0.26078
0.0957335
0.654955
0.120696
0.66735
0.532236
0.477337
0.582312
0.979281
0.141772
0.492039
0.117539
0.419301
0.589577
0.376695
0.991208
0.994969
0.255923
0.614362
0.765954
0.403717
0.162491
0.068661
0.614515
0.256612
0.992857
0.0221779
0.558172
0.284907
0.246155
0.0921849
0.420404
0.693449
0.0629855
0.937741
0.784815
0.324988
0.762629
0.172239
0.746392
0.799478
0.630616
0.395458
0.745166
0.292397
0.995741
0.759186
0.27133
0.116184
0.135549
0.980472
0.730875
0.768832
0.0493954
0.216579
0.260823
0.613705
0.638106
0.715686
0.783095
0.854644
0.329325
0.657412
0.0860935
0.970429
0.687601
0.097226
0.223063
0.272647
0.0482779
0.428794
0.0162749
0.75104
0.714249
0.278339
0.956118
0.870386
0.754644
0.245068
0.284148
0.48299
0.944505
0.40173
0.549153
0.520827
0.884517
0.969369
0.425314
0.631417
0.839851
0.0803353
0.0815039
0.42149
0.337195
0.0436132
0.890803
0.472495
0.0590139
0.0265337
0.769281
0.792025
0.0741218
0.566929
0.933122
0.865223
0.943619
0.829796
0.363136
0.970215
0.741256
0.0225271
0.765741
0.921655
0.527289
0.882773
0.319461
0.906424
0.31489
0.653002
0.996013
0.575562
0.068172
0.455814
0.745035
0.0564808
0.770896
0.484077
0.331535
0.0495345
0.104913
0.919937
0.115099
0.672998
0.777417
0.996784
0.559946
0.220523
0.0360598
0.118217
0.764872
0.495132
0.410993
0.448081
0.802161
0.883813
0.222907
0.885633
0.154509
0.836778
0.896119
0.839908
0.0390442
0.915443
0.615778
0.717334
0.907486
0.073204
0.368251
0.536677
0.911517
0.333054
0.903745
0.585355
0.622432
0.52612
0.660241
0.531206
0.794109
0.255177
0.187785
0.903762
0.458395
0.747189
0.112214
0.359084
0.141937
0.758966
0.177372
0.642243
0.493546
0.19997
0.404878
0.661478
0.111135
0.636357
0.910513
0.588128
0.857317
0.340302
0.41628
0.396373
0.452706
0.0486736
0.997214
0.756855
0.635985
0.0951263
0.101989
0.698254
0.679825
0.079664
0.38639
0.950862
0.551683
0.739744
0.398722
0.386226
0.508574
0.18698
0.656202
0.466929
0.414857
0.17351
0.15141
0.120563
0.57211
0.55209
0.82785
0.951953
0.350153
0.59397
0.0636965
0.207708
0.408278
0.328632
0.70278
0.407152
0.795752
0.569428
0.671875
0.0536964
0.720659
0.789204
0.723352
0.340722
0.276131
0.509956
0.342265
0.266029
0.913051
0.370588
0.356925
0.0689195
0.948267
0.536838
0.292027
0.403974
0.897397
0.617419
0.00339485
0.165586
0.921281
0.750459
0.633408
0.377311
0.175141
0.024283
0.42616
0.0601079
0.349514
0.896617
0.441435
0.493511
0.192024
0.776258
0.706532
0.78382
0.299044
0.431289
0.845037
0.153353
0.966324
0.387891
0.721573
0.864836
0.38764
0.983822
0.14161
0.194981
0.990524
0.240615
0.145386
0.371328
0.198151
0.21857
0.935016
0.886397
0.406424
0.0185963
0.973829
0.103232
0.46534
0.0949621
0.297021
0.566386
0.453687
0.0430276
0.57267
0.932404
0.0361417
0.52601
0.952173
0.933892
0.191824
0.504854
0.249186
0.2912
0.603375
0.435258
0.48611
0.985816
0.495619
0.595937
0.347194
0.809503
0.212877
0.212162
0.577317
0.603263
0.323984
0.538659
0.865515
0.100183
0.544086
0.565913
0.252308
0.78622
0.262262
0.513957
0.599889
0.692998
0.964056
0.777692
0.164254
0.536674
0.337957
0.487808
0.808311
0.11693
0.354911
0.351372
0.895048
0.390168
0.109909
0.936138
0.399819
0.130956
0.714734
0.062645
0.280802
0.595794
0.0309035
0.468172
0.646709
0.103263
0.531898
0.406596
0.760787
0.94462
0.0837175
0.348231
0.420195
0.538895
0.932833
0.443709
0.749807
0.246563
0.690606
0.915953
0.949501
0.755841
0.603225
0.0443178
0.0340135
0.455688
0.896226
0.904959
0.104395
0.709556
0.482662
0.531483
0.190156
0.443958
0.823989
0.659956
0.201153
0.965925
0.232711
0.722317
0.02827
0.423405
0.405869
0.252275
0.331974
0.822663
0.478431
0.36774
0.0577997
0.0167575
0.385629
0.493851
0.217818
0.579147
0.823333
0.990678
0.977165
0.976488
0.595497
0.849635
0.584687
0.954693
0.637765
0.122694
0.186759
0.552309
0.506274
0.248444
0.0633501
0.655269
0.620744
0.939061
0.325389
0.507103
0.0508851
0.792257
0.612496
0.0886406
0.135221
0.292267
0.830147
0.781292
0.721359
0.363935
0.465327
0.227958
0.316786
0.143964
0.51973
0.805636
0.939254
0.133391
0.599592
0.623781
0.955806
0.39535
0.201184
0.462485
0.699518
0.962189
0.731057
0.564542
0.153007
0.115991
0.300093
0.695452
0.487783
0.706584
0.83041
0.38544
0.748489
0.171076
0.514208
0.767534
0.471105
0.419
0.163603
0.925782
0.524177
0.247116
0.490508
0.167665
0.962128
0.447944
0.85564
0.134755
0.179716
0.276077
0.525698
0.165711
0.156704
0.436357
0.97779
0.825637
0.0817995
0.257949
0.290152
0.0158997
0.144933
0.218406
0.158248
0.578445
0.786931
0.481757
0.575285
0.808687
0.195651
0.614709
0.716227
0.791026
0.337634
0.145003
0.0643641
0.971063
0.31435
0.126
0.31949
0.878573
0.332086
0.371554
0.126765
0.415294
0.0745426
0.525232
0.16532
0.621597
0.767205
0.627957
0.635657
0.336104
0.722553
0.348114
0.684926
0.662314
0.65516
0.538204
0.809124
0.656291
0.555758
0.282092
0.771287
0.149491
0.413324
0.0969232
0.0747354
0.120782
0.574253
0.45376
0.530436
0.531716
0.0276714
0.281013
0.957542
0.0391284
0.405969
0.614714
0.556176
0.49911
0.989599
0.059713
0.991514
0.676433
0.505214
0.22584
0.728238
0.0734742
0.00619811
0.803114
0.654417
0.292718
0.624661
0.440044
0.533877
0.846879
0.483954
0.0891021
0.326127
0.830732
0.560769
0.983413
0.912902
0.368687
0.785889
0.908741
0.270378
0.252192
0.172644
0.934819
0.626143
0.681014
0.262143
0.270096
0.639951
0.522464
0.674336
0.403958
0.147363
0.00262856
0.0539833
0.200488
0.5053
0.243676
0.200572
0.107827
0.0785991
0.561287
0.671266
0.147195
0.906615
0.936283
0.645932
0.845641
0.0889433
0.574511
0.343322
0.776579
0.92932
0.969049
0.777455
0.872179
0.376764
0.378793
0.143286
0.171662
0.803017
0.137485
0.62069
0.169581
0.655361
0.707251
0.885865
0.428131
0.0238535
0.890711
0.119178
0.617569
0.662061
0.115712
0.798542
0.648786
0.500342
0.206766
0.0673755
0.0621148
0.190749
0.557236
0.966212
0.336421
0.722608
0.116348
0.317014
0.282542
0.647838
0.105078
0.549267
0.185147
0.955077
0.874994
0.256899
0.857064
0.131672
0.824088
0.775108
0.270151
0.452601
0.783699
0.566141
0.926762
0.035378
0.790545
0.703101
0.635886
0.700023
0.65797
0.240834
0.858
0.173139
0.260432
0.762968
0.282714
0.675175
0.94532
0.894159
0.803274
0.42992
0.986149
0.0666114
0.551966
0.135316
0.491198
0.329934
0.160506
0.934621
0.681659
0.493387
0.90946
0.927011
0.953353
0.3896
0.930769
0.756672
0.636077
0.548802
0.127439
0.31944
0.864646
0.0726429
0.97445
0.126065
0.475693
0.996659
0.86496
0.361149
0.344287
0.930452
0.165854
0.176825
0.074432
0.264634
0.646711
0.260241
0.457516
0.733618
0.446244
0.213912
0.612756
0.623292
0.240273
0.787998
0.223724
0.412667
0.775315
0.503572
0.784997
0.13854
0.431812
0.705946
0.273004
0.272238
0.981112
0.587111
0.155133
0.39752
0.200214
0.216354
0.151149
0.478683
0.50838
0.118121
0.661001
0.00793756
0.289655
0.436175
0.273074
0.821124
0.0653562
0.223133
0.266941
0.870825
0.180612
0.894418
0.524692
0.745933
0.168992
0.385713
0.764888
0.226748
0.459305
0.0529616
0.513215
0.664655
0.588622
0.853991
0.723891
0.475447
0.585585
0.850807
0.465896
0.535367
0.688066
0.571635
0.588078
0.768912
0.059247
0.271763
0.777211
0.717478
0.666164
0.632252
0.923053
0.377902
0.984798
0.935573
0.204478
0.0999622
0.69576
0.257237
0.810734
0.8319
0.0346459
0.712479
0.711907
0.503031
0.961111
0.297053
0.392626
0.832499
0.810735
0.361218
0.9631
0.353243
0.59374
0.25595
0.561531
0.940235
0.604617
0.190467
0.461974
0.632053
0.50673
0.84012
0.8017
0.0348522
0.555959
0.743709
0.342133
0.0977947
0.127444
0.029295
0.177416
0.549004
0.209489
0.507557
0.804672
0.781104
0.0286961
0.671777
0.470022
0.475399
0.470381
0.643494
0.20442
0.753778
0.458349
0.602906
0.463378
0.147375
0.958073
0.743069
0.78462
0.171075
0.767355
0.286969
0.377763
0.792916
0.758525
0.606518
0.0600462
0.587447
0.736235
0.982542
0.45221
0.86211
0.574921
0.0448266
0.848559
0.545711
0.79999
0.431273
0.675283
0.128033
0.276793
0.705235
0.9511
0.439663
0.171454
0.0701013
0.664281
0.561085
0.8476
0.920173
0.480118
0.65012
0.863085
0.766914
0.692896
0.97675
0.730731
0.579632
0.836441
0.95441
0.607191
0.0796407
0.867293
0.456803
0.573954
0.0269861
0.334578
0.209292
0.674594
0.0387836
0.450636
0.54395
0.372295
0.978235
0.476466
0.307314
0.591733
0.453389
0.336052
0.209908
0.00936575
0.464697
0.873643
0.406614
0.756204
0.740451
0.668025
0.59692
0.197115
0.799132
0.817874
0.434152
0.950734
0.277761
0.612235
0.532707
0.81403
0.565304
0.500199
0.862385
0.755601
0.280184
0.273833
0.818862
0.641764
0.630983
0.878432
0.759374
0.859481
0.199379
0.764151
0.292676
0.500213
0.184385
0.193085
0.112333
0.268739
0.646959
0.41585
0.662409
0.781019
0.794041
0.13174
0.424615
0.415156
0.841081
0.146509
0.115985
0.37952
0.492117
0.641853
0.58613
0.162097
0.57648
0.970646
0.703143
0.0251309
0.881162
0.391996
0.0172112
0.709108
0.71794
0.660183
0.491007
0.0101637
0.264294
0.881539
0.0859066
0.394957
0.217196
0.553341
0.493109
0.317088
0.798826
0.198765
0.798717
0.399113
0.653281
0.51198
0.371838
0.144225
0.673334
0.427428
0.764768
0.341658
0.296311
0.0273691
0.914332
0.829881
0.308149
0.701741
0.433419
0.781641
0.694696
0.474402
0.281808
0.17492
0.579304
0.909814
0.605312
0.613868
0.785804
0.514243
0.0323289
0.163771
0.0659005
0.0455142
0.216853
0.364126
0.530055
0.645414
0.917003
0.0838709
0.320929
0.208774
0.39814
0.382849
0.0684456
0.90332
0.44963
0.0435526
0.165517
0.254335
0.804318
0.937223
0.403528
0.708209
0.249775
0.888363
0.0066134
0.088927
0.220378
0.201721
0.603808
0.861571
0.159288
0.515821
0.17812
0.616884
0.439392
0.147084
0.531597
0.690974
0.132258
0.588616
0.30545
0.334202
0.414187
0.32773
0.0942868
0.343339
0.898401
0.646238
0.69353
0.571031
0.682451
0.567613
0.0190736
0.226653
0.399889
0.61505
0.73824
0.382605
0.0652833
0.544509
0.151112
0.600114
0.00162051
0.716796
0.361285
0.0886074
0.639179
0.272742
0.275113
0.312718
0.474918
0.775547
0.46851
0.460981
0.981451
0.484349
0.460368
0.690289
0.754673
0.923084
0.431651
0.560167
0.689089
0.908687
0.929229
0.57093
0.469924
0.702719
0.593522
0.219785
0.171059
0.450463
0.449004
0.488933
0.247872
0.571555
0.796641
0.179753
0.714035
0.266221
0.247312
0.00710574
0.791334
0.801176
0.935294
0.867841
0.821575
0.739249
0.450855
0.197553
0.729636
0.776789
0.531032
0.829664
0.826729
0.352935
0.0476443
0.270884
0.242938
0.694787
0.331614
0.807114
0.778085
0.462557
0.372653
0.353862
0.460002
0.658762
0.933378
0.465222
0.599256
0.965508
0.116913
0.415491
0.629399
0.173948
0.427056
0.767471
0.521803
0.869959
0.860045
0.34154
0.0641438
0.0401071
0.0670243
0.999532
0.791592
0.761966
0.126229
0.157505
0.859778
0.642848
0.963993
0.441449
0.648593
0.171007
0.963609
0.400006
0.385884
0.643385
0.801128
0.688254
0.580115
0.833956
0.0471405
0.636625
0.551041
0.0667339
0.573618
0.619021
0.847478
0.857504
0.304868
0.134179
0.841213
0.788346
0.35167
0.0143629
0.286125
0.779004
0.0676489
0.675432
0.13158
0.419176
0.0669539
0.822358
0.379163
0.525768
0.742306
0.524245
0.271803
0.589196
0.322471
0.07292
0.604357
0.272786
0.00822518
0.539159
0.444727
0.629335
0.225873
0.4406
0.054545
0.198897
0.537385
0.435422
0.298523
0.651865
0.246208
0.455834
0.3315
0.141389
0.237825
0.195452
0.852268
0.0292238
0.094111
0.364618
0.71323
0.149038
0.0205576
0.627729
0.174957
0.27127
0.625429
0.636629
0.594708
0.933583
0.0899053
0.0741391
0.837962
0.300979
0.768283
0.121779
0.202049
0.219645
0.757287
0.265745
0.140917
0.12858
0.473569
0.855208
0.580117
0.993078
0.778438
0.326996
0.111053
0.924122
0.688898
0.510715
0.853574
0.647755
0.21406
0.928381
0.275959
0.488485
0.355968
0.502623
0.761364
0.0307981
0.813926
0.587511
0.209789
0.122826
0.431378
0.736086
0.464635
0.386244
0.924402
0.118643
0.852901
0.896459
0.930881
0.0058334
0.628099
0.197142
0.919422
0.230647
0.604936
0.313181
0.997069
0.0433467
0.774831
0.926099
0.154892
0.273398
0.191334
0.376025
0.990499
0.212479
0.914501
0.654251
0.446539
0.132615
0.303291
0.0504606
0.604259
0.853511
0.44505
0.618681
0.071184
0.273138
0.0111435
0.126023
0.00196364
0.275642
0.327796
0.648272
0.29147
0.930633
0.951203
0.476388
0.979195
0.39792
0.535983
0.497992
0.404014
0.451748
0.28602
0.717876
0.148379
0.038611
0.776768
0.0816253
0.311003
0.782693
0.438086
0.2664
0.147096
0.853004
0.486641
0.602937
0.615223
0.10627
0.596977
0.79285
0.869832
0.919651
0.100282
0.585271
0.238533
0.627329
0.999932
0.0769117
0.723169
0.975051
0.592866
0.799595
0.563767
0.506671
0.985867
0.259327
0.904406
0.296765
0.295791
0.0909721
0.100083
0.943381
0.822831
0.492587
0.703627
0.234973
0.985854
0.10348
0.671738
0.405605
0.308896
0.990067
0.829197
0.392463
0.247859
0.903562
0.130316
0.00975909
0.146485
0.473597
0.756702
0.453068
0.110665
0.501812
0.590376
0.0481808
0.0901399
0.0194726
0.101326
0.658525
0.956671
0.273208
0.188552
0.665213
0.867723
0.302894
0.0136609
0.933788
0.704739
0.275774
0.366083
0.681729
0.875059
0.240858
0.59896
0.660767
0.266553
0.467681
0.674782
0.568093
0.644016
0.03347
0.359824
0.100506
0.276415
0.822787
0.106444
0.565563
0.0840162
0.60371
0.662325
0.463807
0.0944837
0.344616
0.945688
0.956121
0.496995
0.435625
0.225575
0.630279
0.0834433
0.97877
0.14624
0.480751
0.365788
0.81096
0.634721
0.515833
0.158615
0.423782
0.230653
0.90615
0.915964
0.444233
0.877384
0.0886134
0.611503
0.840407
0.713461
0.739876
0.451086
0.516241
0.903538
0.0333641
0.206782
0.459346
0.0477788
0.0939351
0.461418
0.106008
0.208817
0.064234
0.552716
0.0874129
0.0953264
0.696804
0.506067
0.0211628
0.441272
0.88602
0.745023
0.512136
0.119904
0.0538953
0.868558
0.0267676
0.0315535
0.803846
0.284166
0.804799
0.304296
0.756451
0.985853
0.47257
0.846541
0.981283
0.266093
0.521913
0.790616
0.938882
0.650804
0.318702
0.866403
0.346903
0.846408
0.805137
0.244089
0.884543
0.988043
0.559812
0.885099
0.149269
0.97798
0.379629
0.940269
0.779942
0.203314
0.0476355
0.234319
0.160371
0.421991
0.45083
0.375699
0.617389
0.106233
0.712005
0.530855
0.527487
0.0324207
0.499698
0.401999
0.246085
0.406499
0.180295
0.447418
0.273495
0.313969
0.97637
0.883407
0.571643
0.783528
0.795304
0.506885
0.445609
0.253415
0.892262
0.87774
0.90405
0.729536
0.0315759
0.89999
0.912565
0.424417
0.31061
0.340803
0.454068
0.166057
0.31016
0.326447
0.810233
0.365744
0.735451
0.354236
0.978068
0.833889
0.211804
0.859517
0.635679
0.232949
0.399028
0.876793
0.571304
0.456493
0.0885916
0.834003
0.989651
0.723482
0.447654
0.0190622
0.609628
0.676818
0.0740071
0.757692
0.967514
0.275232
0.025991
0.841623
0.839634
0.767566
0.491449
0.246227
0.198613
0.538517
0.259784
0.676638
0.617248
0.114899
0.661174
0.981426
0.534084
0.121501
0.137021
0.972889
0.294748
0.475578
0.10568
0.693025
0.383093
0.609061
0.28754
0.664241
0.756232
0.00753955
0.153526
0.163872
0.697515
0.855076
0.661064
0.0615554
0.101509
0.0739175
0.941593
0.258549
0.605054
0.548169
0.103678
0.268027
0.478443
0.820491
0.815778
0.975436
0.6908
0.0508766
0.832749
0.11797
0.0637196
0.52658
0.130128
0.522214
0.927216
0.512256
0.810271
0.639038
0.192064
0.729369
0.444408
0.414796
0.252574
0.253938
0.0146611
0.0378791
0.633886
0.121679
0.120115
0.599711
0.797819
0.429608
0.61098
0.209228
0.0213666
0.223166
0.314919
0.599913
0.761875
0.957928
0.0196023
0.768443
0.422984
0.824964
0.375548
0.684028
0.935389
0.7289
0.883315
0.607471
0.0664747
0.207765
0.629108
0.0590495
0.872909
0.0836597
0.932858
0.974254
0.210229
0.133333
0.572842
0.086458
0.713504
0.567713
0.750903
0.0755775
0.163131
0.60946
0.462328
0.521787
0.649818
0.957609
0.434464
0.203348
0.452832
0.428354
0.298107
0.777621
0.0455619
0.561048
0.155754
0.384314
0.142462
0.47847
0.210758
0.210037
0.201445
0.790431
0.62147
0.553223
0.295776
0.829775
0.244406
0.428476
0.769542
0.00984228
0.430525
0.249414
0.590745
0.592452
0.538665
0.62906
0.816098
0.655474
0.330208
0.836853
0.0815745
0.549041
0.909025
0.951339
0.532773
0.629483
0.370787
0.247598
0.109171
0.560019
0.825671
0.858481
0.596319
0.967294
0.958554
0.248708
0.360039
0.742813
0.79074
0.540897
0.176699
0.778327
0.807292
0.232586
0.0736148
0.424255
0.114019
0.343304
0.593645
0.460176
0.788198
0.530763
0.398045
0.866477
0.087077
0.215225
0.621644
0.186213
0.678232
0.251114
0.894395
0.766232
0.555837
0.184927
0.443377
0.666641
0.806907
0.638517
0.189299
0.527667
0.891583
0.856798
0.251578
0.182977
0.601515
0.958948
0.776045
0.308523
0.360406
0.932159
0.499346
0.895971
0.0307912
0.90701
0.964101
0.839776
0.891089
0.753513
0.798882
0.42697
0.94702
0.536904
0.977074
0.0187187
0.241425
0.872236
0.468676
0.712715
0.326569
0.716836
0.199112
0.275473
0.562977
0.639699
0.729116
0.133574
0.408871
0.10686
0.569737
0.712945
0.364274
0.821834
0.546551
0.915214
0.733835
0.660161
0.127121
0.0202173
0.872444
0.237135
0.12578
0.803714
0.0776986
0.647773
0.699796
0.159376
0.793283
0.41809
0.0509813
0.0141094
0.287321
0.206736
0.746806
0.825777
0.469768
0.296064
0.0750838
0.452378
0.0129053
0.411692
0.346289
0.681751
0.438996
0.909609
0.557568
0.210862
0.339167
0.869914
0.332506
0.363742
0.387575
0.136213
0.550712
0.337129
0.314933
0.839778
0.581296
0.262889
0.505438
0.44749
0.53427
0.876268
0.381183
0.872667
0.44398
0.0790405
0.238104
0.687804
0.798589
0.186624
0.697527
0.978317
0.329699
0.148207
0.437377
0.876332
0.476167
0.528972
0.367117
0.313598
0.43618
0.543455
0.910473
0.0325687
0.221643
0.929125
0.560003
0.394735
0.628956
0.949232
0.367595
0.0252572
0.540228
0.313985
0.534919
0.832962
0.469008
0.309137
0.76794
0.44477
0.764574
0.921022
0.559513
0.593617
0.388859
0.247119
0.064148
0.498921
0.680076
0.9812
0.729007
0.778675
0.01709
0.262123
0.345178
0.932213
0.798618
0.675339
0.683307
0.932718
0.651306
0.696166
0.377637
0.968531
0.280752
0.363906
0.222533
0.872336
0.879535
0.475852
0.545532
0.277262
0.506314
0.0902574
0.821004
0.038981
0.350062
0.627329
0.18847
0.962862
0.293483
0.357305
0.0396486
0.375239
0.689704
0.564678
0.338289
0.577855
0.766269
0.17763
0.836856
0.724554
0.570525
0.15174
0.854129
0.159271
0.870447
0.397027
0.77777
0.754387
0.924977
0.537387
0.955941
0.288521
0.537923
0.291493
0.142011
0.402804
0.309495
0.764219
0.156434
0.174712
0.499538
0.437646
0.929845
0.848514
0.416515
0.150713
0.591454
0.761396
0.746314
0.856586
0.766781
0.004332
0.734937
0.446793
0.74881
0.856755
0.639131
0.431194
0.706616
0.534093
0.359026
0.762853
0.59553
0.287234
0.666846
0.596865
0.932908
0.392989
0.945746
0.272208
0.103556
0.0745973
0.852848
0.305681
0.35889
0.891357
0.820534
0.686984
0.173877
0.636431
0.810053
0.264019
0.125827
0.281893
0.231514
0.507449
0.959103
0.0100817
0.444328
0.443604
0.9998
0.870313
0.752143
0.0447774
0.584469
0.100032
0.306365
0.865986
0.666935
0.649444
0.832297
0.217253
0.267285
0.948712
0.591983
0.66047
0.927071
0.456758
0.4978
0.119913
0.834816
0.0307518
0.790873
0.395468
0.785855
0.655339
0.198377
0.367624
0.640604
0.570668
0.983775
0.683305
0.445289
0.338292
0.804063
0.211598
0.879228
0.883989
0.788096
0.0584456
0.192701
0.0565859
0.750031
0.42935
0.299495
0.741821
0.951971
0.129173
0.188164
0.0703366
0.329869
0.988082
0.316081
0.758843
0.596746
0.00269581
0.150344
0.123524
0.137293
0.481518
0.519592
0.80475
0.107917
0.983694
0.940794
0.742151
0.656295
0.340168
0.585082
0.439126
0.674493
0.546306
0.0466786
0.0558364
0.999725
0.815031
0.578992
0.369758
0.4768
0.579553
0.961937
0.142846
0.796324
0.734737
0.664537
0.934384
0.522729
0.906192
0.466887
0.898564
0.226177
0.0361223
0.205523
0.605884
0.132412
0.0750204
0.806267
0.427399
0.204616
0.0682525
0.268612
0.520906
0.0713398
0.426608
0.765708
0.958125
0.714556
0.66987
0.524009
0.0319253
0.331919
0.432469
0.646649
0.28267
0.287268
0.0202866
0.544603
0.282747
0.563463
0.30767
0.139696
0.718329
0.631591
0.263714
0.503533
0.807446
0.150624
0.896884
0.0963998
0.593421
0.411581
0.907029
0.270199
0.152738
0.940259
0.833866
0.199494
0.256389
0.172598
0.990974
0.904707
0.523796
0.616736
0.974383
0.531553
0.608326
0.415827
0.0348043
0.550751
0.453502
0.725675
0.102572
0.0420953
0.158945
0.821245
0.754361
0.726934
0.495129
0.34613
0.910733
0.913126
0.605989
0.619014
0.553589
0.0165311
0.938473
0.411208
0.25257
0.82311
0.938072
0.109321
0.789493
0.155677
0.549412
0.677119
0.66986
0.109388
0.0609609
0.33065
0.810525
0.520006
0.332909
0.340675
0.192563
0.829029
0.947298
0.876496
0.768415
0.00972022
0.319447
0.305216
0.41237
0.718121
0.309753
0.860511
0.203437
0.333098
0.374909
0.0949769
0.829688
0.0494935
0.797622
0.0300932
0.403111
0.688438
0.0338841
0.417898
0.474062
0.388888
0.716855
0.0284071
0.534347
0.844449
0.356426
0.376861
0.798034
0.249556
0.273527
0.804849
0.549021
0.619061
0.808235
0.329376
0.844444
0.6453
0.340747
0.173944
0.862991
0.756692
0.164286
0.395693
0.68716
0.54195
0.748997
0.522682
0.808554
0.203939
0.435893
0.615359
0.145252
0.207278
0.0999195
0.666292
0.860332
0.783713
0.821203
0.752214
0.770604
0.459351
0.103532
0.852456
0.634607
0.267808
0.679144
0.747818
0.108958
0.813321
0.438886
0.913953
0.662081
0.847914
0.526792
0.823317
0.234404
0.526649
0.138161
0.569749
0.934081
0.00505592
0.0601872
0.229752
0.557295
0.542773
0.494199
0.874521
0.222205
0.777484
0.198586
0.646801
0.905613
0.333206
0.491465
0.816616
0.171394
0.426988
0.152146
0.229956
0.879764
0.638083
0.760466
0.0644533
0.166451
0.503662
0.513054
0.306145
0.480813
0.105129
0.0555849
0.861357
0.971995
0.309094
0.370087
0.717784
0.0121563
0.827079
0.256367
0.0688322
0.145853
0.758003
0.446614
0.815271
0.254631
0.777529
0.89224
0.358278
0.225886
0.63831
0.262033
0.0979165
0.915065
0.145225
0.190667
0.551132
0.690257
0.269643
0.316648
0.503309
0.348256
0.566792
0.648745
0.107463
0.691133
0.560288
0.299981
0.345124
0.552401
0.257894
0.128233
0.762986
0.561828
0.462566
0.322521
0.899363
0.437952
0.0428423
0.474024
0.314534
0.0973804
0.826659
0.170915
0.639035
0.369913
0.282629
0.65605
0.553949
0.60857
0.652866
0.586592
0.117276
0.983577
0.701408
0.434626
0.350422
0.749371
0.7423
0.567825
0.4989
0.273696
0.111409
0.549235
0.881266
0.117842
0.746019
0.695235
0.740396
0.957095
0.0362868
0.430742
0.0111281
0.630458
0.612599
0.480722
0.418357
0.108713
0.232916
0.437056
0.819636
0.669873
0.434143
0.739849
0.206345
0.0710949
0.111612
0.612219
0.27749
0.00612343
0.690722
0.987649
0.000199449
0.637308
0.0548014
0.968944
0.0709787
0.491274
0.893265
0.857878
0.691778
0.507305
0.634119
0.294577
0.574949
0.527491
0.624875
0.545703
0.591138
0.01772
0.72595
0.48051
0.974198
0.30856
0.98059
0.273825
0.497154
0.145106
0.525407
0.375022
0.533315
0.834843
0.405574
0.782047
0.416571
0.782603
0.458745
0.159562
0.014951
0.701663
0.93176
0.840268
0.931499
0.290052
0.99421
0.248467
0.246533
0.661137
0.812909
0.784927
0.215344
0.317538
0.351335
0.712118
0.835411
0.957443
0.558126
0.0788737
0.697174
0.902381
0.10866
0.22354
0.0324464
0.43552
0.363806
0.894686
0.374522
0.839551
0.709901
0.528425
0.744034
0.423212
0.944012
0.721416
0.774636
0.325533
0.868551
0.438607
0.692565
0.386844
0.7593
0.994781
0.56415
0.875624
0.870918
0.348969
0.725325
0.360242
0.643977
0.75079
0.80721
0.514666
0.777606
0.277784
0.27183
0.147183
0.831795
0.3028
0.872022
0.241218
0.523424
0.430498
0.949601
0.297287
0.380085
0.942027
0.985849
0.76517
0.915744
0.286951
0.318377
0.855347
0.992329
0.661474
0.438442
0.518783
0.531285
0.212032
0.782761
0.884094
0.239168
0.903313
0.433904
0.941183
0.511344
0.589772
0.643308
0.760399
0.177846
0.329695
0.590997
0.0362755
0.25546
0.48088
0.296048
0.244919
0.370095
0.617001
0.0918849
0.204109
0.0135119
0.803707
0.580449
0.32517
0.298455
0.273531
0.479315
0.345673
0.376265
0.0386579
0.275815
0.832046
0.181032
0.480629
0.102231
0.24113
0.664343
0.45603
0.746121
0.829773
0.184697
0.957243
0.209835
0.201492
0.215643
0.867301
0.733292
0.779299
0.036713
0.847932
0.694074
0.993725
0.571191
0.899843
0.298906
0.475122
0.0348129
0.634299
0.480574
0.0393009
0.559427
0.795081
0.914352
0.75556
0.455703
0.0698652
0.568004
0.886181
0.278934
0.730091
0.699408
0.986447
0.362009
0.138389
0.715885
0.954238
0.979603
0.662623
0.809274
0.318282
0.807663
0.0356098
0.780833
0.554115
0.842236
0.69958
0.970024
0.716805
0.44172
0.174442
0.701234
0.179525
0.656582
0.988917
0.162512
0.76701
0.510618
0.213596
0.130367
0.0729837
0.397817
0.134992
0.454704
0.250602
0.258876
0.109643
0.717955
0.0649839
0.701458
0.137339
0.982457
0.496888
0.728222
0.192516
0.0401625
0.686603
0.236715
0.852898
0.0787234
0.507105
0.95517
0.264446
0.178022
0.555553
0.978281
0.981663
0.551206
0.852184
0.567022
0.722339
0.944301
0.0356628
0.376557
0.575779
0.108442
0.343958
0.776319
0.703589
0.758811
0.169802
0.426318
0.072076
0.934326
0.479799
0.773723
0.255328
0.172148
0.88624
0.633816
0.848035
0.411074
0.660698
0.519336
0.527114
0.0378712
0.478446
0.882318
0.301197
0.99062
0.182783
0.932459
0.987055
0.333123
0.358318
0.196085
0.452006
0.214452
0.00227111
0.479788
0.661377
0.627683
0.0828636
0.402783
0.0700902
0.88189
0.273857
0.162051
0.397418
0.201461
0.654301
0.694339
0.323984
0.366792
0.662547
0.89907
0.150069
0.810428
0.093612
0.0862273
0.954281
0.0827082
0.428921
0.313279
0.291652
0.100983
0.287526
0.7752
0.970231
0.0964619
0.287837
0.911662
0.945228
0.672757
0.108942
0.395447
0.869771
0.890178
0.040573
0.666144
0.341351
0.789857
0.810786
0.173203
0.382994
0.271743
0.980405
0.992402
0.198255
0.740548
0.693312
0.979784
0.739057
0.433701
0.0716245
0.127135
0.125479
0.845367
0.0448372
0.283064
0.456521
0.160597
0.901989
0.903748
0.0509308
0.11368
0.355909
0.997393
0.65714
0.184744
0.408616
0.926495
0.671387
0.548677
0.806922
0.231943
0.903074
0.690436
0.377311
0.143043
0.926432
0.100795
0.0291581
0.937505
0.557549
0.9666
0.715333
0.815484
0.495831
0.269596
0.139278
0.45171
0.668949
0.207881
0.497598
0.889782
0.320345
0.354062
0.0472405
0.942696
0.37835
0.464162
0.786321
0.76365
0.145982
0.351346
0.0376606
0.75121
0.850488
0.738532
0.224093
0.452878
0.091683
0.503945
0.62461
0.631148
0.728165
0.233679
0.400401
0.156088
0.240448
0.495325
0.679852
0.888532
0.110095
0.746732
0.991574
0.217929
0.2539
0.293969
0.834509
0.418921
0.0521856
0.21253
0.674185
0.49071
0.0102843
0.645875
0.15418
0.64327
0.592255
0.395336
0.811868
0.0944766
0.265908
0.215483
0.0874817
0.342213
0.298192
0.728985
0.915593
0.575511
0.340013
0.375045
0.688036
0.388793
0.339546
0.30547
0.877365
0.463282
0.823092
0.642429
0.109891
0.379627
0.0825633
0.0119695
0.977367
0.225829
0.308637
0.76736
0.376384
0.164507
0.208654
0.816303
0.664538
0.623582
0.148326
0.466104
0.422435
0.274439
0.356299
0.200835
0.110588
0.46162
0.230654
0.804582
0.410283
0.248122
0.286394
0.744809
0.537455
0.740363
0.782989
0.229929
0.318661
0.856862
0.571032
0.855122
0.318192
0.204714
0.197077
0.250481
0.8054
0.22792
0.80572
0.645534
0.851297
0.29162
0.877978
0.764212
0.343483
0.866309
0.34504
0.964323
0.208481
0.476087
0.116444
0.0355965
0.630524
0.575015
0.561742
0.570362
0.555869
0.0156246
0.984727
0.320917
0.271695
0.273664
0.629271
0.457652
0.348645
0.0931258
0.255837
0.142005
0.736083
0.715624
0.827743
0.328279
0.299124
0.358192
0.346222
0.208423
0.586489
0.103545
0.373348
0.213811
0.118274
0.866889
0.281898
0.988084
0.982662
0.603332
0.771195
0.245139
0.0306689
0.419945
0.688013
0.926299
0.45797
0.756566
0.691593
0.570749
0.0628758
0.29938
0.801843
0.31328
0.969514
0.791353
0.369772
0.423432
0.105288
0.40358
0.509235
0.800062
0.22167
0.83161
0.529038
0.335435
0.747388
0.780805
0.404478
0.562874
0.263078
0.00480038
0.827368
0.502047
0.886454
0.561133
0.87362
0.115945
0.357064
0.448089
0.827442
0.293621
0.109698
0.286845
0.201216
0.772744
0.125497
0.212952
0.490112
0.916038
0.849845
0.641244
0.700515
0.755663
0.966089
0.0682115
0.191308
0.219605
0.314154
0.575917
0.867089
0.954134
0.743128
0.201514
0.262383
0.656391
0.186862
0.836426
0.555894
0.33118
0.751654
0.819247
0.0538944
0.386002
0.105085
0.886443
0.18177
0.978416
0.955064
0.644888
0.522825
0.529789
0.908141
0.230324
0.943379
0.819472
0.496162
0.315794
0.343236
0.573502
0.660316
0.134112
0.0705813
0.961862
0.481644
0.678433
0.540366
0.918375
0.44707
0.744988
0.0952491
0.697293
0.0400189
0.982044
0.648157
0.580646
0.944678
0.60915
0.145515
0.150403
0.652971
0.970739
0.390229
0.0395222
0.763307
0.588136
0.263462
0.575943
0.760155
0.874046
0.884285
0.23358
0.563532
0.173581
0.746248
0.304396
0.637431
0.295884
0.369952
0.705597
0.946291
0.200416
0.510667
0.33603
0.548538
0.00197566
0.460069
0.89583
0.116277
0.958497
0.481155
0.583393
0.170202
0.605704
0.9154
0.583725
0.318764
0.702677
0.0012204
0.76224
0.290686
0.152397
0.942796
0.478064
0.0498726
0.561318
0.268327
0.930904
0.781774
0.602058
0.0167832
0.955555
0.0402783
0.843232
0.792201
0.678099
0.84419
0.210529
0.224602
0.947855
0.012348
0.743066
0.876586
0.959163
0.526463
0.809094
0.134671
0.97703
0.210721
0.445123
0.124428
0.580739
0.517222
0.982515
0.188494
0.339453
0.706322
0.625621
0.966501
0.333892
0.210929
0.145514
0.616008
0.438145
0.473821
0.353388
0.213473
0.775666
0.0470557
0.517682
0.87436
0.263543
0.242518
0.388994
0.631403
0.659072
0.122689
0.996839
0.61013
0.0227184
0.120674
0.882326
0.540679
0.0115238
0.0785803
0.930813
0.144986
0.917018
0.993278
0.468591
0.438398
0.861702
0.258632
0.787676
0.48478
0.0681571
0.693249
0.762764
0.644174
0.614859
0.142816
0.724405
0.852076
0.592739
0.946079
0.252474
0.96939
0.0765669
0.0535378
0.0539837
0.742123
0.825219
0.0879097
0.58932
0.409887
0.12489
0.13543
0.610943
0.502261
0.689303
0.55705
0.278633
0.862089
0.0310066
0.608591
0.0153362
0.434763
0.217783
0.158928
0.76767
0.862564
0.428266
0.295252
0.835158
0.423119
0.22081
0.104485
0.932248
0.35103
0.929677
0.419895
0.64719
0.0817546
0.102609
0.822
0.961815
0.456784
0.393841
0.682791
0.996298
0.429188
0.826624
0.54236
0.642957
0.308588
0.839318
0.606991
0.253151
0.0846245
0.0291087
0.657762
0.0413442
0.867974
0.0074325
0.158747
0.370392
0.987986
0.281145
0.853852
0.582117
0.785996
0.573517
0.64137
0.537236
0.643383
0.49911
0.015306
0.528702
0.283423
0.00659171
0.862532
0.732514
0.88602
0.503569
0.904847
0.860075
0.0543571
0.0774798
0.574993
0.176144
0.172541
0.72662
0.615695
0.546453
0.193302
0.0153662
0.190782
0.679051
0.394808
0.0676574
0.797461
0.223431
0.14566
0.312788
0.7688
0.891515
0.217125
0.897593
0.655477
0.264549
0.681674
0.179067
0.275873
0.449966
0.936891
0.211499
0.723557
0.252303
0.893799
0.642173
0.121233
0.0222041
0.868694
0.929698
0.410206
0.847592
0.217516
0.299034
0.96444
0.251068
0.251848
0.347281
0.318256
0.0575962
0.475585
0.714275
0.796746
0.596538
0.681354
0.732078
0.337951
0.902103
0.945729
0.467401
0.295887
0.0762726
0.062315
0.0710481
0.513456
0.478263
0.451763
0.848413
0.454323
0.904588
0.0877739
0.965122
0.682815
0.423785
0.478156
0.201863
0.480906
0.0298701
0.239999
0.672473
0.891344
0.778573
0.308029
0.919348
0.975994
0.57043
0.315201
0.300229
0.578452
0.244791
0.184597
0.0804388
0.379993
0.148791
0.471691
0.144621
0.537916
0.845377
0.496042
0.742049
0.695349
0.124416
0.801476
0.179571
0.651579
0.980986
0.983827
0.87624
0.481964
0.724873
0.425287
0.693713
0.396492
0.885373
0.974444
0.956461
0.126057
0.0754348
0.111052
0.0758603
0.125495
0.479217
0.634607
0.192234
0.382465
0.127122
0.415799
0.748896
0.121228
0.622373
0.249873
0.412267
0.190376
0.483179
0.351004
0.252117
0.423593
0.764575
0.526706
0.596012
0.762498
0.123984
0.571371
0.472004
0.430635
0.994565
0.917979
0.0536553
0.947674
0.0304103
0.0870509
0.0214326
0.27288
0.487664
0.971909
0.254551
0.866926
0.705606
0.499298
0.767325
0.961093
0.351782
0.704438
0.304086
0.822941
0.595228
0.759567
0.506734
0.307489
0.871863
0.99504
0.0689849
0.482994
0.406104
0.45204
0.791369
0.620368
0.152768
0.00597287
0.951055
0.335308
0.323332
0.599599
0.900554
0.172197
0.160595
0.62497
0.309365
0.418847
0.125826
0.993234
0.96263
0.441126
0.16244
0.931363
0.530861
0.326559
0.200287
0.044882
0.224791
0.12594
0.56459
0.685642
0.749427
0.482039
0.453621
0.163715
0.471355
0.93445
0.149157
0.842463
0.21337
0.689648
0.123791
0.655854
0.59048
0.145325
0.709151
0.0870781
0.301359
0.958054
0.489103
0.147529
0.289308
0.943355
0.0819847
0.395218
0.186783
0.597218
0.47594
0.531672
0.957554
0.528153
0.581422
0.616399
0.150564
0.588819
0.164918
0.43795
0.679533
0.996303
0.82796
0.0806781
0.542396
0.230111
0.195494
0.22623
0.394614
0.996929
0.977651
0.228839
0.390427
0.0512206
0.0690045
0.503492
0.206125
0.16072
0.349359
0.266017
0.659375
0.0058852
0.350141
0.164169
0.838689
0.302378
0.450457
0.838763
0.157083
0.935621
0.766867
0.953929
0.243993
0.396511
0.400959
0.735543
0.0895125
0.307335
0.208765
0.556898
0.355006
0.326962
0.756094
0.610679
0.264175
0.224372
0.623835
0.20631
0.988624
0.409575
0.727308
0.73172
0.941998
0.711
0.81371
0.818608
0.896756
0.688398
0.801719
0.750258
0.33763
0.270333
0.127332
0.650971
0.965851
0.00532295
0.759989
0.496177
0.768184
0.715687
0.053045
0.482286
0.564855
0.843168
0.0926557
0.795344
0.450416
0.275384
0.709141
0.317554
0.0416165
0.942189
0.814883
0.31073
0.946347
0.97098
0.232832
0.615734
0.367715
0.690038
0.679662
0.406976
0.257313
0.268943
0.067668
0.041023
0.931742
0.28515
0.789439
0.0383921
0.56646
0.00575969
0.149389
0.73758
0.481006
0.673575
0.606193
0.660398
0.629674
0.586482
0.990211
0.127677
0.211688
0.25924
0.359937
0.164394
0.814951
0.456717
0.661558
0.233297
0.0074235
0.387659
0.855669
0.836079
0.790197
0.848041
0.675222
0.521167
0.826326
0.603066
0.678753
0.337196
0.859475
0.796869
0.762969
0.27122
0.236452
0.679002
0.79874
0.710725
0.947684
0.436745
0.554575
0.468512
0.0996979
0.422323
0.571627
0.409505
0.233675
0.564077
0.154306
0.218556
0.404135
0.250661
0.140551
0.348298
0.43181
0.477317
0.615831
0.686114
0.244785
0.543309
0.234926
0.97929
0.72195
0.089559
0.315573
0.557406
0.952834
0.765555
0.36801
0.391029
0.327889
0.314598
0.224503
0.0257746
0.373275
0.366443
0.432913
0.430799
0.744219
0.726405
0.0783603
0.300775
0.291001
0.449981
0.697049
0.850434
0.611638
0.492059
0.446323
0.640709
0.00532373
0.219779
0.19501
0.475571
0.240689
0.578097
0.698107
0.908593
0.052939
0.197129
0.519894
0.398332
0.783943
0.230319
0.869507
0.651564
0.0793233
0.212521
0.0130617
0.193456
0.0566171
0.72702
0.426371
0.703725
0.858571
0.170596
0.35233
0.157857
0.00562672
0.40566
0.927019
0.312429
0.461668
0.588539
0.538607
0.573628
0.827081
0.962978
0.583092
0.787993
0.573203
0.907905
0.280964
0.994476
0.732211
0.0285387
0.71884
0.676858
0.956517
0.579888
0.78014
0.555601
0.361739
0.0117143
0.128856
0.458185
0.0672913
0.924019
0.910492
0.307005
0.848683
0.22211
0.334231
0.763881
0.815566
0.760316
0.800376
0.570246
0.529601
0.263421
0.737163
0.122075
0.476208
0.814856
0.810968
0.318623
0.304265
0.700735
0.673997
0.22402
0.747806
0.89879
0.91352
0.580804
0.643789
0.00125936
0.366695
0.714439
0.960006
0.860803
0.465062
0.867888
0.247174
0.748501
0.772759
0.505306
0.429291
0.313001
0.382529
0.623905
0.346308
0.129872
0.333576
0.613066
0.963185
0.130238
0.715334
0.699753
0.659391
0.697737
0.621213
0.519292
0.512908
0.722886
0.616378
0.850579
0.992807
0.4039
0.88364
0.054779
0.974457
0.0830374
0.711494
0.256583
0.491426
0.907527
0.488398
0.807074
0.138136
0.604144
0.86733
0.0672767
0.537347
0.156501
0.264699
0.0514475
0.786512
0.674099
0.35767
0.969167
0.297082
0.242226
0.743964
0.2053
0.940817
0.0417482
0.428194
0.776883
0.917167
0.527858
0.298804
0.806004
0.255784
0.956851
0.259672
0.0477373
0.368224
0.049979
0.180433
0.0121895
0.562918
0.0834632
0.329598
0.71973
0.937448
0.193704
0.454517
0.62846
0.562214
0.186773
0.17226
0.772983
0.369542
0.641233
0.835469
0.653549
0.662299
0.593361
0.53725
0.914618
0.656079
0.59383
0.41917
0.35192
0.969021
0.424909
0.946408
0.287067
0.473315
0.267252
0.314139
0.848788
0.422476
0.605337
0.649206
0.199827
0.268425
0.660604
0.171134
0.248599
0.0824632
0.641383
0.976569
0.884641
0.994184
0.598638
0.611186
0.27693
0.56239
0.176623
0.0931334
0.274132
0.492088
0.0474878
0.552084
0.445838
0.611604
0.318917
0.147943
0.803859
0.523906
0.703841
0.433285
0.742636
0.84617
0.741306
0.82358
0.237823
0.451676
0.857549
0.339266
0.842118
0.62808
0.556341
0.283739
0.517398
0.566132
0.527675
0.0213159
0.842213
0.0929011
0.963844
0.519235
0.633715
0.063571
0.871979
0.81776
0.523078
0.325864
0.672116
0.092446
0.523468
0.671163
0.869839
0.472627
0.129633
0.686386
0.0925774
0.2802
0.988169
0.920688
0.278611
0.852749
0.677528
0.281032
0.307845
0.615093
0.636832
0.0707199
0.863426
0.5633
0.782549
0.584915
0.813249
0.825249
0.852103
0.677244
0.900428
0.461779
0.013466
0.211529
0.0317882
0.172516
0.779818
0.812711
0.953443
0.0704166
0.76831
0.831029
0.602518
0.189099
0.34201
0.933527
0.924088
0.887032
0.674095
0.236935
0.442382
0.812629
0.273339
0.395992
0.375324
0.594322
0.509974
0.561286
0.581476
0.919673
0.180974
0.620656
0.128433
0.167586
0.653835
0.638227
0.771751
0.257681
0.627904
0.905136
0.133448
0.880894
0.0523291
0.516028
0.86916
0.775366
0.239686
0.88535
0.613007
0.211684
0.714343
0.11755
0.989228
0.351528
0.834636
0.6452
0.479653
0.643805
0.727904
0.0491424
0.436073
0.92231
0.577455
0.474692
0.0265694
0.368995
0.800524
0.557979
0.404862
0.00689567
0.156288
0.276486
0.891751
0.886791
0.322985
0.637834
0.457697
0.631641
0.983229
0.620895
0.295615
0.502885
0.956553
0.283288
0.772945
0.652647
0.418258
0.44931
0.552047
0.725914
0.743636
0.892384
0.168006
0.476764
0.0166113
0.42607
0.852887
0.562682
0.741881
0.817709
0.895516
0.181045
0.799603
0.938766
0.32585
0.711831
0.181705
0.0659206
0.212987
0.0306193
0.548869
0.746986
0.36589
0.655937
0.147261
0.145706
0.725885
0.395022
0.124059
0.279494
0.239992
0.652056
0.78085
0.0641826
0.50415
0.0629456
0.803957
0.579844
0.965411
0.620694
0.010758
0.471734
0.972145
0.955442
0.651051
0.900442
0.461342
0.933228
0.802546
0.955285
0.57205
0.237549
0.899528
0.945033
0.974031
0.0977543
0.933764
0.480009
0.200688
0.828368
0.366714
0.759635
0.775323
0.343378
0.292108
0.979484
0.419795
0.309567
0.88795
0.271904
0.134643
0.102941
0.697016
0.094271
0.439721
0.232328
0.774903
0.478939
0.564425
0.394189
0.244699
0.0589444
0.87657
0.822733
0.297321
0.283529
0.338966
0.0993682
0.176611
0.73755
0.282781
0.0855793
0.188216
0.978827
0.286726
0.143269
0.271353
0.807505
0.451144
0.306644
0.172489
0.381473
0.856061
0.569701
0.760021
0.0919329
0.492252
0.953375
0.519
0.613145
0.454399
0.51641
0.764985
0.040441
0.685393
0.974026
0.616061
0.530554
0.0608471
0.0884269
0.26211
0.358328
0.10288
0.495228
0.570377
0.803875
0.112238
0.129859
0.566411
0.784235
0.00781234
0.917998
0.829422
0.643611
0.662617
0.894117
0.341148
0.016231
0.0252862
0.412181
0.827252
0.175904
0.816163
0.612579
0.130358
0.786338
0.0870306
0.809339
0.653752
0.466271
0.433552
0.961694
0.414826
0.0834906
0.149488
0.894066
0.747331
0.19179
0.111746
0.428519
0.191488
0.524937
0.685329
0.0937528
0.611039
0.961712
0.437238
0.574698
0.0762766
0.876074
0.948408
0.566775
0.552137
0.286523
0.512718
0.198876
0.930404
0.718721
0.012154
0.689135
0.445095
0.19543
0.757183
0.397551
0.0100819
0.267833
0.581397
0.939523
0.518027
0.502296
0.979489
0.524362
0.639674
0.336646
0.577635
0.182836
0.162573
0.720005
0.725329
0.047821
0.408295
0.450268
0.497741
0.352114
0.767205
0.623267
0.897663
0.307471
0.889841
0.107699
0.5461
0.52893
0.573982
0.459864
0.650571
0.168492
0.886455
0.192296
0.540187
0.422208
0.558738
0.810327
0.556554
0.574742
0.19544
0.530668
0.589587
0.245479
0.334703
0.0960527
0.0472696
0.000227286
0.899598
0.600015
0.548447
0.992583
0.0795727
0.735863
0.127701
0.799026
0.181016
0.383903
0.241367
0.111797
0.486003
0.950993
0.363769
0.453632
0.65828
0.376471
0.462726
0.578407
0.735552
0.218526
0.143382
0.721752
0.247137
0.735084
0.749452
0.365717
0.496053
0.373255
0.210914
0.681525
0.544587
0.581418
0.927225
0.314496
0.942428
0.357995
0.475133
0.675193
0.736412
0.450986
0.430117
0.400859
0.80094
0.62232
0.0905589
0.151199
0.0281506
0.891093
0.393669
0.402587
0.41688
0.169745
0.812261
0.40473
0.599502
0.207245
0.521412
0.963889
0.845689
0.253346
0.624092
0.21669
0.0821684
0.357974
0.724813
0.0585965
0.967528
0.71981
0.640361
0.391118
0.561141
0.998123
0.536676
0.851794
0.625271
0.00193377
0.280945
0.191039
0.0994147
0.670549
0.297962
0.959892
0.78595
0.759549
0.719832
0.672752
0.786149
0.146276
0.11806
0.109138
0.725624
0.168893
0.607111
0.918561
0.308258
0.91308
0.608487
0.192556
0.237697
0.860413
0.0643898
0.167935
0.0454477
0.812514
0.390033
0.725335
0.864666
0.505008
0.953659
0.847111
0.688678
0.82537
0.373337
0.698647
0.153309
0.0487104
0.419586
0.497137
0.382077
0.00557409
0.812904
0.831909
0.933313
0.595802
0.705252
0.600346
0.388279
0.562528
0.134559
0.223474
0.619331
0.940371
0.241322
0.30527
0.277209
0.0918793
0.536337
0.399766
0.536491
0.746302
0.00865804
0.0499945
0.638304
0.954735
0.362813
0.762853
0.269327
0.375712
0.174364
0.0839454
0.316166
0.805309
0.252865
0.436453
0.0341566
0.36581
0.00127165
0.888119
0.169657
0.267009
0.0608828
0.51038
0.0748957
0.554207
0.0308615
0.493743
0.354433
0.756962
0.551405
0.683428
0.082307
0.85266
0.539625
0.699383
0.128912
0.458971
0.867199
0.304692
0.636689
0.669247
0.268859
0.186477
0.183678
0.444922
0.770776
0.813324
0.674
0.978991
0.427904
0.533317
0.49433
0.944612
0.659347
0.576733
0.975424
0.0429087
0.970814
0.127461
0.697761
0.764027
0.353213
0.127214
0.680367
0.775509
0.146467
0.976585
0.991877
0.852054
0.657591
0.797022
0.822901
0.760719
0.322112
0.417774
0.558756
0.0156284
0.697883
0.751879
0.891632
0.916254
0.0803566
0.725248
0.511239
0.783321
0.0283809
0.422918
0.413018
0.806421
0.589584
0.616525
0.362964
0.417363
0.514402
0.33707
0.558121
0.603363
0.247818
0.657029
0.0218341
0.0741039
0.987874
0.345883
0.772789
0.69674
0.600018
0.563121
0.306926
0.112914
0.676347
0.252778
0.431285
0.951842
0.528814
0.403582
0.988833
0.553521
0.405449
0.838751
0.513353
0.616149
0.718678
0.699527
0.353445
0.681781
0.574776
0.286497
0.304711
0.874322
0.393538
0.422755
0.289172
0.803891
0.907221
0.00299064
0.120997
0.0516333
0.32782
0.89254
0.897596
0.14904
0.971741
0.840488
0.0551385
0.465834
0.130935
0.570858
0.627569
0.920492
0.479557
0.715975
0.748168
0.927458
0.805203
0.756049
0.932742
0.495114
0.353802
0.629049
0.183475
0.888568
0.577212
0.174924
0.452538
0.771332
0.572593
0.0782415
0.50449
0.239932
0.00261208
0.4733
0.716554
0.665536
0.785549
0.875776
0.855813
0.756643
0.344356
0.604979
0.372408
0.756912
0.703747
0.360763
0.247777
0.192174
0.224366
0.119165
0.937021
0.0807165
0.26311
0.0108333
0.444445
0.0208703
0.548649
0.346308
0.0713354
0.0699911
0.561237
0.45221
0.875051
0.828879
0.70584
0.482405
0.378471
0.645707
0.567671
0.868215
0.568876
0.353519
0.0391862
0.571717
0.725321
0.455355
0.607598
0.806217
0.113558
0.171082
0.591975
0.387939
0.087582
0.259968
0.618992
0.383012
0.636846
0.033082
0.126387
0.213801
0.918225
0.46958
0.183192
0.888649
0.811783
0.850927
0.415798
0.519105
0.0394005
0.827131
0.328919
0.78868
0.885338
0.329043
0.810513
0.537208
0.0577837
0.240797
0.109729
0.124866
0.730463
0.246428
0.076937
0.739929
0.303356
0.764768
0.954904
0.314301
0.921599
0.386642
0.510186
0.210907
0.291624
0.728458
0.793782
0.34699
0.833607
0.116239
0.320134
0.917389
0.709277
0.0141552
0.953518
0.381852
0.764153
0.611636
0.290898
0.880454
0.92328
0.483105
0.830298
0.74117
0.0795101
0.734416
0.713762
0.243682
0.013406
0.550039
0.333967
0.303469
0.383818
0.555073
0.593534
0.240252
0.328207
0.906132
0.106119
0.294845
0.711766
0.525187
0.128343
0.0584871
0.564417
0.390402
0.511607
0.478714
0.744721
0.29805
0.462879
0.605825
0.369799
0.00954995
0.403497
0.744015
0.0502882
0.197712
0.71506
0.171236
0.469427
0.106228
0.661462
0.0918388
0.345313
0.336483
0.276143
0.986075
0.315404
0.675756
0.503606
0.0205019
0.78232
0.380855
0.384274
0.683372
0.260018
0.831267
0.571737
0.309053
0.259386
0.965873
0.971469
0.655555
0.252338
0.417295
0.790061
0.199218
0.753455
0.757942
0.78404
0.310621
0.0582462
0.771801
0.997334
0.975786
0.677088
0.166067
0.776452
0.226731
0.00390374
0.636631
0.352432
0.945429
0.258649
0.701534
0.778623
0.205255
0.242661
0.216414
0.513371
0.813959
0.945936
0.986028
0.436656
0.222247
0.545402
0.385905
0.58976
0.462024
0.833238
0.408189
0.427013
0.278359
0.614322
0.0457501
0.868692
0.119242
0.111839
0.428601
0.944126
0.147193
0.920151
0.626706
0.314074
0.936774
0.543953
0.533228
0.461441
0.0220925
0.0628087
0.742284
0.839388
0.958328
0.960104
0.835275
0.765905
0.0613679
0.6555
0.989838
0.353903
0.489606
0.779935
0.3255
0.265891
0.831961
0.732244
0.900087
0.582308
0.866191
0.556459
0.770951
0.572553
0.651548
0.678846
0.0350788
0.657796
0.619862
0.54375
0.262149
0.354624
0.829079
0.687304
0.234588
0.488578
0.0433568
0.288065
0.408706
0.466656
0.803752
0.73365
0.0109527
0.897836
0.153567
0.242409
0.183379
0.350686
0.182432
0.0792352
0.0923464
0.537116
0.0531684
0.404534
0.414562
0.711349
0.675502
0.295449
0.114492
0.573154
0.690696
0.978379
0.927219
0.464425
0.93115
0.811872
0.46081
0.148145
0.0190485
0.0589419
0.332249
0.958824
0.268098
0.987876
0.251005
0.613446
0.552437
0.340598
0.464291
0.472009
0.306766
0.70765
0.478087
0.536713
0.321767
0.848846
0.46797
0.978854
0.498875
0.498673
0.293838
0.482488
0.22846
0.695496
0.532572
0.193941
0.555485
0.173621
0.442707
0.566206
0.796708
0.857299
0.275168
0.8873
0.773474
0.995709
0.844146
0.781654
0.324177
0.978005
0.772162
0.473574
0.260449
0.367473
0.323388
0.101861
0.431132
0.193868
0.239291
0.874634
0.0581039
0.0429921
0.490655
0.353428
0.00801466
0.982579
0.36005
0.655625
0.164003
0.863541
0.768806
0.864289
0.561446
0.0356463
0.26256
0.434451
0.451811
0.0166878
0.569427
0.884922
0.958675
0.154205
0.144876
0.564695
0.489959
0.818824
0.617353
0.782984
0.570462
0.168271
0.54873
0.0919827
0.258742
0.021134
0.423629
0.0113916
0.812401
0.879424
0.281704
0.983778
0.765863
0.639002
0.90691
0.849839
0.0846734
0.0269379
0.987858
0.632618
0.560409
0.304857
0.163296
0.91975
0.110247
0.277341
0.366779
0.632785
0.145262
0.144451
0.384607
0.472667
0.67151
0.237418
0.0410728
0.830416
0.287958
0.176585
0.925095
0.452085
0.745338
0.490646
0.0722981
0.647052
0.229968
0.236258
0.516592
0.328711
0.0366087
0.657072
0.125332
0.676621
0.794432
0.421267
0.632097
0.709174
0.91014
0.476625
0.281175
0.55586
0.392321
0.0622361
0.997797
0.718162
0.72108
0.915867
0.498194
0.108178
0.927038
0.216086
0.253534
0.154002
0.543724
0.29818
0.721804
0.760949
0.597459
0.682943
0.761699
0.417675
0.298772
0.457392
0.642583
0.236251
0.599411
0.546477
0.564572
0.215271
0.279029
0.91484
0.102828
0.515035
0.725584
0.237692
0.490093
0.0338818
0.0735342
0.0798715
0.151551
0.0747364
0.863883
0.122139
0.406074
0.390924
0.890134
0.47378
0.747904
0.400323
0.394222
0.610574
0.62285
0.856912
0.276487
0.977184
0.113049
0.768779
0.483744
0.793053
0.444363
0.851654
0.239516
0.100837
0.730465
0.307026
0.280494
0.596465
0.867687
0.213902
0.763285
0.279877
0.994687
0.323286
0.00551207
0.465498
0.430991
0.544422
0.725323
0.19152
0.50849
0.911877
0.94338
0.567049
0.209934
0.322517
0.211383
0.0961806
0.0285035
0.831448
0.331195
0.518066
0.962505
0.795974
0.228634
0.202035
0.0592685
0.656649
0.145984
0.636831
0.422295
0.644462
0.8173
0.0530252
0.0957295
0.203247
0.790559
0.717677
0.74021
0.416354
0.560726
0.940293
0.514165
0.226666
0.677801
0.32915
0.074617
0.738999
0.49389
0.337057
0.111554
0.393978
0.713392
0.635596
0.329935
0.302422
0.410343
0.356926
0.293385
0.529322
0.676979
0.742199
0.0436541
0.616464
0.5676
0.235651
0.909892
0.132764
0.501773
0.563446
0.421801
0.541367
0.790956
0.836309
0.740741
0.172595
0.452591
0.215038
0.522834
0.59178
0.975744
0.177932
0.628144
0.151066
0.202333
0.929228
0.589984
0.0142244
0.988033
0.987569
0.258418
0.443562
0.806895
0.493609
0.532024
0.637975
0.96376
0.275785
0.591971
0.911208
0.578523
0.213331
0.552482
0.499393
0.00630277
0.935602
0.941739
0.786918
0.857601
0.396756
0.927294
0.239694
0.282484
0.364872
0.700051
0.834883
0.682879
0.364554
0.930882
0.276148
0.517021
0.112092
0.713932
0.783488
0.360138
0.982235
0.910686
0.746721
0.885409
0.545651
0.30885
0.031676
0.929289
0.716117
0.510121
0.228157
0.305237
0.546522
0.960893
0.628743
0.529918
0.212732
0.0399773
0.227489
0.125953
0.224385
0.617387
0.527575
0.665258
0.401675
0.998257
0.446996
0.217056
0.657193
0.665953
0.111319
0.364606
0.12188
0.738446
0.822596
0.454727
0.654167
0.551997
0.99349
0.244172
0.271342
0.28623
0.335668
0.606907
0.542238
0.0446441
0.0915264
0.466376
0.480273
0.304638
0.598324
0.616798
0.975925
0.151101
0.973766
0.597566
0.307697
0.207632
0.212112
0.284811
0.770639
0.679464
0.479873
0.364188
0.961481
0.422131
0.900153
0.348953
0.759445
0.449965
0.614699
0.307387
0.541805
0.79847
0.412725
0.963641
0.673241
0.154644
0.715575
0.336046
0.808068
0.169302
0.206275
0.576968
0.0443872
0.865474
0.893052
0.178263
0.469232
0.0569316
0.895874
0.206392
0.133768
0.190911
0.745072
0.731266
0.997605
0.529091
0.481111
0.112873
0.881294
0.0808907
0.344574
0.309765
0.96606
0.203151
0.345415
0.873444
0.879839
0.280256
0.500546
0.792741
0.908689
0.398768
0.0288272
0.852218
0.372615
0.430625
0.292509
0.668676
0.704901
0.438974
0.774202
0.0698312
0.273985
0.820698
0.878435
0.97921
0.486953
0.0996974
0.84685
0.471333
0.213715
0.784997
0.576116
0.161253
0.070917
0.207726
0.627612
0.592502
0.604661
0.75105
0.217949
0.787518
0.911089
0.387106
0.479381
0.624604
0.733894
0.935006
0.779184
0.205498
0.577831
0.953976
0.387052
0.87759
0.877265
0.685688
0.279585
0.0748842
0.758856
0.959845
0.370915
0.641729
0.437403
0.477092
0.958548
0.803416
0.783944
0.383301
0.67348
0.447678
0.105153
0.54931
0.723643
0.88117
0.673102
0.47016
0.71975
0.724989
0.0444555
0.197904
0.872603
0.113289
0.708154
0.222053
0.850918
0.85906
0.100654
0.711707
0.0887425
0.751142
0.527777
0.0334514
0.831511
0.646512
0.0322481
0.959067
0.709821
0.521934
0.745966
0.477125
0.129969
0.149014
0.766083
0.622527
0.270337
0.556737
0.0939467
0.238045
0.97266
0.945538
0.675973
0.0819429
0.317266
0.216974
0.0855124
0.195717
0.171333
0.78306
0.884764
0.946039
0.49923
0.819329
0.205812
0.654955
0.724011
0.625686
0.589835
0.2324
0.92911
0.259102
0.623565
0.725098
0.189319
0.102231
0.412037
0.195902
0.820092
0.531996
0.426721
0.847651
0.83425
0.352219
0.768067
0.805579
0.395149
0.154346
0.381552
0.472377
0.555367
0.270336
0.26628
0.869928
0.0699715
0.481782
0.215187
0.881819
0.573446
0.149309
0.125943
0.810655
0.909318
0.926334
0.421577
0.164264
0.901557
0.721228
0.61992
0.0848486
0.356817
0.0719666
0.590905
0.335136
0.586572
0.597305
0.540799
0.255605
0.238204
0.688562
0.262429
0.60684
0.724129
0.106067
0.690454
0.711079
0.0379895
0.644328
0.300763
0.807028
0.247014
0.529993
0.393045
0.031977
0.44957
0.716657
0.795599
0.945317
0.486997
0.740585
0.0314576
0.00748726
0.198776
0.30141
0.484862
0.928436
0.510092
0.231871
0.607179
0.299649
0.140858
0.0206463
0.701302
0.42381
0.225265
0.552356
0.323608
0.756156
0.630909
0.228787
0.842529
0.871587
0.266573
0.135404
0.192807
0.3716
0.167719
0.417218
0.364483
0.645098
0.648743
0.528058
0.665693
0.89715
0.311079
0.517329
0.298335
0.359755
0.196188
0.0182981
0.285657
0.0986723
0.872514
0.10199
0.29084
0.33039
0.745461
0.660739
0.365633
0.663282
0.379454
0.485468
0.168109
0.177027
0.121146
0.700761
0.688593
0.75434
0.812843
0.721776
0.0228362
0.579094
0.885187
0.397083
0.23149
0.214879
0.618189
0.501465
0.824952
0.178071
0.859652
0.24277
0.912632
0.419473
0.99005
0.94685
0.555717
0.628579
0.42294
0.584677
0.36249
0.774543
0.42995
0.305674
0.865256
0.797899
0.579419
0.641336
0.717958
0.867101
0.577745
0.54321
0.253525
0.113941
0.802507
0.919275
0.440032
0.261925
0.31642
0.832805
0.774719
0.0616354
0.651188
0.0277729
0.154942
0.947182
0.150319
0.944849
0.265116
0.827773
0.159962
0.892062
0.518709
0.428482
0.856823
0.534195
0.094358
0.0942786
0.00224001
0.364957
0.105152
0.471368
0.411456
0.326013
0.440173
0.979923
0.427173
0.236926
0.317321
0.49225
0.186435
0.200072
0.0865269
0.130471
0.969914
0.644599
0.322374
0.597768
0.422652
0.173475
0.745224
0.957267
0.935326
0.877715
0.0098902
0.272604
0.9751
0.281818
0.900932
0.0242611
0.655121
0.584504
0.973621
0.715716
0.33173
0.358794
0.179657
0.583469
0.518438
0.375509
0.516678
0.825026
0.905748
0.714235
0.240647
0.258872
0.775861
0.825842
0.680157
0.830533
0.601353
0.710585
0.191736
0.878752
0.116871
0.875883
0.295201
0.575871
0.652908
0.237816
0.528128
0.456466
0.0207371
0.630411
0.0585037
0.4483
0.737546
0.0867804
0.594615
0.319658
0.880848
0.556174
0.631244
0.957134
0.361224
0.221002
0.571232
0.387909
0.902473
0.0779011
0.761464
0.960614
0.518204
0.9469
0.982355
0.598818
0.77397
0.572745
0.42988
0.54121
0.623974
0.982455
0.729229
0.482536
0.111426
0.763165
0.0191331
0.529362
0.721612
0.424313
0.645939
0.884716
0.676733
0.508251
0.50648
0.675666
0.96158
0.613321
0.578818
0.837919
0.369106
0.993478
0.679915
0.471483
0.35496
0.898507
0.989289
0.581452
0.990038
0.318906
0.377734
0.618002
0.800127
0.299494
0.0801467
0.729633
0.781688
0.485808
0.751537
0.143731
0.382858
0.0673509
0.445279
0.588514
0.738713
0.781747
0.552664
0.170422
0.94988
0.143884
0.242822
0.621018
0.693531
0.564079
0.44207
0.327446
0.955853
0.519361
0.891754
0.0605367
0.175026
0.441902
0.32364
0.814594
0.583795
0.48868
0.291928
0.672946
0.0406889
0.856436
0.700938
0.113317
0.138942
0.805968
0.567542
0.667073
0.882198
0.0598503
0.057396
0.346416
0.716041
0.737621
0.334043
0.75359
0.204431
0.492514
0.259938
0.286147
0.140091
0.013782
0.488473
0.352354
0.377923
0.558695
0.986045
0.0107868
0.180509
0.678255
0.52325
0.948183
0.364755
0.800698
0.174253
0.209619
0.0387464
0.836856
0.363391
0.595061
0.217882
0.471425
0.498094
0.136367
0.109331
0.304207
0.727161
0.568792
0.353902
0.505395
0.863469
0.211062
0.014356
0.148956
0.0101739
0.168084
0.599257
0.88818
0.929462
0.270346
0.911398
0.137448
0.692922
0.664076
0.00987544
0.424295
0.652591
0.466217
0.0748797
0.0758218
0.271746
0.398294
0.46425
0.903516
0.854495
0.813208
0.750868
0.0505548
0.713239
0.0290551
0.0299533
0.665639
0.813059
0.384003
0.285308
0.567436
0.432094
0.926302
0.103594
0.563675
0.876978
0.153496
0.525692
0.588982
0.792385
0.714878
0.324205
0.325485
0.103759
0.49128
0.496176
0.470288
0.132285
0.966233
0.260074
0.313846
0.921156
0.302579
0.34612
0.79332
0.312222
0.0385821
0.869007
0.684969
0.812047
0.817617
0.57208
0.0996404
0.786477
0.0654831
0.732037
0.945433
0.0227464
0.0294187
0.513223
0.52157
0.198212
0.0928655
0.0605599
0.907577
0.294756
0.780058
0.120194
0.311794
0.497941
0.36449
0.476914
0.0433172
0.619954
0.495332
0.997406
0.2714
0.585435
0.755848
0.5684
0.236407
0.0192182
0.567885
0.718782
0.0763547
0.475071
0.356498
0.214729
0.933129
0.34449
0.388759
0.416923
0.502418
0.984607
0.200838
0.688919
0.691435
0.104276
0.0273881
0.645719
0.548496
0.947405
0.147321
0.53162
0.128509
0.312584
0.560028
0.516396
0.458432
0.948088
0.9061
0.198879
0.266782
0.3613
0.0466254
0.107
0.64123
0.581634
0.215115
0.48335
0.278373
0.916002
0.156121
0.145325
0.489721
0.235906
0.164617
0.708926
0.627977
0.835206
0.440193
0.965262
0.0976662
0.397624
0.670133
0.698826
0.614181
0.113061
0.255438
0.736609
0.875295
0.481769
0.0938589
0.517107
0.309225
0.845467
0.333989
0.968295
0.0632834
0.184429
0.0145007
0.983616
0.897199
0.219644
0.0025673
0.28506
0.145166
0.359079
0.145546
0.962386
0.410673
0.52713
0.0499792
0.47756
0.158192
0.416304
0.401977
0.423459
0.86577
0.200218
0.243044
0.825917
0.90261
0.246951
0.115417
0.278158
0.795673
0.871834
0.490963
0.696703
0.049399
0.668726
0.397719
0.987785
0.182573
0.458848
0.658122
0.413363
0.146432
0.396226
0.652991
0.945767
0.78805
0.268824
0.0253383
0.400073
0.523077
0.534406
0.238053
0.633231
0.881894
0.13021
0.399536
0.59904
0.0932368
0.595487
0.271339
0.54802
0.369365
0.545964
0.871869
0.161236
0.0568266
0.0393034
0.590232
0.907151
0.316888
0.870614
0.224269
0.410567
0.499688
0.337078
0.856842
0.122702
0.876185
0.510759
0.984447
0.0814896
0.891943
0.558647
0.812209
0.0511414
0.606847
0.14901
0.129316
0.830052
0.484779
0.483113
0.678962
0.0160942
0.197343
0.991363
0.436863
0.0183815
0.605682
0.232944
0.712398
0.604547
0.584465
0.0380121
0.486452
0.772608
0.852096
0.431499
0.900008
0.236486
0.47121
0.377601
0.307567
0.314223
0.183526
0.884002
0.80944
0.507981
0.243103
0.504909
0.676994
0.564873
0.912081
0.781946
0.584897
0.307694
0.282955
0.66198
0.0644373
0.0246035
0.591448
0.430939
0.0919723
0.706841
0.684056
0.202682
0.226573
0.923521
0.804306
0.501985
0.210924
0.622576
0.361812
0.980709
0.449545
0.64691
0.848179
0.806204
0.278389
0.254825
0.563816
0.76102
0.439892
0.433779
0.319728
0.592985
0.677526
0.296547
0.77835
0.654711
0.863919
0.348841
0.597473
0.371587
0.576609
0.917444
0.0413396
0.577333
0.535497
0.527942
0.222962
0.256164
0.816047
0.521094
0.641731
0.730639
0.252312
0.696918
0.180372
0.83424
0.943844
0.275539
0.225315
0.107772
0.28054
0.963891
0.074545
0.558611
0.399504
0.417294
0.296983
0.0218932
0.487968
0.885007
0.207471
0.662691
0.84636
0.328801
0.121424
0.658242
0.125547
0.803606
0.553199
0.599295
0.652354
0.389324
0.0222599
0.649637
0.257386
0.462833
0.631188
0.00285704
0.519244
0.599277
0.0796115
0.675417
0.83918
0.891685
0.2781
0.175086
0.260257
0.977986
0.226111
0.0838108
0.445083
0.564493
0.318024
0.0940632
0.726172
0.734897
0.741347
0.537757
0.643007
0.833852
0.131142
0.946769
0.879846
0.214214
0.144746
0.684148
0.0183665
0.636973
0.120831
0.185057
0.0191732
0.61298
0.486894
0.846523
0.846262
0.475484
0.0792027
0.105057
0.148487
0.472592
0.0392968
0.741191
0.412094
0.668665
0.451079
0.950022
0.498393
0.943755
0.382573
0.216794
0.980619
0.880117
0.496409
0.536609
0.194048
0.824873
0.893089
0.017308
0.413441
0.917879
0.351118
0.404598
0.0718638
0.373876
0.62803
0.56848
0.434947
0.807966
0.986402
0.490048
0.644664
0.89349
0.608905
0.787706
0.546668
0.141363
0.0664485
0.321892
0.215266
0.0899358
0.503497
0.91734
0.590087
0.694439
0.704606
0.74197
0.138504
0.205075
0.706246
0.381449
0.957882
0.322816
0.117983
0.148497
0.231696
0.921983
0.817065
0.665996
0.453606
0.128655
0.180489
0.262968
0.333534
0.0439723
0.518604
0.222472
0.799806
0.901404
0.874313
0.420505
0.0114308
0.947038
0.851942
0.394951
0.794574
0.831957
0.639833
0.383639
0.417284
0.805756
0.890723
0.370597
0.116544
0.500276
0.623975
0.679526
0.291696
0.592607
0.813724
0.153599
0.77832
0.136429
0.826997
0.460607
0.116614
0.850745
0.375867
0.562549
0.228345
0.15508
0.147717
0.888701
0.416427
0.240199
0.777659
0.251249
0.101204
0.963411
0.327181
0.0425345
0.207479
0.857517
0.933083
0.752971
0.616369
0.0424781
0.790762
0.348716
0.596039
0.328842
0.135912
0.548135
0.625379
0.302014
0.388698
0.536138
0.524694
0.676427
0.12447
0.155442
0.307455
0.708661
0.035074
0.113823
0.66719
0.958594
0.54483
0.246431
0.513559
0.18764
0.245232
0.372206
0.471701
0.68312
0.812442
0.783487
0.758884
0.797865
0.571626
0.907852
0.352547
0.994068
0.372209
0.181271
0.863784
0.180489
0.938108
0.671614
0.030335
0.63205
0.356994
0.4916
0.243144
0.280888
0.872661
0.540226
0.0205525
0.667936
0.644562
0.611759
0.844184
0.344084
0.638558
0.411337
0.270587
0.00999128
0.312969
0.516253
0.732699
0.183605
0.263965
0.821979
0.945189
0.684455
0.494378
0.511992
0.327746
0.723781
0.469983
0.0904706
0.360372
0.889558
0.627322
0.516917
0.284753
0.815482
0.497124
0.981768
0.0657463
0.822976
0.107394
0.362066
0.0270801
0.325286
0.830223
0.896241
0.0752946
0.282719
0.336387
0.117073
0.926012
0.498093
0.821795
0.581895
0.246584
0.041462
0.169858
0.439102
0.129185
0.59317
0.21382
0.370025
0.808413
0.99431
0.763141
0.945231
0.0374565
0.793637
0.557972
0.934315
0.0368992
0.0800034
0.815793
0.608254
0.430211
0.389387
0.534283
0.573364
0.0800046
0.975555
0.214473
0.175943
0.239102
0.233449
0.168247
0.0166582
0.930494
0.564334
0.0742664
0.613728
0.970231
0.471786
0.946357
0.753978
0.547335
0.177577
0.178444
0.570823
0.774767
0.546523
0.830082
0.88824
0.125537
0.609346
0.816653
0.869795
0.168001
0.472629
0.168284
0.511783
0.51442
0.904916
0.0215574
0.0195568
0.396837
0.388019
0.508069
0.606082
0.784332
0.922605
0.203902
0.751811
0.455727
0.377107
0.304074
0.464909
0.941793
0.669043
0.186024
0.580921
0.751031
0.567786
0.526198
0.640924
0.793083
0.407868
0.633799
0.387229
0.413831
0.501855
0.165764
0.415709
0.956268
0.541878
0.887025
0.0237993
0.261168
0.778874
0.640123
0.793238
0.0216578
0.268597
0.188239
0.946615
0.405721
0.973466
0.0956914
0.0167815
0.860709
0.0093039
0.30998
0.868196
0.513929
0.826049
0.609428
0.609251
0.0833571
0.611475
0.580484
0.434665
0.712546
0.707009
0.288752
0.936982
0.643794
0.324683
0.307813
0.926251
0.143629
0.35431
0.269891
0.296953
0.594678
0.549921
0.602433
0.981222
0.167974
0.884543
0.614672
0.527441
0.989781
0.362372
0.598216
0.343261
0.216977
0.0774067
0.105749
0.142116
0.935078
0.807608
0.0718882
0.632285
0.292948
0.933634
0.940268
0.987576
0.788271
0.971236
0.460915
0.138688
0.117844
0.50635
0.321967
0.424311
0.506746
0.821974
0.279817
0.641033
0.930457
0.00587027
0.951718
0.0311129
0.143978
0.828169
0.934936
0.247178
0.932027
0.177933
0.416502
0.83292
0.494361
0.347746
0.937622
0.258836
0.380299
0.955376
0.476823
0.052096
