-2.46556
-0.827563
0.126821
-0.707275
-1.06232
-0.675346
-1.15194
0.372894
0.605929
0.00727292
0.613436
0.832051
-1.21012
-2.05481
0.788795
-0.499511
0.645928
8.533
1.93595
-6.49344
0.343391
1.13473
-1.44409
-0.210359
-0.726663
0.381222
0.698017
0.729778
0.255541
-1.09387
1.90494
1.8299
-2.75715
-3.95616
0.122549
0.587073
1.36898
0.77044
-1.30084
-1.65473
-2.44133
2.22305
7.53387
-1.11718
1.70896
11.9939
1.42722
-1.04429
3.38773
-0.347298
0.886971
0.672322
-1.05453
-1.39326
0.637545
-1.43026
2.55742
1.10183
-1.42138
-2.82508
-0.605873
14.9917
1.63269
-2.08614
0.927384
-0.628432
189.356
-2.62721
-0.00275833
0.526725
0.00896006
-0.544758
-8.51168
9.90742
-1.00536
0.675305
-0.641644
2.94195
-0.0742967
2.34727
4.53297
-0.836564
-4.72065
23.3926
-1.6834
0.219173
-2.31735
2.02232
-7.29325
-0.446154
0.0840367
-1.42336
0.315074
2.3056
-0.0312816
-1.55639
-0.00248186
0.112061
-31.7392
-0.313903
-0.873001
0.913514
-1.98636
1.23999
-3.10619
0.719978
5.70319
-0.0103268
0.413356
0.0827333
-3.99229
-0.30762
0.488571
0.23508
6.33332
-4.02416
-2.55033
16.8793
-0.503104
3.51565
-0.287212
0.512045
-0.403718
-0.301862
-1.69595
-0.161281
1.0414
-2.45935
1.12282
4.81693
-0.990016
-0.431169
0.8071
-0.354814
-0.684303
-1.79782
6.60753
-0.125883
0.343641
-0.0953393
-0.187057
-1.83395
0.57819
-0.584166
16.5862
0.250621
-1.20823
1.733
0.461262
-7.64866
-0.190962
0.0561394
0.841854
-15.8872
1.05588
-0.972931
0.853565
0.296659
-0.326828
-2.82714
-2.73987
0.889916
-0.728945
-1.00229
-0.278847
-1.18642
0.276377
-0.186411
0.028175
-0.0572299
-0.890147
-2.06387
0.05371
-4.00696
-0.657633
1.1787
-1.22204
-1.02698
1.12903
-1.63359
-0.274903
-1.64544
-3.78863
1.24822
-2.06761
-0.473311
-0.669552
0.418571
-1.82796
1.57114
-0.446127
0.228612
0.319032
-0.163383
5.38036
14.7263
-1.08336
-0.697989
-0.588032
-1.28869
-0.913013
-2.27272
1.07182
-3.55136
12.0332
2.32048
-0.247668
1.46933
-0.743576
-0.00957273
2.09674
-0.3802
0.282945
4.76955
2.35943
-3.01339
0.244476
-0.515491
0.422827
-3.07331
2.97621
0.372657
-3.46156
0.160504
-2.62183
-1.11872
-0.03398
0.0386797
0.580145
0.0135285
7.63014
23.6715
0.354966
-1.13125
-26.8114
-1.23945
0.380369
0.937674
-9.84421
1.0977
-2.355
0.101061
-0.230236
-0.261413
-5.53911
-0.625871
0.410398
-0.171849
13.2655
1.1743
0.161797
-0.959706
-1.36291
0.863113
1.35923
1140.9
0.637214
-1.75283
-3.42496
-2.17313
-3.02425
1.21847
-0.944897
0.107743
-2.14993
-0.466186
-0.454277
-2.96732
-1.03335
1.54093
-2.15089
0.144444
3.45336
-2.06461
-0.285913
-1.20093
1.34268
-3.33118
0.642256
0.6994
0.552831
1.93683
0.00333324
33.6987
-0.0307879
-0.0119103
1.70658
-3.02075
1.00014
0.249205
-7.55339
1.22646
-1.70215
0.0403002
0.77651
-1.65279
11.2069
-1.5271
2.73584
-0.754621
11.0423
-0.0845397
-113.601
5.42608
-0.191245
-11.0817
-6.75555
-9.28049
-1.7232
-4.40086
-1.10114
5.09795
0.413279
0.0247577
1.19498
1.62765
0.489965
-1.86929
6.36982
0.260738
0.115094
-0.462935
-3.0261
-0.584495
-7.56969
1.37616
1.29098
-3.30607
-5.48237
1.00068
0.698381
0.383927
0.0849289
0.446587
-0.111304
5.34084
-0.246594
-3.02604
-1.47086
0.787461
-1.12483
-0.118396
0.42704
1.33032
1.97798
0.941495
2.50321
-1.20065
-0.609741
-1.95317
0.516044
-19.5141
-0.63946
-0.812187
1.38825
5.04365
0.986718
1.21759
-0.774302
0.578336
-0.0303823
1.46003
-1.04734
-0.0150305
0.249222
-3.49299
-0.969524
-7.84269
1.28406
1.43618
0.421886
-9.33265
-5.13616
-1.73697
0.624949
0.820616
0.409206
2.77375
1.45411
2.90369
-0.815393
-0.176656
-0.0684172
-1.936
1.03544
-0.768794
1.05892
-0.577842
-0.0514733
5.69677
0.420939
1.06333
1.60072
-2.39692
0.55061
-0.922813
-8.8397
1.44015
-0.69078
0.190435
-80.9154
-0.226203
-0.373319
-22.2682
-5.75599
-3.52205
15.1501
-0.652913
1.82461
10.7534
-0.355564
-2.43228
0.580241
1.78212
-0.577276
-1.27963
-1.40974
1.77784
39.362
-2.05933
4.24041
-0.185832
-1.90013
-6.95645
-0.414287
1.31116
-6.35425
-0.083869
-0.423312
-1.01957
-4.29502
7.00491
-0.396775
-0.287861
-6.17387
-1.22743
-1.02057
-0.151523
-1.18883
0.530696
-0.611747
15.3809
0.279152
-4.68012
-0.513862
-0.849478
1.3082
-1.29432
74.4366
-1.57799
-1.14931
-1.36843
0.14667
-0.333765
-0.0719626
-0.648803
0.167004
0.125812
1.408
-1.25152
4.50545
0.596732
1.68201
-2.34973
-0.358309
0.546262
-4.30482
-4.47258
0.401805
-2.67119
0.017711
0.26281
-2.11331
-1.29973
1.3644
-4.5061
-1.18949
-1.73922
-0.273495
-0.908186
1.6272
0.74484
-1.21549
2.01332
3.9062
-1.16455
1.08646
1.36468
-1.89724
-6.35301
3.68773
-0.256445
-1.08976
-0.13401
92.18
0.953881
18.3866
2.15855
-3.79639
-1.66986
-0.237459
2.37145
0.487206
-11.1597
3.09229
0.186999
-1.47378
16.357
0.0756046
0.660206
-5.3363
3.61519
19.0681
-1.14507
-5.85342
-0.824234
-7.42952
5.24022
-5.69829
-0.124629
0.664296
-0.890705
-0.749579
-1.55294
-0.66488
-0.284381
-0.165542
0.106212
2.73912
1.36603
-1.35169
0.359171
-0.0618329
1.24395
-0.0426384
-0.595442
-3.80188
1.96327
45.7006
-0.11404
-2.09195
-3.18348
-1.46028
-0.257222
0.795996
-0.62567
-0.097042
1.42575
0.466671
-0.108414
0.271163
-0.597056
0.616064
0.820074
-4.01537
-4.91251
46.969
-3.87643
1.59857
0.404563
5.09143
0.527291
-0.456641
-0.880592
-0.0206841
-0.0859764
-1.17871
0.09669
-0.556035
-2.20474
1.62931
-0.677741
4.47473
-5.38125
-1.36913
-3.52225
0.040832
0.371971
-1.77133
-1.32864
-0.0683226
6.8024
-3.82846
1.36735
16.2998
1.49399
5.07717
-0.282351
-1.13527
-5
1.779
1.6539
-0.423582
-0.590013
0.363362
-1.94963
-0.422556
-0.180701
0.752754
0.756639
1.49547
-23.0007
104.877
1.0066
-16.1339
5.14189
0.785828
0.250163
-0.179595
-2.9255
-2.79872
-11.9168
0.657777
-3.3651
-3.42365
6.24152
-2.93483
-1.78531
-0.312913
0.593474
-0.288365
-0.615427
0.328957
13.0959
-1.89042
1.04992
-0.253644
0.607657
0.120343
-0.343058
0.99019
-0.900596
-0.168316
5.35041
1.68781
1.12668
-2.25877
-2.34793
2.95153
-1.24409
-0.165651
-0.0477759
2.20839
2.93417
-5.97678
-0.25995
-0.821526
1.99911
0.0280209
2.97671
-1.75025
0.678108
0.589263
0.0261251
4.2618
-1.2087
-0.802457
-1.28775
-25.4907
141.974
-1.10619
0.104713
-0.150851
-0.860168
-0.731291
0.139671
8.79017
-0.283539
2.86986
-0.505918
1.23897
-0.702244
0.55018
-0.190907
2.7023
1.70338
-0.490398
0.453489
1.06822
2.70275
4.14265
10.2619
-0.35387
-7.43873
-1.38221
-1.00964
0.476318
-0.525662
-2.7962
0.380387
0.547744
-0.588738
1.84288
2.58265
0.0330616
1.01924
1.98964
4.61983
0.606642
-2.90026
-2.10607
14.7599
0.252548
-0.181506
0.82181
9.89
1.89506
0.184522
0.544517
3.74864
-0.373151
-5.96558
0.570182
-0.0876065
-7.76379
-0.569503
0.205793
-0.0571038
3.1549
-3.5489
0.456796
2.30316
-91.4642
-1.05138
-1.44652
0.317057
0.07231
-64.4047
-0.604697
-32.6528
-1.59436
9.0459
-1.04197
-0.543479
10.1365
1.67368
-3.91735
0.678461
4.60088
1.56777
0.460458
-1.15849
-3.94311
-0.825754
5.08577
6.39539
-1.66626
0.0626529
-23.4622
1.07161
0.0206935
-0.195825
1.91407
-2.01175
-0.448039
13.1095
2.51387
-0.836687
-0.684935
3.83097
117.109
1.28419
7.19381
-2.85378
-0.297927
-7.41139
-0.194175
0.251873
-0.606845
-1.78702
-1.62943
0.668965
2.57688
0.423734
-2.22227
0.96841
-1.81898
0.790468
-0.940725
-1.31093
1.29775
0.212397
-1.32829
9.22985
-47.3128
-1.25238
-5.1623
1.0807
0.224632
-0.831604
-1.21769
-0.805006
-0.0016085
0.745089
-5.70052
9.03992
57.203
-0.888127
0.2718
-8.35817
-0.0449204
-1.45941
1.019
2.51031
-1.2452
0.308748
0.115705
-1.58542
-0.90478
-2.05587
0.0151971
15.5782
-0.156002
0.395841
-20.1203
-2.50737
16.4418
0.964806
0.763509
-2.28238
-0.635051
-12.9146
-0.165232
-2.931
-2.02224
3.82183
-0.298167
0.316138
1.67518
-2.95884
-0.248435
-3.31792
-0.557595
-2.08241
-0.707181
-4.77414
-126.154
-0.589458
-0.885103
-1.52323
-13.3299
-17.398
-1.99491
0.735397
-1.71623
-1.41859
0.104986
0.16901
0.137299
0.41502
0.134595
-1.17479
2.58716
-0.635924
-0.519921
3.39527
-1.07373
0.487253
-2.10972
-74.3887
0.0431797
1.82609
0.750576
-0.0478704
0.886308
-0.963309
-1.05762
-1.50917
-0.110391
-4.40765
0.431613
0.146275
-0.522862
1.48201
1.21936
1.76143
-6.0934
-0.213589
-1.03586
-0.247828
0.693113
-0.849587
0.896836
-2.8619
-12.7526
0.563983
0.927127
-4.91437
-0.397812
-0.159167
2.78436
-0.200281
0.956386
-0.755045
-1.12672
-2.53807
2.79257
7.38424
-4.98669
1.07059
42.6382
-0.307637
0.126224
0.131209
0.340882
-26.2746
0.558163
1.00673
-0.133031
0.512533
1.80701
0.781194
8.46103
7.33657
0.666866
-3.82899
1.79115
0.194145
-1.19466
-3.53402
1.24572
0.235827
-2.72162
0.787842
0.368031
-2.67393
-1.82241
-0.385308
0.91322
-1.68916
0.581069
-1.35605
-0.140145
0.266484
2.13185
-0.961379
5.04789
-0.198468
-13.3735
-8.07088
-0.722222
0.538962
0.0737786
0.113117
0.902811
-3.71102
-0.431057
284.713
-6.34138
1.77067
-0.0146974
8.25189
0.313085
-1.07932
-0.339445
0.0758321
4.68319
-3.21417
-0.624927
-0.151259
-1.4859
0.432179
0.565479
-2.33569
0.0576302
1.69286
0.733922
2.93351
0.219249
0.13552
-0.36108
1.63017
-0.444603
-4.8617
-0.583454
-0.120327
0.153532
0.123525
0.375444
0.233013
-0.556903
5.68146
0.555311
-0.183197
-1.41272
7.74685
1.18302
1.03723
0.139864
-0.0127336
0.108373
0.35381
-0.0348669
-1.42648
0.655327
0.619589
6.33927
0.548634
0.920524
-3.21539
-2.64985
0.907681
2.64703
-3.96303
0.416818
0.324243
-0.19107
1.51442
-0.250931
21.3892
-0.220948
0.682538
0.482774
-0.803966
0.132705
-0.413908
0.0478767
2.16511
-6.61743
1.31944
0.414291
-0.545308
3.41673
0.153033
0.0166551
-1.83658
0.722848
1.49466
5.18587
-1.52758
0.0474737
-1.06883
3.11295
0.650809
0.156115
4.47665
0.139114
-0.261688
-0.0739966
33.8745
-1.90295
-1.61798
-0.615687
0.860868
-0.0662902
0.0351312
35.0389
-54.7534
-0.51046
41.3041
-4.27412
1.79411
-43.6427
0.957903
-1.68924
0.720249
-6.55445
0.206422
-0.610586
0.492168
-0.308614
-0.223965
1.15602
1.09362
-0.870425
0.46042
0.50563
15.3981
-0.334876
-0.267416
1.77379
1.16208
0.485322
-0.873616
0.340745
2.00822
-1.01871
1.94027
-1.32396
-0.757237
0.597935
0.421638
-3.07676
-1.22692
-0.0372514
-1.2832
8.29575
0.0845967
-1.55079
0.0517631
-2.07783
0.947505
-0.686552
0.494527
0.984754
-0.067928
3.24518
0.893401
32.1747
0.362117
0.263569
0.138717
50.3668
0.487253
-1.37428
-2.00862
0.719381
-0.487326
0.153914
-0.319652
-7.64866
-1.18073
5.33843
0.288906
-4.39707
0.727075
-2.08417
8.26973
-1.76236
2.03047
0.123592
-0.0292063
-77.4896
-0.214295
10.1535
0.400645
-0.0355715
2.35088
-2.48938
-0.698909
-1.13113
-0.70852
4.44214
-2.66001
1.49344
-3.33586
2.0462
0.770149
-0.115479
5.57955
-0.0100911
-0.0979078
-0.63088
-2.55009
-0.25683
0.193092
5.03776
1.42966
0.451775
-1.09307
-1.33465
-1.70393
0.430752
0.511268
-0.513969
-2.24947
-0.42567
45.4915
-1.67115
-0.225358
-1.3616
-1.28487
-1.44893
6.01473
-18.7979
-2.49207
2.1261
4.62306
0.619889
-1.33119
-0.00326727
-5.03222
-10.8199
2.05349
-1.97095
6.79394
-0.0515583
-0.353778
10.9648
-2.53578
0.106854
0.35054
-0.433216
5.0177
-1.87689
-1.86045
0.0480373
0.504924
-0.046611
0.195971
-0.291982
5.4585
0.699606
-2.42153
-1.63333
-1.93867
-0.0613283
0.153162
0.833722
0.364027
-3.90283
0.120901
-0.126508
-1.31152
-1.20035
-1.51529
-1.1601
0.568173
4.70817
-0.268079
-4.09043
0.339133
0.402448
-0.74074
-2.54981
3.78539
-0.612663
-0.0547434
-5.97346
-0.0262006
0.220711
0.33307
0.21027
1.59394
0.889106
2.22974
-0.899453
0.1879
-0.599877
0.642465
-0.688449
0.0802603
-2.10685
0.251532
-0.437645
-1.09881
0.312796
-1.25901
-1.85044
-0.110783
-0.682303
1.09595
-2.95147
3.5019
-1.29393
-0.0458931
-0.339487
-0.0877616
-1.80992
0.842719
-9.12956
-1.45772
-0.0307344
-1.59819
-4.66613
-0.288994
-0.552601
0.741183
0.544631
-1.826
-0.992944
-0.24393
-1.64265
-0.585456
3.42023
-0.0785658
4.31861
0.61868
-0.184097
-2.15388
1.12151
-1.87517
-1.35
0.60249
-1.7822
0.708761
-0.165858
0.412422
5.38281
2.49795
1.52874
3.42079
-0.43026
0.353714
-9.57004
-0.154532
0.801136
-0.744606
1.0141
0.589107
7.12372
0.326876
5.06995
0.341913
1.64427
-0.953311
0.825744
10.5158
1.7096
-6.44974
-2.55264
3.63992
-0.275028
-0.19191
0.219746
1.35905
4.61359
4.3359
0.470952
1.00578
0.349158
0.489907
2.63328
-0.624578
-2.54884
-1.03002
-1.26047
114.209
305.772
0.409268
0.848727
2.4089
-0.0334736
0.0041375
-0.375082
-0.747207
-8.56568
-0.263539
0.0142324
0.771381
-3.8668
-1.69521
-0.413927
0.210933
-0.738645
-1.12554
-8.29349
0.0980251
12.432
-1.35037
0.17606
1.35825
0.570752
1.56923
0.807219
1.39697
1.37156
0.194677
0.291069
-2.61702
-0.29377
-0.301944
1.83198
1.54982
0.437701
1.09396
-1.26444
-2.51566
-1.84343
-2.43522
-2.85786
0.179534
-0.764728
-0.104344
0.54365
-0.00708441
1.16583
11.2041
-1.12958
-0.693089
-6.5527
-5.43626
0.940778
3.38061
-2.43958
-0.705142
0.861606
-4.93543
0.753507
-0.814243
0.249786
-2.02927
0.988133
1.83735
1.7437
0.718162
-2.92577
2.72463
11.4217
0.218752
-0.216583
-1.40033
0.303515
3.25867
-22.6741
-0.758538
-0.2269
1.45115
0.597828
5.26284
-4.67582
3.8546
-0.25757
-0.818331
1.70618
0.980611
-8.29055
-1.70065
0.775916
-47.6502
-1.23182
0.806835
1.06377
1.15981
-0.176766
0.389702
2.84793
0.886976
-0.738233
-0.828553
-0.118715
-0.68989
-0.704959
-0.814875
0.211268
33.6238
-8.7483
-1.07418
-0.091565
0.330301
0.31496
0.213405
-3.80003
1.70243
-1.61785
-1.14942
2.26711
1.49362
1.60942
8.17788
-1.90462
-10.5757
-2.70771
-5.06997
-1.37796
-0.511193
2.19155
-1.09867
12.3182
-0.137376
0.237449
0.215909
-7.6251
-0.0113668
0.92368
-1.84202
-0.0807156
-1.3538
0.745866
-0.18736
-1.32408
-0.716582
-0.979201
0.969165
0.91461
-0.0358892
0.119639
-2.36162
0.340486
1.00124
0.208185
-16.0009
0.154915
-0.536876
2.57601
0.85685
1.03291
-1.3854
0.406205
-0.685526
-2.51972
-5.74496
0.28643
3.59431
5.15199
-3.22258
0.0659463
-6.03059
4.36943
-0.33073
-1.13377
3.11033
-63.9989
8.87732
0.993574
-2.06539
0.870834
0.446463
-1.68165
-0.320601
1.61656
0.57449
-0.562506
1.2729
0.740512
-0.83203
-8.04929
0.432642
-0.363959
4.78009
3.10565
2.73382
1.10895
0.538691
0.315719
-0.610871
0.217471
-1.54404
0.279094
6.51236
-27.2429
-1.24944
-43.696
1.31378
0.00424746
0.279121
3.52154
0.062082
-0.683888
0.379776
-0.00322957
11.4395
0.501282
-0.202046
0.0212215
-2.40997
-5.96814
0.348326
-0.209486
0.0917931
-0.0551279
1.1209
1.01569
1.11742
-5.6343
0.546678
1.1363
10.4375
1.80422
-0.921685
-0.638031
3.68713
0.301152
-0.392045
3.94591
1.19326
3.17271
-0.243993
0.330977
-10.0145
0.300477
0.74505
-18.3296
0.251452
2.00065
-13.697
-5.87577
0.394678
14.1817
1.86331
0.209512
-0.635951
-1.99128
1.63548
-0.255929
1.35018
-1.93558
-9.69643
0.0156056
-0.0516119
-0.0945627
0.261927
2.30219
-0.360626
0.468892
-10.3432
0.556417
-0.649906
-0.706535
-0.73012
-14.4063
0.160488
2.30718
-0.321613
0.338552
-3.65593
-1.60049
1.24127
2.49413
3.11409
-2.77159
0.213198
2.8878
-0.494578
0.131107
-0.139457
0.497898
-1.40558
0.156936
0.465505
0.928424
-0.783255
-0.718533
-0.19904
-0.104179
0.0517599
0.0896107
-21.9191
-8.53066
16.4682
53051.6
3.77554
-9.56734
12.0773
3.82679
1.02955
1.71966
1.34965
0.478265
1.2634
-2.58747
6.73547
0.511843
0.877423
-1.92282
1.00967
-1.64385
0.14972
28.0083
2.29117
-0.361574
0.125334
-0.946974
3.12742
0.353555
-0.0153479
0.89124
-0.163909
-0.469824
-1.26383
-0.798154
1.11044
1.34678
-1.60705
-0.112332
0.114031
-0.637258
0.592917
-0.803651
1.14795
2.0179
-2.50715
-0.148888
-0.238182
0.625041
9.87853
0.559099
0.793049
-1.16861
1.77873
-2.38976
0.776767
1.13146
-0.669015
-16.2672
-1.01088
-0.289985
-3.17951
25.7215
0.552355
-0.877417
1.94775
-0.368859
-0.299611
-0.610914
-0.0546079
-0.234152
-2.43522
1.10429
-1.17899
2.17778
-2.27575
-0.619319
-1.2921
-0.230007
5.99494
-0.117348
3.83063
0.47749
1.72728
2.05935
-1.17241
-1.59148
4.11396
-5.48958
-0.471797
-0.155516
13.0478
1.26654
0.244053
0.238401
-0.915886
0.963624
1.37353
-0.401079
0.656535
-0.492192
-5.49762
0.415845
0.279267
-0.404917
12.1516
-2.96769
-0.409719
1.19455
-2.4359
1.04905
-0.19484
1.21469
0.0900509
0.0678838
-0.293797
0.0639019
-3.62716
-20.8376
-0.575439
-1.35052
-1.17885
1.15032
1.09191
-1.46572
0.219927
-1.8111
-0.650729
4.15053
3.42447
0.557858
0.958318
-3.03202
-0.965164
0.600312
-6.41959
-24.1566
-0.859103
-0.0397589
0.700618
-0.0897564
2.88431
0.475959
-0.244253
-1.18139
-0.441146
-0.964485
1.05524
-0.839602
0.26292
0.218426
0.700154
-6.16998
3.0374
-0.70307
0.469322
1.03294
-0.6045
-5.71161
-2.19501
4.48639
-0.713169
-0.630555
-0.323986
0.146477
2.43609
-0.333332
-1.17178
0.264389
0.277625
1.02706
-0.835955
-0.00691161
1.58402
-4.08897
-0.538124
0.0393939
5.46489
0.450731
0.0907224
-2.88168
13.0937
-2.02951
-56.0575
0.527544
-2.09258
1.24775
-0.787048
0.368973
-10.5259
0.0661167
0.374014
-1.77267
0.706234
-0.219466
-0.123863
0.96017
-0.0854004
-1.76119
0.869597
-0.477864
1.30748
-1.25296
0.44848
-2.95232
1.29826
-1.70131
2.22296
1.47719
-44.9103
0.317814
-31.7189
-1.24691
5.43931
0.954247
1.62247
0.274471
1.26947
0.612784
-0.454262
-1.34837
-3.10858
-3.57284
0.0816042
0.416818
0.772228
-0.418833
-11.0798
-2.2211
0.589179
-1.5862
-0.376383
-0.775423
0.0210675
-5.13033
2.94523
-150.466
0.282816
-0.162467
-1.35623
-9.06274
2.4653
0.144854
-0.164993
-0.48417
2.54388
-0.490912
0.24376
-1.01235
-5.31283
-0.0713658
1.46036
0.286827
0.0228779
2.12471
1.89829
-1.14562
-1.55726
-2.01124
1.57042
2.13908
-0.0937608
1.42094
0.160704
-0.651642
-0.360647
0.652242
-2.18139
0.644037
-1.34905
-1.5891
-0.263898
-1.69346
0.951328
0.520177
-0.485241
-2.15375
-1.14189
-0.77071
2.30343
-1.44771
2.56209
-6.8612
-1.85655
1.1044
-3.28788
1.79983
-5.53192
-2.88323
-0.0606851
0.630493
-0.0845271
-4.1555
0.23462
2.39149
-0.273184
0.615592
-0.128484
15.7204
0.648611
0.848954
-1.94442
0.592357
0.959018
0.251098
13.2828
-1.58354
1.67715
-0.560948
1.16231
-0.0460348
1.44606
-0.238986
-1.43732
3.07141
2.02074
13.2789
2.44613
-1.17544
-0.106984
4.43154
1.53591
-2.1023
2.23502
-0.965656
0.648884
-838.695
-0.631477
-1.19859
-0.313503
0.577452
-0.238212
-2.75953
1.21451
0.303203
2.73811
-0.654093
-0.149913
1.24898
2.00865
-1.28515
9.10773
1.4691
-0.730577
0.846729
-0.93637
0.107372
0.202481
-15.056
-0.460458
0.910677
0.0459876
-1.24143
0.168361
-0.94063
-0.243461
0.0530011
1.60852
2.83857
-4.2901
0.893972
2.85099
0.310586
-2.26949
0.126128
0.280466
-0.764997
-0.490955
-0.187256
2.0555
1.8309
0.399545
1.4576
-1.15132
-0.372504
-0.417703
5.90517
24.3089
0.902583
-0.0446937
0.235634
2.1872
3.74845
-3.37337
0.487634
0.0720826
0.424928
-0.209585
4.08149
0.497358
0.56625
-0.982628
-1.16415
2.87506
-4.89766
1.06947
0.924769
0.078196
-3.31922
0.981696
-0.587977
47.9602
0.946242
1.86542
-0.785462
-0.862976
3.10137
-0.0210832
-0.516032
-1.14254
2.66354
0.571569
-0.0299861
1.4289
-0.135142
1.91281
-0.444825
-0.561323
-16.3085
-0.476595
1.39565
1.02013
-1.96848
0.0938527
-0.874846
15.6986
-2.38309
1.14503
1.13031
-0.63142
0.401853
-3.56437
32.5035
-2.81686
-1.23236
-5.1593
-1.18085
-0.275299
3.56446
2.17053
2.79022
-2.88191
-0.769564
-0.699784
-2.42079
-7.22966
-0.010996
0.00420348
-0.634029
0.724433
0.73011
-2.04392
-5.86699
80.3366
-1.25293
12.2306
-0.723777
0.492847
3.38702
-0.192209
-0.493046
1.25335
-2.71848
-2.41085
-0.446026
-1.43794
0.501219
7.45059
3.94679
2.42719
-1.67226
0.96678
0.172399
-0.652994
-0.0674546
-3.82025
0.464905
-1.65338
5.37726
-1.78181
0.125509
0.818368
0.9565
0.129264
-0.105154
1.36316
-4.61655
-0.436739
4.02904
0.390483
3.86599
-1.72506
-1.62472
-2.36441
0.836484
0.521974
0.553804
-0.723241
-0.41449
0.601574
0.876384
-2.88256
4.18336
1.14621
0.524852
-0.180627
0.0482609
-0.155108
-0.654393
1.8495
1.18838
0.454156
-0.090184
-1.21743
-0.570927
-0.304744
-11.0818
-0.110649
0.244086
0.0743915
-1.1032
-1.68736
-0.45737
1.34646
-1.42033
-0.921267
1.84404
1.53982
0.478358
2.06744
-24.7048
-2.7051
-0.499311
-3.30179
-1.09319
-0.951645
-1.99788
-0.852875
-0.62951
10.066
2.37951
-4.82996
-0.395031
0.909138
-0.807328
-5.58462
-3.23354
-13.8359
-1.06749
-0.0214478
0.238641
0.275498
-2.22498
-0.21942
-0.147383
4.0177
9.02254
-2.27837
-0.285967
-0.230755
7.36684
11.8835
1.08419
-0.903404
-1.75666
0.611022
-0.775091
0.0378932
6.59297
-2.68813
15.8953
0.313544
1.17817
0.105726
1.68931
0.317029
-1.56096
-0.229723
-0.373702
-0.282575
-0.243314
2.71054
-1.57747
-0.498083
0.45058
0.734976
0.841854
-1.34419
5.14258
-48.6463
-1.14256
-0.840486
-0.17344
1.07346
0.852729
0.0416816
0.0611108
1.9434
0.790887
-1.96409
-0.981437
-3.64333
-5.97296
-16.2058
0.146805
4.51094
-1.19463
101.015
0.808252
-1.512
0.40848
0.482929
-7.28033
-0.0919262
-2.98161
0.280571
-1.64962
1.0989
-0.558039
0.621547
1.26384
1.4508
-0.908805
-0.16449
-0.157074
0.47842
-1.291
5.25142
-4.90814
-3.42124
2.51891
-0.301893
1.56309
-0.133684
2.77558
6.97265
-3.94252
-1.05239
16.1496
0.519223
-3.02282
-1.97608
0.295125
-2.01698
-35.2567
-1.4012
8.25862
-0.611717
4.30894
-1.38161
-0.285685
-4.53696
0.757875
-0.272647
13.2063
0.41708
-2.26061
0.551601
-5.95451
0.512069
-6.12619
0.557582
-1.14641
-0.159608
-0.666
6.1822
5.59109
-0.109199
6.63839
-4.54827
-1.68596
0.141779
0.073049
-0.269329
1.0254
-11.596
52.9219
-0.110958
0.29894
-1.44306
-2.42386
0.685706
-0.663626
-2.81995
0.909603
15.9297
0.373946
-0.279928
1.21973
1.352
4.20028
-3.93076
0.52333
4.15552
0.231106
0.681903
0.346365
-7.64978
-3.85776
-0.860168
0.946688
5.34214
1.47891
-1.15617
-0.150912
0.627297
0.217021
-0.404482
0.976067
-0.231807
-0.456109
0.807349
-0.484084
-0.520528
21.7049
1.80355
-5.00604
-1.07868
0.131561
0.476722
-2.34582
-0.81809
0.500936
-0.710201
-0.869602
0.524235
-0.280524
-3.14192
-3.48596
-0.756536
2.9144
-4.2624
-0.593385
0.427549
-1.5126
-2.17821
7.61807
0.097505
1.33323
0.284894
-0.323517
-0.688166
-0.0375534
0.450081
2.80528
-49.139
-0.992202
4.54682
-0.527953
1.59346
0.138912
0.652698
0.544745
3.21206
0.00328298
-0.486584
2.01277
-0.517927
-0.987797
0.0334421
20.345
0.526512
-16.8234
1.8262
-1.19008
-0.143536
-1.83133
3.46623
-14.7464
1.263
1.51865
0.558682
1.29967
0.779859
-0.573258
-1.26135
20.4908
0.170267
-2.28746
77.765
-19.8667
0.233218
-2.11933
1.11476
4.18406
-0.602618
0.127916
0.117753
-1.39369
0.13994
3.21007
6.12119
0.551318
1.14946
-0.197042
-1.98979
2.11245
0.35276
-0.0493662
0.696462
1.88277
1.27602
4.89139
0.0820312
1.10069
4.70497
0.943429
0.177553
-1.42783
-1.12526
-1.91299
2.96135
0.318236
2.05316
3.00086
-0.804882
2.11794
-0.319745
3.35179
0.876073
-0.845274
-2.31791
1.4578
4.24208
5.45444
-0.675771
1.39239
-0.0696893
4.20708
-0.140732
-2.54569
-0.14351
-1.73978
0.82876
0.778294
-0.535162
-0.0202503
-0.828972
-0.603702
3.72542
0.689755
6.56833
0.57661
-5.2202
-17.9684
2.27439
0.952669
-2.85832
-3.6554
-0.081386
-2.07389
0.75118
0.12444
0.522914
-0.533619
1.10594
-0.239139
-0.936076
0.917319
0.100354
0.576518
2.03749
0.117418
-0.740181
0.231665
3.98118
-1.02741
1.66194
1.24351
-0.423119
1.44538
-25.1851
0.240065
0.363966
-1.92203
1.31292
3.71135
7.05321
-0.864364
3.05092
-1.13946
0.746443
-0.0061199
-0.174195
-1.13126
0.469402
-2.15883
3.39523
1.26432
-0.998895
-1.85374
0.146208
-1.39798
-0.106037
-7.80744
1.15272
1.47997
-1.38572
0.0497441
0.166517
-0.340097
-0.107143
-0.717215
-0.560035
-1.58829
-0.32616
0.125257
0.287161
8.49445
3.95394
-4.24712
-0.231132
-1.0858
-0.419623
-1.01097
-0.169285
0.724016
3.09099
-0.38883
-1.14805
-3.08054
2.13298
0.266935
0.335616
1.5687
-4.71531
-4.33057
-1.45063
-3.03593
-2.15519
0.614622
-0.897925
-0.520772
1.04943
0.511767
-0.0862327
-0.356708
-2.61983
0.041603
-0.170707
-1.73558
-0.540455
-12.9683
2.44284
0.641941
-1.37168
-59.0417
-8.42551
0.799625
1.92095
-2.09111
-0.543125
-2.05831
4.90474
-0.174152
5.5321
-0.599343
2.11677
0.0907826
5.23432
-0.160514
-0.26409
-0.426851
-1.3171
-1.10963
0.733545
0.851043
-0.324041
8.33962
-0.0653342
1.69054
-1.61531
-1.47891
2.50529
0.382439
-1.85234
-3.94408
0.515718
-10.584
0.674861
1.17151
1.41679
0.601685
4.12152
0.821578
3.01117
-0.315215
-0.838119
-0.593529
1.29148
-4.29383
1.24888
7.64917
-2.51497
-5.58043
-0.304507
0.114015
-0.634637
0.932827
1.53188
1.56521
-0.188219
0.431244
0.823406
0.543544
0.287256
-0.929332
-1.16823
-1.38672
-0.974712
0.138797
-0.603878
-0.246941
-0.630169
0.869713
-15.6987
7.35868
-5.56971
0.527841
-2.98093
0.159747
2.0708
-0.173502
-1.42844
-2.06985
-6.82738
-0.728022
-28.9545
4.93212
0.0539809
0.210552
-0.187965
-0.40476
-0.00743
0.984606
-0.145804
-0.0662208
-1.07291
0.353336
-0.369091
-0.404245
3.39771
-7.39402
0.494692
0.179051
-0.0508149
2.43113
-0.485982
0.452698
4.08427
-0.994174
-32.9959
-1.93491
-0.247718
1.19568
0.489182
-1.06223
-12.696
-3.04258
0.298738
0.422664
-0.358064
-6.74066
-0.571944
2.03126
-70.5417
-11.6085
0.0376541
-2.02877
0.385142
1.96797
0.388812
1.70844
-1.35174
0.355118
-0.252789
0.950616
-1.13802
1.46205
0.518848
-0.0366788
0.0780506
-0.301903
141.658
-7.695
0.0935834
3.33522
4.89374
0.0714827
-1.1449
-1.35033
-0.134893
0.421091
0.139018
-0.706889
-1.31035
0.25618
-0.0427108
0.445216
-3.44701
-5.54927
1.91218
-7.38857
2.31403
9.80322
0.83144
-1.19238
1.57182
0.0846916
0.537743
0.54308
4.99624
0.0643404
0.788642
1.50799
1.27559
-1.52583
-1.28835
0.651369
0.00678594
0.363226
-0.0523017
-0.316217
8.3565
-3.44324
-0.325073
-5.7677
0.898538
-0.677571
6.46214
-0.459453
1.0739
1.63077
0.714207
-0.28301
-0.366252
0.718081
-0.474069
-4.14055
0.799754
1.012
-0.547147
-0.703732
2.08555
-0.641387
-0.0684677
6.71963
-2.19536
3.90717
1.37017
-0.786911
0.860009
1.2577
0.267648
2.2114
1.6291
0.399971
0.0385948
3.99174
2.13295
0.1308
-1.36066
7.76067
1.28845
0.293821
3.03054
0.591191
-15.417
1.0118
0.459579
2.63044
129.287
2.18612
0.477532
0.690284
48.1635
-0.455051
-0.911413
-0.297671
-2.09986
-0.883642
-1.01037
0.127249
-0.999585
-0.713297
0.330253
-0.207808
-0.198648
0.279917
2.48974
0.989748
-2.36394
1.56514
-1.97619
-0.244952
-0.185978
-0.566773
-0.155105
-0.614037
0.100757
23.5469
-30.9171
-1.3664
2.76656
-1.16091
-14.3737
-2.12156
-1.71391
-0.524135
-0.832492
-1.62052
0.203276
-0.993231
-0.2027
-1.24198
-0.779875
0.728782
-1.34265
6.30273
-1.58139
-0.228668
-0.986749
3.375
11.3879
-5.91737
-2.42708
-0.600475
-0.742493
-1.43944
5.2587
62.5679
3.6948
0.735257
-1.54988
0.863003
-0.966798
-0.202985
-0.487746
0.532106
1.08347
-0.0811046
1.41857
17.4034
-2.24418
-1.45405
-0.0535241
-0.491002
5.58451
-2.59628
7.94693
0.167363
0.873876
12.2481
-0.139745
0.395961
-6.83818
1.69465
-1.45613
-2.36433
0.202566
1.07851
1.9361
0.833652
0.762073
6.55435
-0.262978
0.407754
3.64584
0.440857
-1.05734
-1.02415
-11.4846
1.28232
0.0435795
0.287341
2.19846
-7.84809
-5.14656
0.24364
0.0351909
0.327593
0.541804
-90.5658
-0.415046
1.0101
0.694108
-0.948716
0.085065
0.853255
-0.126997
-0.0854416
-0.359859
-0.261148
2.24756
-0.8327
-0.7506
2.07814
2.05236
1.65519
7.13936
1.46071
-0.65548
-1.11818
-0.341626
-0.0710722
1.21674
-2.67546
-0.448438
0.632071
0.771066
-0.360757
1.37575
-0.246674
0.376003
41.2238
-0.582928
-0.721935
2.15172
0.580573
-0.223286
0.370069
-0.338377
0.0736207
-1.61889
0.432974
-1.29675
-0.028678
-1.10323
3.80217
1.56535
-0.469333
-6.80824
-2.31797
0.205587
0.189461
1.30899
-1.54732
54.2296
-0.564571
-1.85999
-1.07787
-2.06624
0.02931
-0.189452
-0.357799
27.996
-0.152567
-6.18581
-0.0418893
2.20678
-0.085546
3.98511
19.6209
-2.16188
-0.947189
2.69356
-0.906347
4.05607
0.12401
0.188853
-0.607223
-2.29711
0.48747
0.988723
-1.07598
0.461909
-2.72726
6.71485
-0.641706
2.2682
-22.8522
14.0018
-0.309918
0.228106
-1.76462
-1.39155
-1.83987
-3.27381
2.30856
0.0999761
1.47479
4.14396
-0.344695
0.438761
-0.978481
1.42464
1.30148
-0.45352
3.44509
-1.3475
-0.83369
-3.22865
-0.83904
-0.243407
1.48822
1.66357
0.23138
-1.83542
-13.773
0.883938
-0.393459
1.03699
-1.4414
-3.08451
0.925539
-104.951
-0.283481
-0.790264
0.132542
0.789274
0.33133
0.454217
0.84396
2.92887
0.185312
9.06677
-4.09771
1.50545
0.636534
0.47485
-1.62241
0.743698
0.15449
1.15119
-0.798755
-0.139934
-17.1787
0.222296
0.612261
-8.10301
32.0773
-0.28991
-0.937013
8.61422
0.0705386
0.484802
17.2858
0.204569
-0.151542
0.635638
1.68449
-0.310149
-1.54261
-0.329089
5.09608
0.236055
1.4743
-0.27149
0.53949
-1.51602
-1.04971
-0.992482
-20.5349
1.96011
-0.0444167
4.85562
-0.0268985
-0.261359
1.0482
-3.4825
0.0230885
1.28881
0.274028
-14.3387
0.176675
-5.2985
0.207031
2.69159
-0.410626
1.46054
4.96108
-0.24407
-3.25111
1.59748
0.476418
-0.535631
0.961627
-23.211
-11.6173
2.47388
-4.71829
2.22188
2.20396
0.13904
-9.21763
-1.92877
1.77094
0.546817
15.5851
-0.976681
-1.69064
0.485563
1.07927
1.75604
0.21808
0.522626
2.6411
-1.47083
-2.75861
0.249646
10.4655
-10.0551
-0.805534
6.199
0.0328572
-13.651
1.4733
1.30111
-0.659484
1.78258
-0.221245
7.71649
0.153516
-10.9716
-0.64603
79.6131
1.40488
0.055963
-0.887818
-5.22929
-3.5195
8.60031
-0.4751
6.03536
-1.63312
1.61688
-1.37471
1.06495
-1.39213
-0.359664
-0.034782
-1.00372
4.68355
0.25614
37.0728
-0.377894
0.543093
1.23119
0.469084
-1.62024
-12.8153
0.151786
3.01976
-0.761904
1.78494
-0.332603
-4.63949
0.0744736
-1.69312
0.199974
0.664744
0.352358
0.837494
4.01265
0.728455
-0.056713
1.78082
5.39177
0.17125
-0.0605463
-3.37854
2.94666
2.54859
0.0940841
2.31807
-1.72902
5.87802
2.32152
1.87766
3.25284
0.0327251
-0.490514
1.0749
1.85956
-0.844127
1.97323
-0.0994272
0.162538
0.288195
1.33762
0.233559
4.19718
0.127906
-0.195221
0.571302
-1.4477
-1.85227
1.4561
0.0273387
-1.16874
1.67238
6.1236
-2.5825
-0.133552
0.442324
-0.138237
-2.26415
-1.53128
0.941205
2.25938
-0.293688
0.114744
0.1447
4.00771
-1.09411
4.20509
0.703582
-0.967953
-3.43205
-1.07139
0.624831
0.143969
-0.49414
0.251826
-2.11728
0.581645
2.8908
1.73278
0.297271
2.57223
4.4911
2.3799
0.550463
0.33584
-3.11007
0.520213
0.211455
1.26255
-2.33443
-23.6427
16.5456
-0.0873058
-7.5434
-0.0694621
4.09792
0.0674988
-0.747246
1.55741
2.433
-3.36791
1.19127
0.69545
1.07325
2.62317
-4.55248
-2.10509
10.2927
0.734028
2.73677
-1.24132
-4.07903
-0.459853
-2.19945
0.18953
-0.2036
0.013186
-0.187405
-1.40694
-0.753926
-0.665718
0.473853
-0.550348
0.337075
0.879906
-3.34594
-0.00607906
-1.46756
-1.84828
-1.06879
0.609353
-0.163967
-1.19216
-0.531933
5.4421
-1.25858
0.367072
1.39352
-1.44958
52.4854
0.160469
5.80934
-0.574946
-1.30643
4.41668
1.10071
0.970171
0.345683
0.482647
-0.178863
-0.955406
0.0966995
-1.657
-2.24093
-0.113687
-1.51907
5.64159
2.60049
0.48898
0.227815
0.0337787
-2.37764
-3.42365
-0.934462
-3.2241
0.529292
-2.50967
0.580216
0.10162
-0.0713185
0.264513
15.3415
-2.09476
-0.0250154
-2.5839
-0.259098
0.289086
-0.407989
36.1953
63.2644
-0.96346
0.37558
1.10562
-0.312058
-1.78575
-4.56384
0.376128
-0.959295
44.555
-14.3293
0.184815
-0.801631
-1.02446
-3.35587
-0.255404
0.695557
-4.98757
5.04731
1.24672
-0.612853
1.08267
-1.66408
0.977583
1.37165
0.435038
-0.34077
0.970079
-0.763688
74.7337
1.05945
-0.87422
-2.61694
-2.20461
16.2797
0.886516
1.12592
-6.39231
-1.23559
-0.934209
0.373226
0.463317
0.804696
1.23301
2.03549
-0.594264
0.539214
-3.60666
10.7333
0.668638
-3.17146
-1.18538
-0.866947
-6.54265
-0.227508
-19.5413
1.00656
0.797285
-0.8361
7.20776
2.31857
1.02961
-1.03148
-0.805555
-0.0534894
5.6776
-0.318921
0.155658
0.0655235
2.63433
10.3597
-0.239036
0.438034
1.81698
-3.87778
-3.81973
-0.251773
-0.561286
-7.25275
2.79975
-0.0866252
-5.33187
-11.9686
1.12913
1.30627
-4.21651
0.213418
4.68932
2.2189
5.58653
1.68844
-0.458586
10.6557
0.946516
-14.1065
1.10414
3.98055
0.0859416
2.59144
-0.636997
3.30306
-0.657372
0.521463
79.8328
0.241947
-4.59761
-0.139713
0.969281
-5.57645
1.14073
-0.0500653
-0.584908
-6.37407
-2.92337
3.89155
-2.64394
0.604183
1.18901
98.9736
0.190584
-1.20476
-8.78948
-2.56764
1.0981
-0.0152945
-0.287147
-0.16457
1.39622
2.61687
-1.18656
2.66242
-1.89574
1.77617
2.95461
1.81775
-8.11162
3.67547
0.380664
0.813261
3.34324
-4.27133
-0.439278
0.115737
3.50427
-0.578521
3.20553
0.274768
0.404793
0.0822431
0.550741
0.0983518
1.32414
-0.96799
-1.49371
3.20613
-0.131455
0.982492
-2.71814
-0.474084
-2.09197
1.05798
-1.60488
0.4792
-0.0202786
-1.37665
-0.30806
0.555817
-2.74684
0.45666
3.46284
0.28416
2.07943
-0.54852
-0.269252
-0.337565
-0.149682
-6.48863
114.25
1.04403
0.455248
-3.24597
-3.01348
0.718195
0.633848
-3.91188
-0.372886
6.42634
0.163809
0.93755
-0.329364
-0.373473
0.0269425
-1.50191
0.534317
-0.104271
-0.274052
-1.64913
-1.9413
-2.51272
0.230497
0.165122
1.66514
6.57458
-0.50892
0.304102
-4.93041
-1.30854
-0.296403
-0.597214
0.739972
-0.300255
1.33845
0.22164
0.599377
-5.87162
0.830765
1.28256
0.845166
-0.546805
-0.847954
0.0312879
-0.540524
-0.904038
3.56937
-0.430547
-0.482418
-4.54618
6.09867
0.116249
-0.76553
-0.311172
2.99415
0.386578
-93.759
-1.74571
3.96085
1.00289
0.44551
-0.405733
-1.63023
-13.0829
-0.236228
-5.23255
-0.51145
2.96991
-0.186092
-0.0203886
-1.45152
1.18026
0.758375
1.23876
-0.731141
-0.219278
1.8892
-1.91254
9.41684
-0.367525
0.83563
2.21172
-0.36842
19.6585
-2.0975
-1.42304
33.5812
-1.06078
-2.035
-0.427794
-1.39333
-1.21991
4.83004
2.68196
-0.30275
-17.0974
12.1353
-2.97457
-0.10932
-3.25193
-0.74094
0.211635
-0.146532
-7.35269
0.23235
4.638
-8.76939
0.0818952
6.60528
4.74557
-1.45347
0.0152505
-1.00513
-0.769659
0.336683
-0.206245
-0.0436644
22.4266
-0.0137642
0.310865
-0.52068
1.46652
-1.26541
-1.27127
0.247791
0.336291
-0.6172
0.122052
2.22434
-3.07167
0.139393
0.210083
-0.985603
1.25806
-0.925778
0.0438753
0.324534
0.693457
8.81804
1.1911
-1.76277
0.115727
-0.558142
-0.038321
1.45479
-2.59866
-0.490242
-0.504108
2.9222
-0.359426
-2.7801
4.91728
-0.325548
-2.29195
0.79978
-5.0154
-0.823037
0.310373
-10.2677
-0.100325
0.49657
-2.97361
0.100547
-0.30216
1.07018
5.68963
-3.71411
-0.516546
-0.256103
0.122804
4.66853
-0.17871
0.998788
-1.02183
0.682386
3.69886
6.25032
1.03739
0.336158
-7.13597
-9.32269
-0.140117
2.95789
3.24906
-2.93898
0.773448
-0.0545229
0.0992305
-1.46991
-0.177903
1.62028
0.549575
-1.36595
9.30574
-1.11499
0.839607
-11.23
-0.245385
-0.304654
-0.985807
-0.583058
1.60528
-0.0678649
-0.441194
-5.44646
-18.9775
-0.375612
-0.0193201
-1.2258
0.253902
1.61283
34.1363
13.9156
13.5136
0.30935
1.95706
0.272512
6.97811
0.462016
-2.46456
-1.50417
0.165829
0.0197129
-1.00982
-4.9581
0.530555
0.398634
5.15945
-0.611121
0.0223184
-6.20209
1.30824
0.368905
-3.49771
-2.21066
-0.764335
1.69269
1.21883
0.834489
-0.455551
-0.109361
-1.14905
-0.648875
-2.05818
0.0620631
1.42892
5.17625
-2.24494
0.323503
0.409734
7.15622
-0.341149
-1.36567
-0.118406
0.724232
8.37881
0.887538
0.20559
-1.91761
-2.62171
-0.726096
0.704935
-0.0383997
0.758632
1.69589
-0.37629
0.990551
-1.67794
0.0446654
1.11672
-0.0910265
-0.260108
-1.7712
4.21085
0.0761007
-1.01829
-0.0298288
-1.71957
8.36519
-0.165012
2.05169
-2.21931
-1.57886
-0.848246
0.0809085
-1.74412
-1.86447
-0.202648
14.3086
1.63921
-3.8053
-0.951262
-0.774915
-20.0032
-2.04234
-1.22119
-1.84295
0.251556
1.26384
-0.0573749
0.241026
1.45848
-1.41669
0.376824
0.8075
1.29781
-0.559474
-2.04121
-4.87787
10.9698
-0.659804
-2.39292
-0.636869
2.493
-0.582587
-0.426955
-2.37685
-0.272577
-4.19183
0.0794351
-1.7491
0.401743
1.1144
0.425139
0.454004
-0.565802
0.840872
-0.517011
0.656544
0.55926
0.530116
0.120601
1.46278
0.534677
0.176983
-0.816262
1.14357
-1.97039
-0.279237
-3.18201
-4.18061
-2.50769
0.237598
-0.146298
0.09591
0.0999698
-11.4742
-0.821926
7.45254
-8.09399
-0.304311
0.376842
0.178337
-0.00279602
30.5929
-5.26798
37.5011
0.61901
0.0163817
-1.16461
0.871828
-4.25505
-51.3495
1.40509
0.52713
-0.762093
0.412966
-0.190617
0.106831
1.91594
-0.0504527
-3.47862
-0.607941
1.69982
0.193265
19.1729
3.56295
-0.437645
1.25537
3.39189
-0.87951
-0.986321
-1.6593
4.81503
0.418427
0.639097
-0.926473
-0.881083
0.470376
0.0706901
0.609935
-0.311227
-2.00347
-121.094
-5.83981
-1.37195
0.016652
-1.04055
-1.37119
-2.83825
-3.96715
0.194954
0.596779
-2.00612
3.31022
4.92878
0.493531
1.8979
-3.48517
0.238455
-0.536241
1.18268
4.42928
10.2519
1.1893
2.35496
-0.407736
-0.400321
-2.06938
-1.67093
1.40418
-2.16944
0.398438
-1.696
0.530926
0.761939
2.66833
-0.2297
-13.3194
2.7972
-2.54489
0.38712
0.558217
-2.62863
1.36321
0.504731
0.00107443
-1.3166
-4.65365
-5.05933
-1.46403
0.181776
9.38539
-0.564488
0.841167
-2.6129
-0.647857
-0.813909
0.500999
-2.91843
0.156025
-1.52082
7.03857
2.41408
-0.957565
2.07521
-2.27796
1.62141
1.17165
-0.880776
-0.150019
1.2378
0.210831
4.26927
-8.96032
1.29376
0.741534
0.454872
0.726653
0.541479
-1.05932
2.09091
-1.65347
-0.936512
1.08499
-0.813011
0.613557
5.76395
2.89577
1.40658
-0.22379
22.9665
-4.70865
0.164722
-2.20891
-0.0276593
-0.591678
-1.81216
4.80003
0.641955
-0.0207783
3.42035
4.28436
6.77488
-0.361442
4.52507
1.04283
0.455597
0.154529
-2.36284
-0.63709
2.2082
-4.30551
12.4315
-2.39155
-0.0765115
95.2703
2.21401
-0.466163
-0.532344
4.50377
-1.74231
-1.61105
-4.19829
-0.912034
0.496578
-0.937639
-0.134266
0.902025
-0.170503
-1.25698
0.369833
0.407941
-1.06306
1.27258
-1.1804
-0.281463
1.1732
0.0112222
1.24818
-2.15066
-0.217557
0.755479
-0.864984
-0.8692
16.8327
0.28071
-1.88676
-0.333555
-1.37444
-1.23738
-1.94522
-0.0670696
0.0263326
-2.56993
0.553857
-40.0934
-0.777417
-0.203243
-0.8646
1.58812
-4.80175
-1.18485
-0.898845
2.3274
-1.56907
2.90343
0.0777282
0.974767
-1.70319
-0.375311
1.09821
-1.15791
-0.128548
-5.95464
0.04154
0.568954
0.285838
2.02498
0.848073
-0.0772889
0.275545
1.97497
-0.107553
0.111568
0.670754
0.228926
0.28399
1.12649
-5.3104
-0.871823
1.18745
0.814013
0.575247
0.441164
4.05585
-0.403572
20.9228
4.87298
-1.33643
-3.07893
0.706385
-0.955532
1.47878
1.71418
-9.15121
0.788229
0.78532
0.00952246
8.14432
-0.740784
-0.35073
1.72161
1.47879
-0.465899
8.58761
-0.496758
0.303312
-0.963297
0.19575
5.26329
0.341033
-1.46682
-0.120034
0.440418
0.0211461
1.82062
1.39195
-9.09661
0.177634
0.961234
-0.54106
-3.15182
-2.36274
-10.835
-1.60439
0.155178
-1.29347
0.0237455
1.41974
1.21736
-11.0624
0.598959
-0.0944581
-0.0774406
-0.0933203
0.484042
-1.33694
1.02402
-0.131602
0.335043
-0.115562
-2.00328
7.54805
0.957373
1.24515
-1.67795
1.11545
-0.791045
-0.40408
1.31387
1.05505
0.347713
-5.23805
0.281849
0.917047
18.2146
-0.151275
2.1622
0.239816
-7.05391
1.94084
0.144601
1.37629
-0.219331
0.614024
-2.35061
-0.844385
0.751976
6.45812
-0.191858
-1.67341
-4.46706
0.5674
0.194295
1.92656
3.90355
-0.0625425
0.51
2.1797
1.11235
0.692982
13.6664
0.885708
0.255524
1.77178
6.9342
0.350085
-3.91307
2.25798
-0.136547
0.236606
-11.7671
-0.572148
-1.29513
0.611048
-8.16668
-0.156337
0.138957
-0.424205
14.6021
-0.0740693
-0.692006
0.29644
-0.147488
-0.566018
-1.28996
-33.9768
-0.111365
2.3854
-0.302098
1.03976
0.941732
0.583054
0.314255
-1.40295
1.36852
1.55273
-0.20987
6.40937
-0.839189
0.367974
0.103115
1.51229
0.208086
0.000625177
2.16711
1.03583
-0.826299
-0.860441
1.56337
0.477351
0.43641
2.48981
1.0607
2.11615
-1.38204
1.09311
-0.762301
0.000669159
-1.52878
-1.44121
-2.715
-0.888684
0.49755
-0.270701
0.559651
1.2167
1.32355
-2.27664
-0.241358
-0.273042
1.83372
-2.01699
-2.62186
-0.397673
-0.0247702
0.477694
0.277388
-1.79094
0.245002
10.8131
0.741738
-12.6397
2.5529
-0.352955
-18.4763
0.771201
0.816429
0.550504
-0.0282599
-31.3077
-0.913993
2.56183
-3.6149
-0.342527
-1.23071
0.169162
-0.0216521
-0.647527
1.36576
-1.38767
1.36478
-0.328003
0.522578
0.0376541
-0.4259
-2.0539
0.605624
-0.232026
1.09738
-0.542991
-0.744401
-11.6016
3.62547
1.68947
-0.688134
0.734933
-0.212275
1.22156
0.701386
-0.0805923
-0.817749
-1.63277
0.254427
3.43453
0.343472
0.37381
1.25469
0.0447756
-9.81211
-1.76902
-4.76095
-6.94591
-1.23342
-0.454827
0.0947022
0.491509
3.74789
-3.707
-0.630533
-1.2995
-0.331392
-0.385611
-4.57865
3.19054
-0.159576
-7.26297
-1.74659
-0.973127
1.4164
5.00457
-0.31271
0.766707
-1.00141
2.73342
-48.1241
-3.48584
-1.20587
-1.36085
0.338198
2.15262
-1.82867
0.0497441
-1.59651
0.384648
-0.192741
-2.00787
0.0995922
0.684082
-2.26661
0.285818
-0.700702
-0.573717
-0.276316
-0.601065
-3.27666
-0.536172
3.02588
0.494727
0.695935
0.22693
0.645474
0.215666
-16.6685
-1.15861
-0.325305
0.378048
0.928711
-0.386492
-4.80727
0.140748
-1.94578
0.325316
-196.424
0.810457
-0.465643
-3.49909
0.467418
-0.866424
-0.853467
-0.667188
-0.0789609
1.17493
-0.0992528
-0.1232
17.1411
-0.0492087
-0.125155
0.680927
1.0298
4.05755
-0.218087
0.191304
0.675424
3.38977
4.42339
0.226596
-0.0947687
0.739675
0.302565
-1.21046
-1.67814
-0.156894
-0.161594
-0.034782
-1.01346
0.228661
1.34627
-1.57845
0.796186
-0.902942
-1.01703
-44.7887
1.30041
1.38713
4.85138
2.26852
1.59312
0.934632
-0.155632
-1.39887
0.879588
1.18426
0.0977999
1.68684
1.65193
-0.497965
-6.631
-0.876695
-1.04539
0.701813
-0.584575
1.44313
1.19409
-0.118176
-0.422879
-0.494336
-0.126323
0.544701
4.70788
-0.109695
0.322338
9.19237
-2.59908
-0.271912
0.430499
-1.64402
-0.233258
1.11627
0.0686035
2.31005
2.12589
-0.543471
-4.89509
-7.89445
-4.67878
680.149
1.30259
1.07816
-2.38809
-1.85326
2.12127
0.481539
8.80248
-0.186046
0.50397
-1.67876
8.7088
-0.324899
-0.374698
0.483619
1.38669
0.67161
0.257141
1.7399
-6.70293
0.457677
0.161739
-4.69975
0.235492
0.392375
1.92476
2.08256
-0.703431
-2.23007
1.83553
1.27545
-0.502934
-22.1469
-0.795365
1.20112
-4.63427
0.614669
-2.27975
-0.259518
-4.68384
1.60185
-0.398973
0.0811299
0.952789
0.0763156
-0.871602
0.28779
-0.623783
-4.28856
0.340121
-0.866182
-38.6908
0.123646
-0.175412
0.43026
-1.16437
-0.188807
-5.7785
-1.38646
0.117991
-0.205708
-0.733656
0.516928
-1.02411
-0.139649
-0.585055
-2.10126
-1.07958
-1.41857
1.99767
-10.8615
-3.28315
-0.452963
0.792062
-1.97736
-15.4623
0.424294
-1.63235
-0.874552
0.415793
0.457693
0.306636
4.72284
-3.44585
-4.21549
1.79172
-0.721854
1.12202
-2.48504
-1.35791
-1.21154
1.04687
-0.905661
-2.10931
-2.33944
-0.0832268
2.04463
0.257148
45.978
1.19679
-0.604208
-2.74904
4.11526
0.67455
0.0336749
2.01832
0.500673
-1.25579
4.36924
-0.848884
-0.0361912
-0.48613
0.00824058
1.07408
-10.3031
1.51122
0.282066
-1.29096
-2.46163
-0.218985
0.916186
-0.111562
-0.373409
4.13109
-2.55751
2.00764
2.96504
4.53263
-54.5607
0.425666
-1.4027
3.86559
-1.12964
0.342152
-0.665088
108.598
-7.2979
1.16959
4.22958
-1.89022
-0.862822
-1.45827
-0.410446
33.4928
-1.26867
3.633
0.526464
-0.16955
-2.25975
-0.710863
-6.25516
0.339778
2.01731
-0.174366
0.391143
-4.39686
-0.864248
-28.553
-2.39244
-162.1
-0.850599
-0.600783
0.502706
-0.768309
4.51591
6.47196
-0.0743156
15.2779
-0.33216
0.113528
-0.0063084
-0.311034
-0.15276
-0.795903
0.816094
-1.98757
-8.20355
1.1841
-3.81379
-0.675003
1.22983
-0.196999
-0.901922
-2.00768
2.00926
-0.0419932
0.335152
0.378669
-2.88317
0.314452
1.31331
2.30752
3.87709
-3.06843
0.274484
-1.07478
0.422812
4681.03
-4.05778
0.844181
12.7323
0.300317
1.37271
0.203054
0.0209606
22.5077
-0.943049
3.2291
-0.742186
-0.746943
-3.4032
-3.07496
5.56255
1.60717
-0.0232928
0.744098
-1.09917
22.4869
-2.96692
0.598792
-0.305561
-0.684681
32.0353
1.68121
-0.351306
-1.01354
3.19906
-2.30458
-32.6065
-2.01738
-0.0831382
1.04302
-0.148519
-2.7595
0.00569263
0.291808
-6.55604
-3.43638
-16.3262
-3.03461
0.543736
7.30092
-0.863864
-1.48595
0.571277
2.26625
-0.712742
-23.2865
4.7379
0.74954
-0.849884
-0.447428
0.642265
2.41548
-1.05916
0.321311
0.552897
-0.901051
-0.101883
0.611859
0.217244
0.486067
-9.47523
-0.47124
-3.06112
-0.846422
1.60667
-2.87809
0.208935
-3.70028
0.337855
0.559305
-0.114196
-3.26941
-0.531018
5.80378
7.20826
-0.00944077
-0.205043
-1.16658
0.43378
-3.7269
14.9712
-2.02129
-0.0605463
-0.44854
1.48104
0.450463
0.0497819
-1.83789
-0.24413
-1.1296
3.29283
3.69937
-0.177012
2.4663
-3.49884
0.365365
1.82452
0.793243
0.93833
-0.154889
0.0510669
3.19821
-9.50553
-1.31646
-0.128417
-6.61205
-3.28967
-0.121806
-2.89086
-1.29913
-4.88802
0.167143
-3.54945
-3.23873
0.711313
0.0190624
-15.0188
-0.186622
2.67229
0.969208
0.0381449
-2.52794
-5.84953
2.28244
-11.8636
-10.0549
1.41195
-0.805462
1.42095
-0.706121
1.04138
22.4854
-0.0863878
1.91099
16.9869
-0.903673
0.0689507
1.29436
5.14396
0.512711
-0.640354
2.24104
-0.521842
1.90904
1.42416
-1.03785
2.63498
26.6087
0.190148
2.64891
-1.9738
14.4324
-0.397277
5.26636
1.20834
-1.34667
-6.63224
-1.10372
-1.81398
-0.2501
-0.155713
-0.411643
0.38647
-2.88426
0.785818
0.0972386
0.0865682
-9.78413
-0.000948761
-0.317991
-1.02491
-0.302493
-1.57252
-0.16671
-0.862291
-0.661524
13.4458
2.60689
0.228952
1.23644
1.33453
0.0216332
-0.172557
-0.97877
2.84079
2.47424
3.21636
0.879031
-10.0477
3.07735
3.54851
-0.242017
-0.676801
-0.546474
-0.14531
-1.73974
-0.678865
-0.606565
1.47377
-0.448706
0.912523
-0.492875
14.4905
1.73905
-1.27421
2.11677
0.454088
-1.11331
-0.328299
2.45321
0.227832
-0.137539
-3.49975
1.7405
30.7467
0.845866
-0.165948
-16.6785
0.358703
0.620685
-4.22329
1.04954
9.76433
-0.852821
-12.2197
1.84117
1.81405
1.11694
-0.0268702
-1.02399
-1.38907
0.121599
-0.94034
0.619902
0.385961
-2.64896
0.554567
17.1179
0.107489
-2.49132
-2.17778
11.7126
-0.75206
-0.0768749
-2.90053
0.693583
-0.384731
0.356693
-0.788133
0.567234
1.03994
-42.2108
-1.91001
-1.76771
0.714682
2.04249
0.554116
-5.10649
-3.02875
-4.2286
5.38856
-0.947678
0.342566
0.152493
-2.96083
-0.892695
-0.067827
1.58113
1.53049
12.9327
0.68328
-6.20314
1.72473
-2.57354
-4.92857
0.0836982
-2.30832
0.0699009
4.29686
0.0385224
1.47415
0.466878
-1.45113
0.878102
-0.176445
-0.274258
-0.983956
-0.975558
-21.6958
-8.36361
0.447311
-2.4873
-2.52305
0.323916
1.35673
-0.22482
0.363504
-1.29567
-14.8752
-1.1846
-0.657242
0.324618
1.07754
7.52173
-16.2179
1.12315
-0.246788
1.63144
-0.412198
0.652515
4.85871
0.875495
2.60464
0.351073
-4.71862
-1.30805
0.429416
-5.32858
2.37006
-3.7168
4.67033
12.3365
-1.28728
-2.24604
0.23292
-3.59068
0.793464
0.215995
1.00569
-4.13226
-1.77735
0.358107
-0.118906
0.068553
0.508805
7.46446
-0.208847
-1.34637
-0.149277
-0.228962
-0.735668
1.19056
-6.93854
0.194175
-1.8779
-0.380333
-2.08313
-0.0677418
-1.28287
-1.28888
-1.36332
1.2928
0.40128
0.168781
-0.747016
1.68818
-1.03578
-0.228559
1.13099
-32.3308
-0.221795
-1.00369
0.293067
0.298899
0.122071
0.429237
1.53386
0.531381
-0.590517
1.77715
-3.81627
0.155298
3.40308
6.49034
0.103325
0.430812
-0.429806
-1.01521
-2.80047
0.190822
1.6396
2.09905
0.312182
9.69819
7.63666
-1.00815
-0.470415
0.955832
1.2954
0.129193
-1.61247
1.19594
1.44486
-1.11587
-4.24663
-0.242556
-2.67129
-0.536314
0.302986
-0.125768
1.27423
0.0969468
-0.331724
2.24244
-3.56385
-1.2464
0.401915
-1.50978
0.626855
-0.993025
2.90275
1.10757
0.177239
-1.52312
-0.179787
0.577243
1.44113
0.464886
-1.47845
0.087138
2.82156
2.07078
-0.990134
-1.54365
0.33019
7.71078
1.17866
-0.686404
-0.469007
4.62074
-0.0020546
2.9501
-10.3054
3.32512
8.82919
1.81596
2.80771
1.02232
1.36626
-0.233543
5.95253
0.11646
13.8602
-16.9853
-1.05538
2.35614
-0.0987261
0.789432
-0.606041
0.810665
-1.38449
-0.851514
0.200471
0.46941
0.876695
-2.24147
-0.294377
-2.866
0.222659
0.790606
-0.454266
1.596
0.147296
3.66506
0.903262
0.550413
-2.36943
-15.7233
2.36042
-1.08429
-2.39758
1.41071
-4.01504
0.500744
0.725564
-1.82747
1.31702
-0.263162
-6.19018
-22.5454
-0.789249
-1.31686
0.98013
1.64083
-0.0952632
-0.745607
-4.16047
-0.150735
-24.6515
-0.284771
-0.524299
0.642363
-0.194031
3.42631
0.182853
-1.28201
-0.553167
2.30915
-0.580821
-0.456284
-0.368652
-2.19244
0.160678
-0.561559
-0.657179
1.81599
0.261101
-0.922127
0.0170856
-0.166478
0.10808
2.44168
-0.391635
2.36504
-0.177832
-3.94406
-1.07768
0.669561
1.36363
-1.50556
0.714739
14.6574
-0.592675
-1.99025
-0.199314
2.44308
-0.0750138
0.0912704
-0.443535
-0.663201
-0.203227
0.137372
3.46121
-9.73936
-1.19617
4.41668
0.19077
-0.343307
0.42885
6.21664
-0.441739
-12.5763
0.127057
-0.661451
0.110143
1.72739
-0.0976731
-0.68357
1.11959
-0.175273
1.09604
3.94731
0.189175
0.30289
-0.364077
-1.01827
-4.89476
-0.00338979
0.634954
16.9117
0.876089
1.1986
-18.6076
-0.926589
-0.528757
4.62453
1.36389
0.614267
0.64929
4.66031
0.514704
0.708298
-0.404541
10.0821
-0.8233
-0.455661
-1.18939
2.3582
2.51497
-0.0760091
0.144027
-0.841865
0.0198386
-3.43166
1.58679
-8.12491
-0.50928
0.422812
-1.48678
8.53208
-0.7583
-0.480947
-7.98671
-0.413334
0.678241
0.206035
-0.556775
0.249586
1.10783
-1.60199
1.77718
0.85166
0.225259
-1.93637
2.02719
-1.8289
2.3198
-0.335277
1.19169
1.02795
4.16397
0.117998
7.17843
-0.783149
0.119706
-0.768194
-2.09072
-0.315208
-0.681921
1.09358
-1.86827
-1.63517
-0.00145142
-0.198436
4.46353
1.94017
-0.26846
-1.95179
0.295487
1.07429
0.977104
2.06726
1.11142
-73.4742
0.909568
-0.168729
0.992551
2.07007
0.467234
-0.219591
0.75879
0.107518
-0.474307
1.0842
0.309464
-0.789692
0.578102
0.314065
4.67391
-0.34945
5.81011
-0.869365
-2.96458
-4.18864
2.0068
-0.69962
-0.474831
2.81521
1.58161
0.665836
-1.64485
0.45694
1.47198
-0.915579
-2.39658
-0.817304
-1.12346
0.023406
7.74033
-31.5625
-0.176704
-0.179051
1591.55
2.31711
1.01356
-7.06176
0.271777
-3.07663
-0.696425
2.23317
0.578475
0.507327
1.7191
-1.23026
-0.896893
6.15252
0.297295
0.551679
4.28801
-0.136691
-0.00691161
-2.52773
1.75083
-10.3187
1.29652
-0.340735
1.2551
0.530837
-1.39124
-0.44163
0.472884
0.225731
19.6015
0.649281
-0.173593
-0.556763
1.41399
-1.27591
2.50792
2.62121
1.27339
-5.38492
-1.44493
-5.56587
1.00019
-0.225672
-0.728969
0.949886
6.57708
-2.32744
-1.48987
-4.45163
-0.591954
26.6958
-0.652027
1.05717
0.313655
-118.073
-1.95738
-2.44624
-2.17288
-0.0581283
0.0616279
1.42048
-2.83569
19.5039
5.31417
0.951861
0.534693
-0.549068
0.273846
-0.193607
0.610612
0.14651
-6.77023
-5.64217
1157.49
1.52268
0.253384
-0.433642
-0.0730143
0.25526
8.32281
-2.07671
1.34348
0.908421
0.568464
4.78219
0.0715269
3.2944
-0.104404
3.03109
-1.16212
-8.77415
-1.32733
0.345482
-2.26365
-4.16412
1.43496
-0.232122
-1.33523
-4.59202
-0.889398
0.0657727
-4.38693
-0.234742
1.10391
7.55753
0.798863
0.590847
0.0755699
-9.937
-0.58329
-0.215396
0.496335
-0.81324
-0.789519
-15.6694
0.141049
-0.812839
0.202059
-0.690354
-2.13039
0.818468
0.438686
-0.917342
0.0110997
1.44635
-1.95314
2.97816
-3.2004
0.302218
-0.285148
3.32584
-0.880508
-1.92157
5.26546
1.73876
-1.38099
-0.960641
-1.65984
35.2564
3.23994
0.0748969
0.384114
12.3989
0.0994526
0.354093
-0.270778
-9.10923
0.160804
-0.147126
0.857755
-2.99512
-7.51752
-1.83336
1.58946
1.02778
0.864644
-0.0153039
-0.524936
3.47184
3.57261
0.345851
0.392349
0.169964
-19.2379
5.10891
-0.286416
-0.983981
1.61031
5.07498
-2.79631
1.28496
-1.879
0.156491
0.621995
0.590805
-2.79445
-5.15755
-0.588645
1.47669
0.0629336
-0.579129
-0.546996
-1.44627
1.6792
5.98452
2.44667
1.12296
-32.737
-0.637059
-0.701798
-0.28247
0.817377
-0.680734
2.13399
-1.34559
-0.578336
-0.414549
-3.25139
1.68713
-6.37943
1.35498
-10.5459
-0.314148
0.67245
-9.35857
-0.263807
-0.0816675
-0.363973
0.810764
-11.1755
0.108325
1.88079
-0.484352
-0.40738
1.35866
-1.00279
-0.862116
1.42142
0.155233
0.39252
1.45405
-0.594047
1.88072
0.491064
-0.546703
-1.64407
2.178
1.04296
-1.76236
-0.339946
0.666635
0.132558
0.993718
0.0713785
1.45717
-1.34116
-0.204166
0.379158
-2.03717
-1.31221
-3.08033
0.575782
2.13087
1.23791
1.58899
1.01401
1.13863
-0.128401
-2.96532
2.00062
0.450032
-0.893932
0.630853
0.986383
-2.8064
1.50499
-0.19439
3.60871
0.558299
1.93122
0.0843689
1.61265
-1.10313
0.0839165
-2.15737
0.222699
4.75957
-62.9526
-5.22549
-1.13606
0.181967
0.13519
-0.0182264
2.40398
-1.19188
1.18952
-1.38932
0.49693
3.27297
-0.577884
-0.0268199
1.53933
-1.67413
-0.233483
-1.93033
-1.13459
2.52025
0.463229
1.06802
-4.87093
-1.73476
0.011505
0.0410334
-0.697451
-0.0603508
-2.9169
-5.66823
2.14884
11.3368
-0.683768
-0.432414
0.815613
-26.172
1.65603
-0.960774
-4.55213
-2.02748
1.05159
-0.169308
1.52518
-0.971318
1.18986
2.84016
-0.477189
-1.16427
0.464095
-0.927115
-3.14764
3.65832
-2.03761
-1.46484
0.162032
0.68078
-0.883614
-0.649491
0.0103959
-0.516446
0.212968
0.504569
-2.84864
0.684815
0.191698
-0.726634
-0.528974
0.166126
-0.951591
-2.34652
1.08511
0.196719
-0.118148
-0.623565
3.05686
-0.197437
-7.38489
-0.0817876
-0.658975
-3.16611
1.65111
-1.67987
0.466867
-0.433063
-0.813454
0.533704
0.171127
0.354956
0.520919
0.278952
-2.59026
19.3648
0.733323
-0.208316
-0.507857
0.996056
0.952753
0.216363
-0.00345577
-0.861191
-2.7395
0.155922
2.55536
-2.57661
0.975294
0.703915
0.941406
7.37396
-8.73402
-0.22108
-28.5925
0.434448
0.369273
-0.0606378
-0.262266
-2.81324
-1.11355
-0.200363
1.57177
0.59086
-0.209899
0.93817
-1.32022
-4.40255
-2.73408
0.367917
-0.840641
-51.9759
0.68292
25.7591
-1595.95
0.460275
-5.75092
10.217
-4.41001
-0.0274204
2.86963
2.08885
0.687796
0.0229534
0.448189
-0.752901
0.239909
0.0865809
0.413754
0.144575
0.294408
-17.9448
0.859255
-0.0613063
12.3096
-0.686233
16.3789
-0.860485
-0.00894121
-2.03953
0.0799884
-0.414133
0.105046
1.75118
-0.305667
1.22474
-0.268271
1.22912
-0.130337
-1.82494
-21.2745
0.734555
4.59288
1.82263
4.57484
-0.775418
54.9697
-1.00968
-1.02202
0.554415
1.50078
1.24762
-1.24544
-0.645523
-0.504254
0.786392
1.75846
7.43499
0.184665
-3.95275
0.713065
3.15786
-2.81473
-1.18178
-9.77633
-0.205387
-0.456041
2.91139
-0.415974
1.81293
0.775181
0.0895379
0.9632
-0.246028
5.62657
0.834793
1.16814
-0.6105
2.2823
-0.1953
0.691444
-0.371263
1.06021
60.9851
0.204307
2.42766
2.32927
-0.513612
0.855848
-0.469636
0.485916
1.00498
1.44406
0.0461072
1.19045
-0.839066
-0.871452
-2.00631
1.71288
-0.713188
2.35174
-1.05676
0.0737218
-0.221884
6.26293
-0.739646
-0.395619
5.42981
22.479
1.10017
3.68924
-0.791137
-0.641795
2.0469
41.4872
0.5558
-0.195838
0.0590771
0.0986024
-1.27234
1.23037
2.62381
-1.07049
3.19029
-0.210683
5.35014
0.0356533
0.28975
0.483321
1.06757
-1.59957
-0.592692
0.293927
-8.73677
-0.966269
-0.0601396
-0.745685
-1.03245
-0.432384
0.38507
-3.36746
-1.33967
-23.5436
1.41064
0.25826
-0.612066
-0.733985
-0.862094
-0.0650755
-0.526769
-0.409565
-8.1935
-0.849662
1.71599
-1.56451
-0.060931
-3.00583
-1.05734
0.567658
-0.139021
0.97592
1.68816
-1.52552
7.3998
-1.29057
-1.3629
-1.24305
2.25814
0.900169
1.20339
-8.63174
1.93149
0.698475
50.7201
0.227458
3.07253
-0.731807
-0.0783161
-9.10696
0.448869
-0.0611045
-8.05811
0.188895
1.33258
3.62636
1.03556
-0.140069
-4.48266
0.216952
2.67641
-0.832929
0.882127
0.723705
23.4721
-0.462878
-2.15333
0.805726
6.90778
15.5844
0.560535
1.46426
-0.642216
1.44846
-8.90151
1.21525
0.171664
1.84965
0.724528
10.5874
0.810504
-0.185166
-1.63829
0.732482
-1.58096
0.535853
28.7089
-1.78547
1.11302
0.0333698
-1.25955
-2.30357
-4.28469
-0.332519
-2.2149
-0.14327
-0.996225
-0.94573
-2.78741
0.816508
-4.83005
0.733564
-2.17206
18.1262
-0.00977695
0.87174
-1.44672
-7.88345
0.66411
-1.08716
2.00759
-3.96062
0.0223247
7.05337
-0.913117
-1.59761
0.176319
14.6331
17.3397
0.162271
1.99636
0.213724
0.839725
5.65638
-8.88817
-0.408494
0.242669
-2.82085
-0.533671
1.18072
0.743912
1.05695
-1.69331
-0.235704
-4.34057
4.77785
-0.0635487
1.16138
-0.967071
-1.66516
2.67793
0.447047
1.93302
-0.286872
0.552614
0.0608207
0.0853878
-8.36537
-0.0678176
2.58046
-0.720813
33.9251
-1.54571
4.6419
24.5759
-0.578232
-0.477035
-1.4126
-0.151931
-1.25262
-140.154
-0.0635833
0.555402
0.424123
-3.7542
-0.315281
-4.4678
2.57019
-0.86031
-1.79155
-0.333912
-1.36318
0.526664
0.699714
-0.6172
-0.444757
0.560221
3.04736
-1.96156
1.47572
-3.30171
-3.60078
6.91437
-3.76159
-0.227088
-0.664644
-0.7674
-3.04565
-0.788204
1.17234
10.6615
-3.19821
-0.786621
3.51033
5.75407
0.60315
-2.80684
-0.340808
2.30631
2.78249
-7.80283
0.575163
-0.54424
1.288
1.4793
-1.65272
-0.385088
-0.871933
16.2239
41.8859
-1.39237
0.942308
0.694919
15.7243
0.933503
-0.21135
-4.36889
-2.36914
-2.40398
1.89395
-7.05222
-0.811186
-0.137449
-1.81094
3.1444
3.20563
-6.19642
-2.67998
-0.486359
122.095
0.538111
-1.52503
-0.295248
4.2532
0.597295
0.154127
1.44128
-1.12042
3.18192
0.681604
-0.405733
-2.07342
4.24943
-3.05173
-10.8861
5.02775
0.182792
9.49523
0.80287
1.52741
-0.013098
-0.883877
-2.13768
-0.152882
0.58695
-1.30707
-0.00754625
2.77165
-0.6331
-0.493554
-6.68853
5.49462
-0.401937
-0.113067
1.25888
1.08967
-2.02541
-0.50421
-8.41259
1.00763
1.97007
0.930421
-1.17763
-0.149129
-3.37531
0.0123942
0.412779
0.437027
0.871425
-1.10819
-0.323527
-1.87316
-1.06189
-0.014688
0.633967
2.73792
-2.77501
0.979675
37.7683
-1.22493
-0.975791
-0.755899
1.74692
-0.260373
-6.04483
-1.26825
0.609284
-0.0291937
-30.9403
0.493308
-1.90049
0.483173
0.298225
-0.341198
1.49019
-3.26967
-0.904729
-1.24433
-3.54651
-0.540735
-0.735257
0.875967
3.68232
0.241777
-0.549701
-0.414048
0.670617
-0.364311
-0.551613
-0.700608
2.46588
-0.115867
1.61011
0.479919
-2.78059
-0.397284
-3.76849
-26.5809
14.0403
-1.16469
-0.685877
1.11549
-0.409129
-1.75951
-1.30051
1.53602
0.568468
0.409004
-1.98839
-0.106892
-0.248618
-0.857133
-0.484845
-1.36882
-2.76159
-0.121162
-1.12959
1.41889
-0.289563
-1.01187
-0.793986
0.967905
0.118214
0.941211
1.23217
-1.13479
-0.640536
2.07184
0.226933
2.04324
-0.642616
-1.33437
-1.4033
-0.996982
1.42666
-1.14933
1.42972
0.491977
1.98254
-0.76756
2.47958
1.09353
-0.53559
2.23926
-0.529312
8.8846
-1.30197
-0.0752666
-2.61055
-8.90486
0.434695
0.240129
0.196438
0.224721
0.177342
-20.356
20.8254
-0.630586
-0.872199
-0.861366
0.430022
-0.133831
-0.514899
-3.31998
-0.963981
-2.09082
0.916169
0.804375
1.66387
-0.59872
-0.730756
-0.477521
-0.524567
-1.30247
0.278603
-2.96492
-0.420307
-1.2578
-2.56628
2.25027
-0.817278
26.7003
18.3409
0.336533
1.1429
-1.03102
-10.3468
-0.256941
0.670512
4.24148
-0.132814
1.04213
0.68694
0.225998
-4.9965
-0.729523
1.39328
-0.66464
10.4092
1.30057
-0.433589
-0.245295
-2.91216
-0.31253
0.0290208
1.37695
-1.19596
1.7106
0.0914795
-0.56858
0.983722
1.21504
-0.309436
0.200134
-0.921029
-66.3043
1.65944
0.00643093
2.68343
0.194452
2.38492
-2.62285
-0.48188
-0.164545
1.66031
-0.757618
-2.7859
-0.791678
-1.36538
1.15418
-2.40359
-1.2648
-0.0310741
3.70278
1.96025
0.475347
0.729017
1.03623
9.35109
-4.59486
-1.45853
-1.21185
-0.660688
0.243128
2.25408
6.8919
0.957728
-1.3627
-0.925072
0.535081
-1.50312
1.77158
0.177423
-0.586406
1.01045
1.56754
-5.84963
-0.374275
-2.91822
2.68315
-1.55655
14.7249
7.03651
0.489459
0.07183
0.0938591
3.36847
-1.13195
5.56234
1.56999
-0.012058
-0.653312
-0.536589
0.235107
0.551048
-2.23133
-4.43568
8.30629
-0.0577311
0.627735
0.127498
3.81381
-0.167834
0.968994
-3.24152
0.713629
-7.91204
17.7084
0.502254
0.258921
5.69572
0.357009
-2.03292
-1.95648
0.521339
10.8476
-0.35921
-8.01252
1.08731
0.284187
-0.918801
0.243214
1.06593
2.3939
2.62855
-1.10888
0.202285
-1.6483
0.976699
-0.70565
0.460744
-0.746488
-0.432918
0.753758
5.87021
-1.37261
0.0335239
-0.566109
0.15368
-161.114
-0.126109
2.9458
-2.61465
7.62605
-0.0592726
0.26815
-1.68846
0.344849
3.67352
0.269268
-0.64008
0.739471
-260.823
1.08002
-0.772233
-1.92661
5.50444
-0.0690233
-6.33015
0.195055
-0.891003
4.53419
1.2226
0.332083
-18.9484
7.11528
-7.86054
1.86357
1.30776
0.626273
1.87711
-1.28478
-1.17382
6.04962
-25.7653
0.957355
2.44865
7.75183
0.083328
1.46248
-2.22087
13.8336
-1.28318
-0.17413
-2.42654
0.259233
0.0541574
18.1864
-1.48654
-0.551995
0.757336
0.416501
9.46697
-0.575012
-1.28145
-2.03294
0.381492
-0.196807
-0.0824297
-0.49619
-1.26055
1.17582
-6.71519
0.0556068
2.40055
-0.918332
-1.04815
-0.363596
0.437982
0.545964
-2.46467
100.696
0.360484
-13.9873
-2.51017
2.58065
0.128497
-27.6099
-3.96813
4.52804
-2.04148
3.7486
47.3464
-0.0989958
-0.195981
2.15494
-0.947183
1.26994
-0.0478515
-4.59865
0.694625
1.0836
0.486681
0.377362
-2.07721
0.850853
1.99466
0.299882
5.84669
-0.984575
10.3668
-4.07679
-5.88935
-5.83977
0.951693
1.63437
-3.52834
0.288212
-0.290912
-2.41658
-2.2068
0.363372
0.00710326
0.676403
0.181172
-0.834531
2.16182
-10.2334
0.35503
-20.7394
-0.207867
-1.22608
-1.83359
1.11768
2.17032
-0.229253
-0.749584
1.75521
-0.246338
-1.20255
-2.93625
4.627
-0.505456
4.45252
-0.257108
0.498455
-3.80749
-2.99396
1.59785
8.29597
-0.136607
-0.34645
0.646988
85.9793
-0.226206
1.6507
0.133869
0.481961
-0.686104
1.8098
0.34938
-0.980395
-3.6724
-10.9047
0.540634
-7.65568
2.27109
-42.819
-1.83608
-0.431277
26.4823
-0.821231
2.02276
0.263858
1.25624
0.235157
0.475832
0.117517
0.483611
-0.00279602
-20.7804
0.0904152
-0.809318
-48.2825
2.16974
0.895754
2.67229
0.0112128
3.245
2.12641
-5.79887
-4.02684
0.240056
-1.61876
-1.66051
0.862921
0.380366
0.146981
-1.43911
-20.6988
-1.46371
0.630445
-0.343051
-4.63367
1.35354
-1.1826
-2.03059
-0.666871
1.12569
2.81964
-1.23127
3.00029
0.531393
-0.912523
0.642021
-1.586
-0.849349
-0.158494
4.97755
-1.27673
0.846271
-0.985634
2.88519
0.47893
-2.4974
-14.3124
2.28509
4.45389
-0.289825
1.92644
-1.22818
-0.73119
8.91408
-0.993312
-0.988456
-0.520332
-0.642332
-5.46613
-0.0768528
0.797418
1.3472
0.312937
0.640602
0.893288
-0.558167
3.14831
5.80825
-0.102772
-0.746473
-4.09314
-5.04265
-4.40555
0.0422985
-0.0683951
-0.152712
1.93865
-0.144492
3.23564
-3.53409
9.08983
0.647095
-0.24412
-0.0687329
-1.35958
-0.0600576
-10.6252
-1.0649
0.601933
2.81484
1.19782
-0.68869
3.86189
13.2344
0.224945
-0.655974
-0.725444
0.251579
-1.03328
-1.52656
-3.87257
-0.395953
-1.98118
-0.0891706
-2.04742
0.119683
1.89409
-0.0124351
0.95125
0.704451
-2.4268
1.38989
-1.58045
0.51579
16.7209
19.6646
2.44107
-0.0567225
0.853391
-0.239125
0.696788
-0.337148
2.65583
12.4286
7.26526
-2.39172
-4.14038
-2.74907
-4.11626
-2.40363
-0.0653847
0.450032
-1.44947
-0.386997
-2.36941
-0.270873
0.993087
-2.49752
0.404577
-1.0008
-0.28282
-1.46772
-0.052894
-0.505559
-0.986786
-0.244759
1.09604
0.0840968
0.311124
1.08178
-2.43618
0.228053
-0.0881795
-0.221433
58.561
3.79456
-5.8762
6.02831
-10.4353
-3.56498
-14.8292
-0.865665
-0.0387741
11.302
-0.971806
2.25097
0.753803
-0.0022054
1.11524
8.14052
-0.502494
0.748064
-0.70711
1.6084
0.308424
1.06199
0.0211586
-0.691194
2.34848
64.1702
-4.54173
-0.0534768
-0.303848
-0.151821
1.30071
0.397266
-1.92113
-53.2864
6.45208
-0.569108
-0.620032
0.323527
3.09601
-1.66458
-1.81097
0.414103
-0.68252
-0.260621
-2.3966
47.0384
8.47862
-0.187097
-1.78642
4.56548
0.0972576
-0.606084
-1.37378
-7.04509
-1.17241
-2.39419
0.205747
0.659768
0.996406
-0.0564861
-0.146744
-1.76975
-0.0902346
4.78715
-1.97553
1.85281
-1.26139
0.677984
-2.44039
0.532913
0.292163
-2.03599
0.771416
-3.56381
-0.72004
7.54459
-0.0342473
-2.00086
-0.779167
5.55994
-3.79632
-0.341612
-1.50393
0.315284
-0.075731
0.0998302
7.45467
0.0886766
0.261524
0.3829
-1.95404
0.286508
-1.75424
-0.197443
0.632563
86.0956
1.66644
-3.86058
0.133984
-1.13348
-1.41817
-1.16173
-0.343732
103.647
14.2193
-1.14265
-0.358508
-6.16076
-4.5404
0.0109709
-1.32212
-1.80929
-0.512065
-0.904107
0.5472
-54.0803
-0.508968
-1.76387
1.80138
-0.71519
-0.156913
1.80237
-1.85915
4.87671
1.11202
6.8608
-1.03847
-0.337082
-0.321592
0.913053
-3.4618
-0.691909
-1.29957
0.180679
-0.489872
-0.604354
1.03904
0.362434
-0.914679
-1.17554
0.409932
-1.32052
27.9689
-0.291975
0.866699
0.891268
5.42704
0.780724
1.50899
1.56062
2.9742
0.672267
1.39213
1.00162
-0.559491
-0.879761
-2.36506
0.513374
9.28542
-59.794
1.06482
-0.0120109
1.12132
0.804701
-5.9451
-0.0557077
0.206615
1.86267
-3.33782
1.33488
-0.157045
-0.851996
0.771366
-0.645451
-7.60502
5.44537
1.52114
-0.676252
5.87646
10.9382
-1.11414
0.380506
-0.441288
0.679774
0.633131
-0.300858
-0.955075
-0.887538
-4.63292
-7.7163
4.59163
-0.800378
1.28451
-8.25078
0.211878
-55.2591
-1.97196
0.924857
-0.0597423
0.60666
0.346569
0.551384
0.431523
0.27858
32.5068
-2.35793
-1.27517
-0.943566
-0.470806
-1.76097
1.52184
-0.136822
0.556146
-1.11087
-42.8709
-0.368352
2.05216
1.76708
1.29084
1.93311
0.613761
0.0665963
1.64722
0.335602
0.629138
-0.561282
2.11604
1.34829
1.085
-0.87483
-1.08896
0.63023
1.36499
0.779334
6.02949
-0.201379
0.173152
-0.0992464
-3.08765
-0.248992
0.228899
-0.292214
-1.10822
0.204068
-1.89867
-1.22002
-0.310617
-0.995855
-2.11559
-0.516279
-0.217564
-0.0713816
0.380855
0.661899
-1.03332
0.136905
-1.0995
15.3482
0.837643
-3.45991
-0.654303
0.182327
6.69925
1.10284
-0.440181
-0.356375
-0.600385
-0.658687
-1.17456
-12.3227
-0.420577
-0.446071
-0.213937
-0.220892
0.964321
0.861743
-3.97974
-0.722829
-0.770655
-0.158446
0.712472
1.96924
0.365846
-0.0249526
-0.170248
0.473288
-59.7852
-1.2105
-1.42276
-0.076897
-1.06028
0.250393
0.717495
3.38608
-5.95723
-1.40282
0.0625803
-0.330723
1.23974
-1.13199
2.30108
0.51573
-3.9294
-1.26832
-24.356
-1.43763
-5.56274
0.865116
-0.235528
0.744576
2.10058
-1.6837
-0.500339
-1.84836
-56.5652
-0.305372
4.28485
-0.668501
-0.121009
0.285556
0.121886
0.235525
1.65606
8.55905
0.267137
1.27254
0.234116
3.35934
-0.822184
57.6173
0.89404
-11.1237
0.821152
0.620859
7.27474
0.256381
1.20988
0.176474
-0.463908
-27.1605
-2.33384
-0.132127
-4.65965
4.10946
3.46199
-0.693443
1.9427
-1.19261
-0.573596
1.09125
1.52827
1.06701
1.37981
0.224338
0.0932633
-0.919039
0.922429
-2.47839
-0.0748843
1.52085
1.48112
-0.640704
-0.706267
0.730076
0.608475
-1.17818
0.986309
3.03834
3.58972
0.25945
0.485186
-252.754
-0.445122
0.798262
7.91702
2.1391
-0.110204
2.26943
-1.01792
0.990626
1.15429
0.0166708
-0.225866
-0.665904
-0.386766
0.410189
-0.524223
-2.31342
-0.576334
0.370941
8.60761
-2.30613
0.802875
0.725358
0.547266
0.715736
0.400343
0.0606819
0.0405739
0.842659
0.382824
1.97147
44.2452
-0.311427
2.61261
-5.75332
12.435
-3.74598
0.783225
-0.95947
-0.0269425
3.34481
-0.0364649
1.44275
-2.15782
0.339375
2.25869
-4.66069
0.11787
-1.86733
-0.91166
-6.13311
1.26043
0.608914
-0.479536
10.2914
-0.740643
-1.05008
0.962776
-1.32926
5.31628
-7.58075
-0.229491
1.18497
3.75565
0.0877426
-0.732299
1.43244
-0.964303
7.33175
-0.941004
-6.61788
-0.439379
-6.31645
-1.57102
-26.1007
0.200278
-3.72597
-0.593104
0.825844
5.02305
-1.43524
-0.14387
0.427007
0.197978
-1.50403
-1.66383
1.15594
-0.434448
0.475304
1.7592
0.52365
0.559198
0.302013
0.117561
3.63822
0.533821
0.303621
-0.259538
-0.501951
10.2426
-0.240381
5.88328
-0.790545
-0.0840303
-0.89708
-0.660756
1.94427
-0.248481
0.34356
0.506387
-1.37796
-0.890451
0.552228
-1.67724
-1.00884
-3.77328
0.475882
13.5604
2.63742
54.7239
0.320196
0.364237
-0.843648
0.198553
-1.61333
-3.31969
-0.858808
-0.0248614
-6.65318
0.165103
-0.171816
0.365725
-0.639402
-1.99437
1.41207
0.0752444
0.745143
-0.212715
0.954769
1.90558
0.946813
1.61563
-1.07959
-0.152991
2.08332
-0.552761
1.84801
0.425596
0.178872
-0.807676
0.0547119
0.210802
0.0871633
-14.9107
1.84933
-3.32849
8.7659
0.0605022
0.446666
-4.94041
2.35086
1.55151
0.072629
-0.609073
0.600407
-3.34584
0.0738608
0.596341
2.30766
-0.0862074
-2.31819
0.663128
-3.34081
-0.826214
26.8923
3.92999
-0.834649
2.00524
0.623779
-0.821826
-0.689542
0.378202
0.458464
-4.42669
2.18587
0.201526
1.22869
0.273282
1.50426
1.63472
1.99509
0.62254
3.09182
-0.120655
-23.6239
-1.27648
-9.98015
-1.66081
1.20739
1.49876
6.78817
-4.4464
1.12221
1.70345
0.333688
-1.48045
-0.54156
4.71875
4.11335
2.69839
0.608897
-1.08565
-0.183016
1.49792
-0.863146
-0.338898
-0.413022
0.30531
0.0313445
0.194951
0.261705
3.8782
-1.56514
0.398314
-2.34243
-1.72056
0.524796
0.463779
1.14693
-0.952867
0.424943
3.2555
-2.24386
2.54658
-6.02795
0.050396
2.29423
1.17358
-1.067
2.65525
0.37073
-1.2752
0.797768
-2.58364
29.5385
-0.503494
1.74854
0.490674
-0.0640092
0.485248
0.869983
-6.42575
-0.203577
4.0155
0.248251
-0.0796754
-11.9525
-0.436492
1.38116
0.184188
-0.308115
-46.1536
-1.87033
-0.846039
2.82629
2.69214
-0.621542
0.462279
-0.133687
0.438873
18.9622
0.399184
-0.747804
0.00906374
7.28084
-0.81002
1.15566
0.520045
-0.262598
-0.160607
0.164983
0.859059
0.960792
2.84427
-1.71534
-0.073128
-19.1449
-0.236526
2.00741
0.199507
0.950245
1.55096
2.93628
-1.56437
1.37278
5.13397
-0.609134
0.784934
-1.55725
-4.75946
-1.26451
-10.3636
0.154744
0.98124
-0.448156
0.533248
-2.00508
-2.02985
0.858901
-0.342299
-2.43455
-0.829953
-1.06495
0.517688
1.21539
-4.89205
0.0130383
-4.99082
1.41299
0.256234
9.16638
0.398452
-29.5769
-0.0890344
11.3982
7.097
0.513691
3.09229
-0.122048
4.69699
1.39979
7.07175
0.230298
-1.08146
3.06223
5.73325
12.2301
-3.15321
4.73613
-0.0628863
-1.37014
1.67129
-0.445051
1.06245
1.17326
-0.536015
-0.765126
15.4937
-0.257443
-0.68159
2.72246
-0.871043
-2.22139
-2.9836
0.712316
-3.27724
-0.191669
-1.11769
1.17013
-0.0662618
0.205207
-0.345226
-1.03387
-5.3383
2.4483
1.60606
-0.739481
-0.808767
-0.553992
-3.0986
-1.61346
0.924682
-0.812661
-3.62942
-1.48934
15.0116
-0.792287
-2.06967
-0.874092
1.44693
-0.154702
-0.695124
-1.66112
-0.390585
2.05859
0.22254
1.06503
-3.3656
-0.0243459
6.77813
0.0597613
0.371223
-0.144248
0.0515993
1.09888
-7.82857
0.658646
12.2277
0.381682
0.0962841
-5.16743
-3.50661
-0.926665
-0.476996
-2.9855
-0.0149928
0.22477
1.41222
-2.7175
-2.31367
0.211717
1.24207
-40.7363
3.79548
1.68392
0.484496
0.56051
2.89453
-0.545067
-19.5942
-12.5618
-0.283111
1.65807
-1.6215
1.53454
0.369201
-2.30375
1.25901
-3.56585
1.4649
0.524463
-0.106361
-0.211839
8.26951
-0.274157
-3.72469
-1.97044
2.89303
0.983369
-1.4538
-2.73052
-0.228417
-1.45676
0.0785026
0.658358
-3.29645
0.363714
8.27343
-0.199768
0.239076
-4.09292
2.43744
6.11563
0.212912
0.165274
-0.793325
0.0399761
-1.38665
4.50057
0.820526
-26.177
0.675634
-0.17422
-1.41878
1.04618
-0.333447
-31.5619
-0.893791
0.26144
5.19984
0.0566941
0.00721322
15.4975
0.0766853
0.469314
-0.563557
0.248852
-1.54514
-1.78467
0.827298
0.85587
-6.60612
-0.296344
-0.157521
-0.00709698
-0.501188
1.1144
0.407849
3.0025
-0.691277
2.77326
-2.8419
0.145849
0.0911374
0.236699
-0.126763
0.511787
-1.70934
2.68346
-1.44886
0.126926
-0.249375
0.186654
1.47471
0.179563
0.239222
-1.41868
0.0966456
0.28912
-1.02882
-0.571627
-3.21271
-6.68435
-1400.48
3.06451
0.324972
0.153387
42.9085
-3.91656
0.914898
-2.35743
1.36756
-1.56469
-0.381812
-1.05577
-2.72917
-0.0440012
6.44379
-0.456181
-0.146709
0.542739
-0.40881
-0.117638
0.251429
0.913105
-1.22025
-2.06779
0.836585
-1.01815
0.910412
0.996563
-0.448808
-0.0124005
-0.420651
-1.28158
0.64136
0.140998
0.26151
4.29741
-0.659146
5.46848
-0.478281
-0.0782813
0.613635
0.918072
-0.155211
-0.223141
-0.321939
1.38496
0.404384
-3.4196
-1.94447
-11.2779
2.80782
-0.347055
-0.315958
-0.267231
-1.694
1.49418
-0.308569
0.323191
-1.31249
0.0673694
8.77691
1.8986
-0.979194
0.410876
-1.23471
-3.78744
-0.478362
0.853065
-5.37073
9.76857
0.826267
0.47195
-0.35606
0.194478
169.582
0.115734
1.99026
0.415211
-164.604
-0.822284
-1.46117
-3.09705
0.593729
-0.736371
7.89427
1.25587
1.06187
0.826383
0.603128
1.25748
-2.02071
-2.57139
-2.80139
0.857477
-1.70441
0.349803
3.82291
-0.687629
3.57062
0.354662
-1.44634
-1.08045
2.13228
-4.87587
-1.71622
-6.95621
1.49675
-0.359905
0.855902
2.20857
0.0157344
6.82026
1.91934
0.673545
1.63612
-0.420348
0.720068
-1.91318
-6.48365
-0.258143
-0.00899462
-0.388399
-57.0994
1.50073
1.71429
4.70315
0.3104
0.75206
0.326122
-0.366142
0.199004
-2.22296
-1.18228
0.393499
5.27558
-1.05607
-0.701545
-0.842149
-3.36768
0.114655
-0.325733
0.115145
0.977031
-36.7556
-6.31446
0.464073
6.98468
-0.459815
1.0842
-0.885383
-0.411595
-1.63919
-3.70355
-0.651646
1.4258
-0.982159
-0.202334
-9.28334
-0.448457
-250.311
2.72694
-1.69507
-0.898459
-5.16433
0.0326213
-4.17132
0.171962
-10.2818
-0.0196595
-0.492106
1.04473
0.162912
0.649831
-3.78077
2.00383
0.125133
0.723585
-2.33271
-0.129615
2.25618
-0.704258
0.457921
0.58821
-0.888009
-1.50707
-1.53622
-0.17478
1.13987
1.50503
0.608488
15.1291
-0.230451
0.105052
-0.0178147
5.68879
0.547086
0.245845
12.9263
-7.37332
10.8757
-2.36239
0.71585
1.09226
-0.496876
-2.3675
0.636238
1.17465
-2.01766
13.5697
39.1777
1.99432
0.53994
1.34965
1.60795
1.06972
-0.625351
-0.264224
0.186713
-20.351
0.71643
1.01188
2.82294
3.71279
-3.87671
0.855429
0.035323
1.2348
-11.1859
-0.247008
-0.280273
1.43644
0.28911
0.383353
-0.45924
-0.265606
0.0452761
-0.561803
0.184649
0.336641
-1.0138
0.537662
-14.5557
-4.21757
26.2375
-0.525926
1.15451
0.71101
0.324982
0.200941
-0.693811
-2.6998
0.618637
-0.982696
-0.219292
6.55919
0.0907699
-0.312523
28.4928
0.169744
-0.306097
1.80221
0.0419743
0.381999
0.8203
0.724275
-0.495967
0.642496
0.239335
-0.793458
-0.704169
2.39974
-0.347516
-0.247551
-0.779854
1.41237
3.33313
-106.432
-2.50278
-6.11065
-0.60068
2.84873
3.00039
-1.97733
11.2344
1.82562
-5.71506
-0.10775
-2.29237
0.226358
0.423701
3.91989
-0.064312
0.806193
0.988555
4.31171
1.42479
1.03875
4.66203
-0.015351
-0.49457
0.429196
-1.53837
2.73888
0.247441
-1.63273
-0.150221
1.14389
0.232095
-3.98603
0.0141067
-1.06535
-121.858
-0.0840778
0.809198
0.572624
1.25263
2.43096
2.05452
1.04264
-0.532066
0.342303
-0.423786
1.0444
0.744684
-0.46764
-1.01407
-1.45005
-1.17558
-2.5452
4.9881
-3.85866
-0.920843
-29.3712
-0.176325
-15.23
0.154037
-0.524223
-4.38721
-4.47433
0.194791
-0.151275
2.41531
1.6774
0.754956
-0.0553327
-0.401495
0.492652
0.215857
2.27576
0.219822
-0.495677
-8.08193
0.229197
0.855826
-0.141183
0.351521
1.43448
-2.68312
-1.67786
0.297267
-0.367353
-3.54224
-0.939252
0.392269
-0.385023
0.458517
-9.58718
-2.38477
-1.25789
3.80649
-0.0958593
-1.54136
2.74105
1.48933
1.97682
-0.270876
0.0600923
-8.03753
1.65665
-0.595991
1.27821
2.65495
-0.595464
1.47657
0.117428
-5.448
-1.05956
-2.78504
-2.41709
0.884207
-1.0227
-4.0564
0.938643
-0.710556
1.09738
7.01121
-0.660025
3.97759
-0.371985
0.0320112
-1.28163
-0.76754
0.873046
1.32131
-0.521495
1.73549
-2.61559
-0.634029
3.76622
0.772048
-22.4723
6.79928
-0.389213
1.09313
0.365839
-0.771171
2.53627
4.06833
-0.0531271
1.69453
0.946003
-3.91978
0.906582
0.794785
-1.04051
-23.7298
0.15851
-0.574699
-0.710022
-0.382118
0.174764
0.302606
-1.0632
-0.599027
3.29216
-2.8876
-0.751583
0.784604
0.0792929
-2.34427
-5.38101
0.205181
-0.358596
0.0364806
-0.0669718
0.967369
-0.735944
-0.117151
0.345275
-0.433489
-33.3211
-0.312816
0.963085
-6.27696
-1.3974
0.801461
-1.67602
-0.0963444
-2.8844
0.555751
-3.36925
-0.528214
-0.564231
-0.847889
22.8443
-0.655062
0.616072
0.0113291
-15.5044
1.22689
-0.392824
-0.380477
0.64958
-0.938956
1.70637
0.229263
-0.683957
-0.942699
9.29145
11.1267
0.531707
-0.985417
-0.265835
1.2897
-1.38352
1.02195
1.05119
1.24052
-0.676751
-5.40377
1.1473
119.393
13.1203
0.62186
-1.73961
1.18172
-1.15804
-81.5356
0.4577
-0.499939
5.77569
-0.947082
0.733932
1.1982
-1.32966
-1.04721
-1.2369
0.042031
1.51156
5.83092
22.7674
-0.20167
-1.19157
0.14361
-0.374623
0.289709
-0.119874
1.73085
-0.296707
-0.2334
-0.835993
0.375436
-6.9096
2.28506
-2.54339
-2.72805
-0.228146
5.63829
-2.00615
3.90243
0.420507
-0.66105
4.96809
0.138967
0.10477
-0.121733
-14.3849
-5.00198
0.952657
1.81074
7.59477
7.93667
1.75671
1.10528
-5.12249
0.531486
31.3129
-0.494176
-0.0326653
1.20829
-0.610642
-0.904826
1.71493
0.894226
3.08055
0.2645
2.23703
0.179255
1.14113
0.231963
0.515666
0.629545
-9.03737
0.540772
0.395427
0.138317
-0.926438
-0.491361
1.6798
0.667288
-1.10185
-0.0358987
-7.29618
-0.785462
-0.29494
-0.105138
1.41106
0.902207
-29.0508
3.00795
-1.90941
-1.04887
-1.53938
-0.506814
-1.54945
-3.93396
-3.34966
0.117135
-5.93104
-0.309243
-0.275049
0.78249
0.614972
-0.748618
-2.65925
0.233954
0.6828
14.6996
4.29705
-0.11223
4.55091
1.49023
-0.123745
-1.99121
-16.6905
-5.33854
-0.581901
7.6873
-0.892295
26.2418
-0.993705
0.3723
0.166242
-0.547311
-0.112656
-0.0881637
-0.694555
0.763922
-0.0689507
0.115851
-0.62686
1.94514
-0.100966
15.0308
-0.00353431
-0.00416892
-0.756545
-0.0550711
-1.1454
0.705142
0.102687
-1.43297
0.176098
-1.64783
-0.181961
0.211044
1.34687
2.07913
-0.853168
2.70538
1.15955
74.1763
1.87648
1.22166
-0.616363
14.4489
1.14993
-0.083211
-0.936412
-0.442197
-0.619789
-3.01754
-0.219795
-1.43367
-1.06966
2.40638
-5.41731
-7.35884
-0.0293666
-0.496034
-39.7076
18.2534
-0.470372
0.531989
-1.76602
2.18796
1.12574
2.20163
0.195472
-8.89232
-0.924041
-0.208889
-0.152557
-19.0569
0.221637
2.64446
7.65927
-1.90013
-2.04327
0.206091
-0.0315552
1.56295
0.38634
1.23213
0.225051
-1.71206
0.154297
-3.36368
-0.946528
-15.0394
-0.244639
-27.9306
1.4956
2.51242
-0.818295
19.6051
1.10499
0.46674
3.32133
1.96016
-3.67018
-11.7882
26.2029
0.442539
0.192092
-0.703483
-1.7752
3.88208
-2.77086
-0.841441
-0.444806
0.443166
-2.03701
-2.0502
-0.37928
-0.0860808
0.597819
-1.08235
-7.70684
1.69596
-0.786006
-1.61376
4.17078
-0.151677
0.971129
-0.0293949
-4.32677
0.497914
-1.13451
-1.0903
0.0521726
-0.596877
-8.65655
0.537836
-2.40711
0.619828
1.32694
-0.252518
0.440583
0.771532
3.44768
-0.073567
-0.821073
0.177313
-0.351807
-5.04921
144.487
0.817592
0.833003
3.6949
-0.00567378
-2.8283
4.28601
-1.23951
-0.978038
-1.90308
0.138234
-0.735315
0.836863
1.07127
0.316117
0.647666
1.07635
-0.264557
-0.732453
-0.134662
0.480514
-1.09035
0.322875
0.147058
0.205688
-1.24603
-0.832423
3.64818
-2.98712
0.047269
0.857259
-1.08049
-0.0311338
-9.35921
-4.25145
-3.90128
-1.93919
-4.18055
2.19419
-2.47695
-0.303951
-0.356746
2.78128
-0.0825594
0.986916
-0.323798
-0.345109
0.36206
0.406322
2.07267
-0.846034
13.9273
-2.69629
1.12554
-0.0511142
1.31504
-0.176591
1.98808
-1.06814
-3.05037
0.884218
-0.693345
-0.824661
0.312685
2.26555
-1.25707
1.08716
-0.827923
59.906
-0.620232
-57.742
-0.108818
-0.22026
0.140469
0.855837
-1.45645
0.0266784
3.51935
5.56245
0.213812
-1.28974
-0.623582
-1.27769
-3.20816
-11.1375
1.7086
-0.586342
0.056817
8.45009
1.3404
-1.14414
-1.35804
-5.30843
0.536124
-2.02538
0.45846
-0.249085
0.487801
1.54659
-5.94736
-3.22424
-1.34726
1.29388
0.815053
0.940305
-0.269002
0.193125
5.26853
0.0445301
-1.15852
0.624971
-0.595008
-4.18749
0.933162
-0.0191975
-0.561857
-2.73563
-0.345968
0.79289
0.453773
-0.591674
-0.714981
-0.289359
-0.482414
-0.758786
0.0923792
0.621386
0.952148
-7.24587
0.383134
0.215623
-1.09448
3.43767
-2.25689
0.0055701
0.202004
-0.250734
0.130695
1.29722
1.77006
0.943453
-1.65987
-0.150051
-1.2479
0.0718584
0.296601
13.0975
-1.59861
0.425833
-1.94647
-1.35538
4.42332
0.290472
-22.3628
26.5864
25.5931
-0.948459
-0.179187
1.44102
-0.0200806
0.100947
0.462817
8.7454
-0.849825
0.297254
3.49143
0.251816
-1.2617
0.166388
-0.00190695
-50.4966
4.87523
5.40237
1.26373
2.08419
-0.336225
4.30164
-1.06695
-0.814212
-0.452002
0.726787
1.75169
0.64738
-0.453205
4.5327
-0.847862
0.0535241
-2.72136
0.795657
1.23612
-0.470035
17.8992
3.46992
0.979607
2.65674
0.144408
-0.684894
-10.0157
4.42727
0.806929
0.0318068
-1.1476
-0.7017
0.147203
8.09847
0.428058
0.0942679
-1.26659
-7.92036
-1.15248
-2.39392
-1.17544
0.386463
0.0868468
0.571465
-0.319112
182.62
-0.168073
-1.23181
0.538326
0.574365
-2.7419
-0.453008
-2.48277
0.929917
1.60452
-0.143196
0.526127
0.164822
48.8887
-1.03731
-0.874153
-0.794826
-0.567612
0.349084
0.133479
-7.08313
-3.38141
-0.106028
-0.0620537
-0.704512
0.319108
0.384338
13.1964
-1.94594
12.106
0.316487
-0.690228
-1.30919
-1.27168
-0.802126
1.13888
0.63226
-0.0633152
-0.454592
8.22333
-0.249632
3.08272
-0.513676
1.06118
-0.158497
0.376788
-0.691667
0.132095
1.36256
-0.281266
8.71653
0.605225
-1.89379
0.804121
-0.566043
1.45241
-1.6994
-1.32082
0.246628
-7.12467
2.22358
2.86346
-1.59492
-0.0969627
-5.53135
2.94714
-1.31981
-2.23781
-1.46243
0.969506
0.888712
132.903
0.0916474
-0.0594113
-2.70087
2.55602
-3.84999
-0.531187
-0.680679
9.34304
-1.34811
-0.527805
2.38122
2.52198
-0.825918
0.00171531
1.31237
3.38985
-0.329204
-11.0118
1.99689
-0.423019
-0.221466
-0.763131
0.585798
0.750335
-0.194103
1.16492
-4.48491
-0.859611
1.58341
2.48988
15.2889
-0.0410113
-3.08767
1.91551
-0.0903043
-1.25858
1.24818
0.24379
-1.80215
-4.41397
-1.30839
0.42386
0.29907
0.341187
1.00662
-1.22478
1.26864
3.4865
-0.370326
-0.0648673
0.412757
0.903599
4.82928
1.2025
-1.32754
0.249506
6.86791
-0.370519
2.47089
2.46365
0.659976
-0.82947
-4.17199
1.05725
7.88494
-0.42933
0.477216
-0.199229
-0.0720921
7.63554
1.40791
1.23975
-0.383981
0.606251
-0.165871
-2.91619
0.156163
0.846734
2.55309
0.604629
-0.0940207
0.82595
0.854021
-7.11358
-1.39562
2.36371
-2.69007
0.766432
-1.19304
1.97668
2.10892
-3.0563
0.784305
-3.49348
1.0072
0.0874862
-9.48054
1.70938
0.495799
-9.83686
7.73345
0.774779
0.069017
0.97497
-0.0719879
-2.31148
-1.97773
1.10653
0.40514
-0.879739
0.180157
-3.28924
-1.07808
11.614
5.78748
0.617013
-3.79834
-0.646734
-1.23246
-3.6324
-1.41607
-1.67486
1.23273
2.6405
5.84227
-0.00241903
1.56843
-1.32482
0.529292
0.848721
0.416741
0.289965
-1.11718
4.41571
-0.944386
0.408942
0.854613
-1.47825
-3.00583
-0.2836
-1.41432
1.57675
0.100858
-0.234368
1.92732
1.74363
-0.500775
1.12049
1.42837
-0.341854
-1.89809
-0.390299
-0.0869987
0.175716
-0.879744
-0.902606
2.30943
-4.47563
-0.0572961
-1.2467
2.5685
0.234921
-1.97319
-2.39413
1.47799
3.4147
4.24357
-0.251482
-1.76264
3.12969
0.833791
0.395637
-3.66223
-0.482836
-4.3474
0.293613
-0.569824
0.278884
0.315585
0.12888
-0.965389
-1.07701
0.673015
-0.924804
0.348848
0.849359
-2.88912
0.681686
0.781123
-8.33907
0.48728
-0.722887
1.4423
-1.01894
0.0945056
-0.349253
-9.92083
-0.15977
0.809734
1.33711
5.76363
-0.0408729
0.942527
-10.0857
-42.5057
-1.38757
-0.719796
-0.0475933
4.37271
0.0317156
-1.12093
0.350043
-0.728229
-2.11032
-15.3957
0.732811
-0.244036
-1.16888
0.165981
-0.618832
1.03945
0.436133
-1.14303
1.85373
2.34284
-0.900937
-2.20728
-1.4439
-0.426784
-1.7189
-0.266094
-0.453474
0.490277
0.504561
0.0883758
0.573279
2.98643
-0.674655
0.0544945
-0.734565
-0.471505
-1.41163
-17.3766
-0.797768
-3.12193
2.36187
-3.01345
-0.771461
-0.589746
0.97188
0.552782
-0.449125
0.563259
-0.397914
-0.0456854
-1.71407
-1.60877
-2.49938
0.730202
0.673157
1.02765
1.5001
0.836714
-13.9149
0.253725
2.65113
-0.335082
-1.12363
-1.24918
0.389361
0.00460247
1.6313
-1.59706
2.11909
-1.04649
3.55137
-0.258522
31.9805
5.93313
0.17685
0.427449
-0.246934
0.272479
-0.461044
1.16745
-0.223691
-0.699653
2.21951
1.35745
0.254812
0.475701
0.816523
2.25431
0.249219
0.136588
-0.978093
-2.67329
1.39943
3.85824
-0.190656
-0.927746
-0.65051
1.72543
1.16876
-5.09969
0.514236
-11.4321
-1.8895
5.97113
-1.95776
5.71374
-0.909264
1.66422
-1.81951
2.8351
0.0588438
-0.228539
2.07119
0.107842
-3.27403
-3.27696
-142.1
-0.45168
-2.91622
-0.0901935
-0.285573
-0.608432
-0.190197
15.8334
-0.23287
-1.08572
-0.646489
-0.0243522
-1.5075
-1.37573
-3.58768
-2.30151
10.5485
0.488334
-0.624207
0.317185
-0.247894
-1.64954
0.970433
7.404
4.85385
2.47368
-32.174
-0.867183
12.7574
-0.817697
3.10862
-13.0948
0.52996
0.271895
12.0392
0.804851
-0.584086
-0.4752
-1.57951
0.268406
0.0579896
-0.412341
0.0524435
1.63215
3.27794
0.797213
-1.06056
-0.945754
1.17728
1.64158
0.635311
1.69739
0.329626
0.778627
-1.45433
2.49706
-2.6001
2.43328
-0.749834
0.242975
0.521087
-1.07964
0.0885974
-0.137625
-15.3281
0.434272
-5.37945
-0.163864
0.924659
-3.57666
0.306317
-0.636127
2.5455
0.178331
0.437387
7.38075
-0.465876
-1.20107
0.227594
-0.36746
3.16104
-4.00417
1.07476
8.04052
0.057252
5.93883
18.0212
0.320819
1.16321
0.232599
-0.223922
0.130193
0.410442
18.1241
0.877323
-0.0549199
-2.73904
1.08634
-16.6166
0.092506
0.835838
-0.242363
0.493558
2.6393
0.620315
0.0259271
0.0203603
0.615682
8.24473
0.371853
0.252802
1.79115
-0.436077
48.7987
0.634245
-0.0898293
-0.490051
3.02926
29.7068
0.261624
31.942
-0.639451
-0.404186
0.388685
1.37754
-0.728974
-3.8873
0.879572
1.22193
-0.044615
1.0097
-2.06202
-0.385578
-4.6554
-0.173625
0.285471
0.931483
1.22239
0.166975
-1.6858
6.29838
-2.0595
-1.04615
0.399632
0.695939
0.204074
-0.184029
-0.60228
7.16394
0.0608995
2.82638
-5.19458
-1.63155
-0.184574
-0.618693
1.51813
0.269504
-0.0355778
-0.766023
0.60396
-7.78036
2.06478
0.731055
-2.68934
-2.14357
1.43209
0.215432
0.579054
2.57757
-5.25561
-5.48562
-0.52379
0.806535
0.925096
-0.574381
1.02281
-1.33685
-0.0235223
-0.939429
-0.795252
-2.12353
-23.0816
-0.036229
-0.500245
-0.403496
0.186515
22.7951
-29.4979
-1.57019
0.626956
0.0731722
6.0886
-0.452444
1.38275
-1.64048
-1.29238
-8.1746
1.77718
-0.457617
0.30785
-1.2253
-0.0900129
-0.00598795
-2.18963
-2.79603
-0.70654
0.865891
0.219545
-0.49418
0.0169505
2.18665
-1.28035
-22.1576
-1.97863
-31.2763
-1.71438
0.322341
2.72856
4.43849
-0.879689
3.49931
-2.1701
0.693103
0.566549
-32.2221
-0.242422
0.519821
-0.106533
-4.17225
-4.11843
-0.871917
-0.330855
-0.112787
3.19743
2.03308
1.50384
1.00547
-6.2433
0.792108
-10.9249
-10.5955
0.573054
1.50231
-0.381452
-0.799564
0.215084
-0.216629
4.24166
-2.96341
0.202753
2.45729
-1.91045
0.0808895
0.287062
1.30933
0.800522
-0.616242
-0.610707
-2.95835
-0.0274015
-0.012014
-0.093615
-2.26609
9.39127
-0.938625
-0.662079
3.95431
-0.714236
-0.524976
1.31734
-0.669443
-8.20975
2.29123
0.656738
1.492
1.54998
0.230398
-3.08956
1.26014
-4.79218
0.893057
5.77612
-13.97
-10.7892
0.0415652
0.0678681
-1.39277
-3.32984
-5.19254
3.34672
-0.752021
1.20924
-2.52122
-0.671392
-0.00646863
-0.453448
-0.0726542
-7.30293
0.395761
-0.014666
122.707
-0.873832
0.275038
1.03744
0.218255
-1.08927
-16.5428
0.21656
0.820847
-4.08856
-0.0784773
-0.484073
-1.25038
4.68982
-0.531526
-0.364432
-0.267086
0.00759652
20.6628
-1.36879
0.674646
0.68621
-2.94258
-11.5935
0.492699
0.153545
5.99692
-2.00413
0.0996652
-2.34089
-0.667797
0.190851
0.0515552
-0.131337
6.07726
3.29097
-1.38662
-0.899748
-0.465585
-6.77807
-2.86196
0.475293
0.262235
-1.24728
-0.0523553
-0.835918
3.70112
-1.87269
-2.03599
-0.0323037
-1.09272
-1.7581
0.770289
0.425214
1.75583
-0.190132
9.12675
-3.15624
-0.333192
0.591962
0.720922
0.374931
-2.69598
-0.966403
0.919213
2.42056
-0.0573371
-3.2925
0.053795
-0.683164
1.89539
-0.574607
10.0065
-4.96347
-1.52832
-21.9362
19.4109
2.98796
-1.21155
-123.984
-0.800842
-2.03856
-0.474103
-2.03242
8.42311
-0.288236
0.0854384
-6.31642
-0.0706144
-1.84372
-0.269171
-0.318067
-0.245205
2.22912
-1.3744
-1.04469
1.64245
3.16578
-1.01934
-2.63597
-0.837066
1.33776
2.34789
-0.0283982
0.710835
-6.39184
0.586009
-0.332861
26.0461
-1.54795
-0.130008
0.542096
-0.279105
-2.01822
-0.338079
0.521419
5.8124
1.27301
-0.888206
-12.5359
-0.324666
0.0726258
0.108513
-1.07803
0.444844
2.57029
-2.30669
-0.326532
0.321589
-3.31579
0.309316
-0.87417
0.152014
-0.435109
0.145412
2.3486
-1.80238
-5.54179
-8.05759
0.291317
3.33047
-0.648419
2.32315
-1.17631
-0.288596
-0.000980177
-0.56177
2.07151
-2.46439
2.43987
0.0338133
20.4499
-3.82043
2.83172
0.186358
1.49365
-6.17047
0.348872
-1.97779
-2.32456
1.69154
-0.0478547
-0.0531019
0.630054
-19.7611
-1.40082
36.8452
-0.200994
-17.2976
0.344772
-1.11335
0.787817
0.340787
0.271763
-8.33407
-0.042588
1.15319
1.99498
-0.218587
3.07795
-1.08873
-0.0906939
-0.404672
-0.690832
-0.660377
-1.53783
2.62154
1.4659
0.0250783
-1.0443
0.0154233
0.621451
0.206674
3.52795
1.22395
0.273221
-0.690242
-0.811754
0.557883
-4.87218
-12.9118
0.295466
-0.220431
-3.36408
0.759905
0.65264
-1.35227
-1.1592
4.08166
1.41628
0.00623614
-1.28149
0.40532
-0.46363
16.4802
-0.15985
0.497358
1.93516
1.43436
-0.835833
-0.970134
0.203214
1.07175
-0.191112
-0.211094
-0.635819
0.300724
0.62377
-0.743249
1.19611
0.528311
2.19485
-0.51412
0.316165
-0.426832
0.245431
3.76884
-7.65654
0.247844
0.111982
0.0880086
-1.18614
-0.962002
1.53332
0.0663659
0.477224
0.885193
-0.985578
0.711852
-1.57168
1.7435
5.60939
-0.851156
-1.16851
-2.83982
-0.824418
8.7774
-4.19169
0.186241
-0.326643
-0.265838
-0.741125
-14.5163
-0.0378177
2.6466
-1.31056
0.560815
1.90834
-0.596494
-2.49307
0.542584
-2.40253
1.40969
0.168703
0.322473
0.518876
-0.362423
-14.2764
0.50809
-0.954637
-0.117297
0.437177
-111.409
0.0605306
0.32241
-3.91457
0.614604
1.80795
2.82443
-0.837376
-1.63086
-0.937544
14.4364
-1.16261
-3.70978
-0.174259
0.205429
-0.643362
-3.28492
0.860469
0.909339
0.947058
0.119177
0.482155
1.73859
-2.2883
5.92394
2.52215
-1.25454
-2.04538
0.653052
-17.3118
0.459
-2.50657
-1.52176
-16.5817
0.370634
-0.041197
1.91072
1.90692
-0.0771719
-3.93564
-2.91906
-1.98589
-0.0863182
-8.05895
0.946129
-0.283407
0.585751
-0.154911
6.31658
-0.00504858
5.60032
-0.386607
-1.23389
16.4035
2.52843
-0.0112819
0.11552
-1.43194
1.63039
2.86453
-18.3728
-0.27884
3.78973
-0.505109
-0.309023
-4.35384
-0.418357
0.42541
0.218518
-0.207264
1.45142
23.3943
-0.0312753
0.488587
2.87617
0.356141
1.27018
0.147671
-2.1017
-4.72054
-0.626313
-1.24607
-3.44462
0.0109866
3.76388
0.290823
0.700182
0.748887
0.950777
-2.15129
-1.33122
0.75696
-0.390672
7.51342
-0.622279
-2.57323
-1.98573
-1.12217
3.99798
1.54409
0.574544
-0.146792
-2.33792
-1.57041
-0.921668
-0.57651
-7.19277
0.0585128
-1.18986
1.37462
3.12451
2.39955
-0.255066
-27.8347
5.95459
1.99257
-0.342549
1.32817
1.71488
0.469924
-0.382763
-0.265872
1.43006
2.79753
-0.430514
-2.60809
0.00086708
0.410446
0.632532
-0.767181
0.29943
1.50914
-1.90894
1.19588
-2.18851
1.65507
-0.124392
-2.60638
1.97402
-0.411026
0.199072
-1.14624
-1.88752
-1.99791
2.74244
-0.268756
-1.06356
1.19085
-0.992183
-3.03853
8.66126
-0.603415
-7.43897
-1.31049
2.08278
4.6865
1.01884
0.382791
-7.44897
1.29558
-0.514617
0.311217
-0.596319
-2.19794
0.152384
0.415609
-0.71692
-0.36465
0.114021
0.0777345
0.618984
-2.42563
-1.88235
-0.691351
0.768964
-9.03862
-2.67631
0.579544
7.64412
0.141776
-1.02268
0.0426226
-1.49518
-1.03042
-0.424535
-0.0891389
0.648455
1.49602
1.23612
1.05744
1.35715
0.228896
3.35729
-0.499487
53.6536
-0.424524
-1.56193
2.19238
-1.57041
5.07801
0.598263
-10.4614
0.440406
-0.482151
-0.0263955
-1.04403
-0.822584
2.36491
0.127051
-15.4661
0.58268
0.48819
0.366277
1.87702
-0.533163
0.465043
-0.285978
-0.878346
-31.8483
-0.66605
0.0511047
0.896802
-1.53699
-0.915891
1.59762
5.7499
0.654429
-0.0176639
0.0376918
-0.600997
0.847479
-0.0945817
-3.42312
-0.469138
2.76555
0.422786
0.0531964
-0.802426
1.52739
-0.00903547
17.4398
-4.77244
1.6088
-2.85062
-0.462661
-11.726
-0.611566
1.69361
2.95835
-4.14838
-0.812985
-0.564629
-2.59518
4.22442
-0.00599109
1.59557
0.263112
-1.0217
-7.63368
-1.69263
-0.193686
-2.32719
0.301358
-1.25773
-0.432645
1.45579
55.936
1.08617
5.75439
-8.45886
1.32006
0.184165
4.77702
-8.5878
-3.89457
1.53065
0.353838
-0.222831
-0.362199
0.108122
0.23465
-3.89451
12.9959
-1.25245
-1.62105
-1.07093
-1.1098
-1.71236
-19.0909
4.50658
0.204909
-4.208
0.373309
10.6615
-0.0888698
5.87758
1.02531
0.149813
-1.60258
-1.59291
0.226243
1.16912
0.147206
1.6919
2.73015
-2.40274
0.357703
1.53972
2.30679
-1.7154
-0.0862011
-1.7119
0.0370343
0.0453328
3.2475
-14.7431
-16.2557
-0.335942
-0.367068
0.0253549
0.346179
1.24285
4.03143
-1.34149
1.01144
-0.139992
-0.40648
-0.707167
-0.11069
5.40749
0.587348
-1.51173
0.259843
1.0065
0.216235
0.0824898
0.474115
1.3153
-0.297804
0.446983
-0.369887
-0.27752
0.00582772
-1.74345
-0.271176
7.2328
0.132328
2.69821
-13.3498
-0.932181
1.20012
0.471036
1.31663
-14.6746
-0.889483
-1.48911
5.90652
-0.305162
11.9685
-3.2256
-18.9503
2.13745
-34.2028
-0.679691
2.2754
0.0437872
1.64399
0.357994
0.357366
-3.73094
0.365265
0.258378
-0.208188
0.788571
0.760738
-0.781978
4.98493
0.485206
-0.614171
-0.68969
4.23862
-2.06371
-0.492586
-0.882227
-0.741271
0.306533
0.15813
0.333391
16.9315
-1.71574
2.63498
0.376691
0.0864226
31.1381
-0.461494
0.318735
-0.536488
-1.23244
-4.03079
-2.89849
-2.08895
4.83478
1.44793
-4.35231
0.441288
-0.760951
4.72658
5.26627
25.6076
1.27483
11.0361
-0.12341
-2.14805
-2.57656
0.0199518
-0.625985
-0.242369
0.0211964
1.59756
-0.828241
0.474534
4.50411
-54.2179
6.54209
-10.1982
-2.05795
1.66892
4.82393
-1.01789
4.61149
-1.5986
-0.268504
1.72687
-0.0177173
-0.518477
5.03743
-0.945968
-0.394842
7.08636
-0.0729416
-6.05541
