0.130848
0.328428
0.776864
0.362479
0.274942
0.37241
0.258204
0.950913
1.11903
0.697788
1.12438
1.27619
0.248242
0.155682
1.24685
0.4347
1.14744
3.29322
1.8854
0.0498607
0.929601
1.46995
0.214168
0.569167
0.356639
0.956938
1.18409
1.20622
0.866637
0.268847
1.87162
1.83761
0.117379
0.0820874
0.773956
1.10557
1.60536
1.23428
0.233971
0.189989
0.132102
2.00579
3.16997
0.264487
1.78068
3.63144
1.63711
0.278531
2.39289
0.500215
1.31288
1.16607
0.276482
0.220845
1.14151
0.215948
2.1316
1.44992
0.217106
0.114617
0.395428
3.85371
1.74339
0.153481
1.33946
0.387735
6.38837
0.123037
0.691393
1.06223
0.698868
0.417372
0.0379368
3.44139
0.286549
1.16816
0.383328
2.26051
0.647016
2.05419
2.672
0.326079
0.0687574
4.29776
0.187078
0.840903
0.138889
1.92295
0.0443428
0.456371
0.747998
0.216847
0.909208
2.03818
0.673435
0.20063
0.691568
0.766841
0.0100762
0.516143
0.316836
1.33038
0.160705
1.53236
0.104406
1.19941
2.89587
0.686595
0.980208
0.747128
0.0813443
0.519204
1.03468
0.852129
2.99878
0.0806998
0.126637
3.97199
0.433289
2.42802
0.529285
1.05164
0.474593
0.522026
0.18583
0.596204
1.41245
0.131167
1.46273
2.73097
0.289814
0.462704
1.25931
0.496709
0.369584
0.176234
3.0405
0.616445
0.929781
0.634395
0.581853
0.173047
1.09921
0.403035
3.95451
0.863141
0.248555
1.79221
1.01492
0.0422623
0.579708
0.729502
1.28279
0.0202121
1.42151
0.293522
1.29064
0.895991
0.509911
0.114535
0.118102
1.31483
0.355961
0.287197
0.533479
0.252218
0.881481
0.582209
0.711242
0.6574
0.312629
0.15504
0.727904
0.0810463
0.378091
1.49633
0.246282
0.282049
1.4665
0.192189
0.535468
0.19095
0.0857145
1.53713
0.154776
0.445171
0.374254
0.983986
0.173568
1.71246
0.456382
0.847558
0.912055
0.595021
2.83883
3.8359
0.270852
0.365327
0.401665
0.235798
0.307156
0.141497
1.43142
0.0914227
3.63469
2.04393
0.549428
1.65961
0.351659
0.687072
1.95436
0.485078
0.886174
2.72136
2.05882
0.107576
0.858782
0.428472
0.98707
0.105508
2.27129
0.950742
0.0937817
0.799971
0.123282
0.264204
0.671754
0.718067
1.10061
0.701796
3.18252
4.30959
0.937956
0.261913
0.0119377
0.243466
0.956321
1.34617
0.0327548
1.44738
0.136758
0.759415
0.558562
0.542335
0.0585337
0.388598
0.978065
0.59028
3.73179
1.49371
0.800864
0.296446
0.225009
1.29702
1.59997
8.1843
1.14127
0.180357
0.0947775
0.147664
0.107196
1.51981
0.299776
0.763922
0.149174
0.448075
0.452983
0.10922
0.280745
1.697
0.149112
0.788914
2.41106
0.154987
0.529934
0.249771
1.59078
0.0974255
1.14485
1.18506
1.08102
1.88579
0.695271
4.66248
0.673743
0.685594
1.77954
0.107318
1.38639
0.862136
0.0428007
1.52448
0.185218
0.719124
1.23844
0.190189
3.5639
0.20401
2.19332
0.348463
3.54919
0.640847
0.00280586
2.84711
0.579552
0.0290647
0.0479081
0.0347643
0.183171
0.0737772
0.267474
2.78618
0.980152
0.709031
1.50599
1.74088
1.03569
0.170032
3.00443
0.870333
0.768895
0.449408
0.107131
0.402918
0.0427076
1.60932
1.56167
0.0981593
0.0591443
1.38673
1.18435
0.958896
0.748594
1.00429
0.624958
2.83163
0.549986
0.107133
0.210795
1.24593
0.263082
0.620804
0.990123
1.58388
1.90382
1.34866
2.11215
0.249817
0.394094
0.163251
1.05453
0.0164318
0.384052
0.332501
1.61595
2.77575
1.37782
1.51929
0.342876
1.09932
0.673996
1.65467
0.277918
0.683625
0.862148
0.0929427
0.29427
0.0412064
1.55772
1.64193
0.986389
0.0345682
0.063162
0.181853
1.13257
1.26847
0.977201
2.20599
1.65152
2.24835
0.331645
0.587604
0.650578
0.164598
1.40871
0.344426
1.4234
0.405289
0.660932
2.89477
0.985702
1.42615
1.72742
0.134459
1.07942
0.304857
0.0365153
1.64406
0.36756
0.820753
0.00394142
0.560697
0.488199
0.0143878
0.0563102
0.09218
3.86419
0.379626
1.83517
3.52282
0.496361
0.132575
1.10068
1.81544
0.405492
0.237178
0.21864
1.81343
4.81774
0.155361
2.60749
0.582528
0.167478
0.0465113
0.469972
1.5731
0.0509633
0.641249
0.466069
0.283577
0.0756012
3.09808
0.47766
0.528961
0.0524663
0.245404
0.283371
0.601723
0.251809
1.06509
0.393404
3.87927
0.883463
0.0693561
0.429101
0.322755
1.57143
0.234948
5.45474
0.198201
0.258671
0.224242
0.790443
0.506601
0.648428
0.380971
0.804465
0.776177
1.62672
0.241547
2.6661
1.11247
1.76763
0.137053
0.495088
1.0763
0.0754286
0.0725896
0.97184
0.121064
0.704485
0.871807
0.151619
0.234136
1.60283
0.0720475
0.251697
0.181639
0.536181
0.308298
1.74066
1.21665
0.247354
1.91909
2.52855
0.255987
1.44047
1.60299
0.167715
0.0509733
2.4735
0.544888
0.269627
0.611744
5.66851
1.35669
4.05734
1.97981
0.0855395
0.188443
0.554758
2.06338
1.03369
0.0288596
2.30701
0.818357
0.210432
3.94063
0.742379
1.15753
0.060776
2.45457
4.09366
0.259425
0.0553649
0.329303
0.0435215
2.81304
0.0568852
0.617174
1.16042
0.312494
0.349916
0.201023
0.375751
0.5307
0.593809
0.762887
2.19442
1.60373
0.226584
0.940993
0.654586
1.53465
0.666381
0.399058
0.0854163
1.89741
4.967
0.623352
0.153079
0.101901
0.212117
0.544488
1.25176
0.388666
0.633383
1.63632
1.01883
0.626657
0.87776
0.398493
1.12625
1.2681
0.0808765
0.0660569
4.99437
0.0837754
1.72633
0.973838
2.78494
1.06264
0.452003
0.314963
0.680067
0.639986
0.253537
0.756475
0.413198
0.145653
1.74171
0.371651
2.65947
0.0602645
0.224144
0.0921747
0.719471
0.950246
0.17864
0.229881
0.650636
3.06914
0.0848241
1.60446
3.93714
1.67261
2.7822
0.531717
0.261186
0.0648938
1.81397
1.75387
0.465953
0.400966
0.944022
0.163526
0.466394
0.585361
1.22211
1.22479
1.67338
0.0139269
5.79754
1.39049
0.0199008
2.79456
1.24482
0.862816
0.585973
0.110755
0.115674
0.0270101
1.15582
0.0964512
0.0948136
2.98442
0.110409
0.177363
0.516624
1.11015
0.52871
0.392144
0.919197
3.71897
0.168274
1.41779
0.546332
1.12027
0.772457
0.502206
1.38004
0.310109
0.592254
2.83338
1.77045
1.46507
0.142331
0.137154
2.26354
0.242725
0.593747
0.663208
1.99994
2.25805
0.0542123
0.543085
0.330018
1.91298
0.711142
2.27145
0.180599
1.17014
1.10714
0.709915
2.61235
0.248477
0.335119
0.23594
0.0125594
6.10039
0.266527
0.761876
0.602104
0.320044
0.355266
0.785642
3.32265
0.531122
2.23748
0.432189
1.53176
0.364018
1.07912
0.579738
2.18198
1.77799
0.438305
1.00929
1.42918
2.18213
2.58501
3.47632
0.497148
0.0434671
0.222345
0.285648
1.02582
0.42457
0.115776
0.956334
1.07736
0.401415
1.84356
2.14054
0.714412
1.3985
1.90888
2.6904
1.11954
0.111702
0.152111
3.83817
0.86451
0.584915
1.26928
3.43965
1.8672
0.816631
1.07504
2.48914
0.488275
0.0543149
1.09348
0.639009
0.0416294
0.408289
0.831499
0.657477
2.3258
0.0914858
1.01168
2.03724
0.00348609
0.27711
0.213858
0.910634
0.740191
0.00495419
0.395835
0.00979307
0.196396
3.35109
0.278999
0.417848
3.46411
1.76357
0.0829006
1.17038
2.68641
1.71074
1.01433
0.257049
0.0823591
0.328903
2.78385
3.00837
0.188809
0.733796
0.0136515
1.43129
0.706407
0.577047
1.8757
0.158807
0.455582
3.72
2.116
0.326047
0.369385
2.50992
5.90786
1.5578
3.12434
0.113487
0.523965
0.043629
0.577949
0.86403
0.395092
0.177207
0.192628
1.1637
2.1385
0.987728
0.144559
1.36607
0.174355
1.24799
0.300725
0.232472
1.56551
0.836136
0.229932
3.37107
0.00674951
0.241411
0.0628398
1.43691
0.844749
0.32737
0.246993
0.33443
0.692124
1.21682
0.0568628
3.35044
5.19144
0.31312
0.878215
0.0386405
0.66497
0.212226
1.39835
2.11471
0.242548
0.904664
0.769309
0.197378
0.309109
0.155608
0.702868
3.89198
0.599183
0.967521
0.0159336
0.128738
3.94579
1.36375
1.22952
0.140924
0.385518
0.0249059
0.593983
0.110551
0.158035
2.50763
0.523847
0.909973
1.7643
0.109528
0.54903
0.0978116
0.412626
0.15374
0.362508
0.067983
0.00252633
0.401161
0.313858
0.204464
0.0241234
0.0184448
0.160061
1.21011
0.183844
0.217472
0.76206
0.805855
0.784018
0.981413
0.782169
0.254211
2.14213
0.385227
0.426766
2.395
0.272711
1.03373
0.151862
0.00428793
0.721004
1.83586
1.22061
0.66315
1.31244
0.295644
0.275869
0.20613
0.625494
0.0736631
0.993436
0.790171
0.425639
1.6663
1.52033
1.80571
0.0531655
0.567429
0.280235
0.549345
1.18066
0.322728
1.3194
0.113171
0.025225
1.08903
1.33929
0.0660317
0.477201
0.597395
2.20951
0.57462
1.35831
0.348341
0.262737
0.12723
2.21223
3.15014
0.065068
1.43065
4.89766
0.519196
0.776457
0.779856
0.927792
0.0121828
1.08485
1.39057
0.612308
1.05199
1.82703
1.24165
3.28483
3.14375
1.16223
0.0848122
1.81966
0.823345
0.250823
0.0918692
1.53568
0.852657
0.118876
1.2462
0.947397
0.120944
0.174053
0.482778
1.33019
0.186503
1.10127
0.22597
0.608216
0.874424
1.96889
0.296073
2.77656
0.575606
0.0240441
0.0400299
0.357964
1.07105
0.741166
0.767556
1.32334
0.0875032
0.462752
6.79621
0.0510677
1.81006
0.683835
3.26004
0.90778
0.271629
0.50391
0.742531
2.70362
0.100939
0.388916
0.601872
0.208941
0.993847
1.0901
0.137844
0.730484
1.7729
1.20909
2.25784
0.840956
0.782801
0.493808
1.74214
0.457021
0.0667515
0.403287
0.619677
0.795162
0.77462
0.952758
0.850667
0.41288
2.89213
1.0828
0.583981
0.218246
3.19753
1.4989
1.40983
0.785774
0.685074
0.764347
0.937121
0.671202
0.21644
1.15409
1.12876
2.9997
1.078
1.33497
0.100901
0.122014
1.32655
2.16303
0.081945
0.982716
0.915803
0.579649
1.68328
0.547735
4.20834
0.563492
1.17325
1.03049
0.334711
0.780877
0.470136
0.724077
1.98248
0.0489177
1.57776
0.980885
0.417167
2.40096
0.794819
0.703806
0.172819
1.20141
1.67296
2.80287
0.203954
0.723813
0.273665
2.31325
1.1509
0.796942
2.65989
0.78526
0.542194
0.647197
4.66768
0.167249
0.193843
0.392055
1.29552
0.651871
0.715757
4.70146
0.00582983
0.43042
4.86589
0.075972
1.82104
0.00731899
1.35929
0.186496
1.1996
0.0493923
0.83194
0.393803
1.03728
0.518718
0.561886
1.48278
1.44487
0.317476
1.01431
1.04701
3.88038
0.506074
0.539268
1.81153
1.48641
1.03233
0.316684
0.927693
1.9169
0.283756
1.88731
0.230561
0.347712
1.11333
0.986209
0.105392
0.245486
0.66972
0.236633
3.26529
0.748372
0.201268
0.726625
0.15406
1.35256
0.368879
1.03899
1.37656
0.650875
2.35232
1.31713
4.61623
0.943123
0.872348
0.784988
5.06419
1.03373
0.223432
0.159039
1.199
0.439529
0.795426
0.513361
0.0422623
0.25319
2.83118
0.890438
0.073841
1.20434
0.153617
3.26217
0.179469
1.92643
0.774665
0.67473
0.00411601
0.56705
3.46577
0.971
0.670764
2.05557
0.129638
0.365043
0.261935
0.3621
2.6524
0.12156
1.67232
0.0972901
1.93312
1.23408
0.62251
2.8744
0.686744
0.632869
0.386913
0.126649
0.544689
0.822609
2.77461
1.63842
1.00804
0.268998
0.229013
0.185044
0.992813
1.05108
0.42906
0.142893
0.465056
4.96242
0.188312
0.561146
0.225192
0.236378
0.213551
2.94805
0.017062
0.129503
1.96652
2.69108
1.12897
0.229513
0.691069
0.0644755
0.0297744
1.93621
0.161878
3.06792
0.660879
0.497191
3.54219
0.127341
0.763321
0.93476
0.461832
2.77072
0.169395
0.170776
0.724182
1.0465
0.663926
0.824621
0.526909
2.85293
1.1852
0.133143
0.192217
0.164387
0.654894
0.794908
1.27731
0.944502
0.0832089
0.772836
0.616082
0.232385
0.249867
0.205402
0.256766
1.09203
2.70878
0.53893
0.0793909
0.92653
0.972306
0.352487
0.126662
2.49847
0.39309
0.658924
0.0542427
0.676609
0.841986
0.92216
0.834642
1.724
1.31429
2.00845
0.310383
0.818985
0.397509
1.14499
0.368286
0.745479
0.152057
0.863788
0.459954
0.267913
0.907571
0.240369
0.171627
0.625264
0.370212
1.4463
0.109797
2.4243
0.235007
0.664369
0.50389
0.638917
0.175155
1.28337
0.0353447
0.212439
0.673776
0.195978
0.0695651
0.528396
0.414463
1.21412
1.07513
0.173739
0.289186
0.551373
0.19124
0.402577
2.40193
0.644439
2.62513
1.12811
0.583484
0.148915
1.46193
0.169539
0.226823
1.11658
0.177646
1.1916
0.593631
0.979531
2.83928
2.11024
1.69071
2.40209
0.463092
0.937052
0.0337024
0.600016
1.25526
0.351359
1.39525
1.10702
3.11467
0.917699
2.78081
0.928535
1.74912
0.297877
1.27193
3.50061
1.78099
0.0502018
0.126526
2.46107
0.535405
0.579188
0.841306
1.59987
2.68909
2.62899
1.02193
1.38997
0.933762
1.03565
2.15827
0.389034
0.126709
0.281426
0.240141
5.88279
6.86757
0.977246
1.2874
2.07746
0.672069
0.695785
0.487397
0.350603
0.0376952
0.541247
0.702248
1.23493
0.0839837
0.185903
0.470128
0.835107
0.3531
0.262953
0.0389449
0.757372
3.66716
0.22677
0.810744
1.59943
1.09388
1.71149
1.25939
1.62071
1.60678
0.823716
0.891986
0.123503
0.526022
0.521986
1.83856
1.70156
0.997848
1.44509
0.239522
0.128328
0.172228
0.132421
0.113328
0.813159
0.345577
0.629058
1.07442
0.688647
1.48865
3.56366
0.262217
0.366842
0.0494056
0.05965
1.34819
2.3909
0.132193
0.36313
1.29601
0.0657482
1.22263
0.331952
0.862549
0.157522
1.37872
1.84103
1.79731
1.19815
0.110745
2.18954
3.58279
0.840606
0.565824
0.219894
0.900907
2.35623
0.0141287
0.34734
0.560328
1.64994
1.11325
2.81725
0.0694202
2.5158
0.544308
0.330864
1.77934
1.37391
0.0389588
0.185366
1.23804
0.00670157
0.244693
1.25913
1.42642
1.48505
0.587543
0.963076
2.23038
1.31288
0.353221
0.328168
0.620618
0.367837
0.363186
0.331783
0.835342
4.66026
0.0369006
0.272624
0.636644
0.920166
0.909126
0.836844
0.0854578
1.77754
0.193857
0.258652
2.0232
1.67241
1.73178
3.25111
0.167113
0.0304684
0.119472
0.0639922
0.222927
0.430135
1.99318
0.267938
3.658
0.609807
0.853804
0.838605
0.0423942
0.685937
1.33704
0.172349
0.643144
0.226286
1.21736
0.581686
0.230543
0.359658
0.292152
1.36655
1.3311
0.670566
0.771978
0.13639
0.927506
1.38708
0.833177
0.0200674
0.796115
0.420322
2.1382
1.29284
1.40712
0.221911
0.975027
0.3692
0.128128
0.0564193
0.888666
2.44906
2.79647
0.100678
0.735973
0.0537242
2.63644
0.508046
0.261456
2.31246
0.00498568
3.33244
1.3822
0.154932
1.30217
1.0042
0.187254
0.512903
1.73535
1.09656
0.410829
1.55134
1.21366
0.327259
0.0401384
0.994182
0.492482
2.72351
2.31105
2.19264
1.45427
1.07085
0.909673
0.393705
0.839705
0.202043
0.883422
3.02621
0.0117476
0.241875
0.00731002
1.57458
0.695855
0.883441
2.42961
0.733419
0.369714
0.955892
0.691093
3.58434
1.04387
0.573661
0.706747
0.133758
0.0542915
0.933162
0.569637
0.753188
0.658688
1.46156
1.39625
1.45944
0.0575367
1.0766
1.4709
3.49318
1.82574
0.30512
0.384526
2.47335
0.899212
0.479763
2.53824
1.50497
2.33109
0.55134
0.920653
0.0321927
0.898728
1.21679
0.017501
0.863731
1.91364
0.0234716
0.0551525
0.966679
3.79834
1.85287
0.83411
0.385218
0.160334
1.74477
0.545153
1.59495
0.164631
0.0332589
0.703131
0.660847
0.634858
0.871179
2.03686
0.494018
1.02044
0.0311599
1.0836
0.380609
0.362705
0.355613
0.0223068
0.79996
2.0388
0.512415
0.926111
0.0888181
0.195728
1.5331
2.10885
2.3136
0.116781
0.836699
2.24326
0.436646
0.779786
0.608611
1.04142
0.219193
0.797508
1.01799
1.34014
0.34038
0.359071
0.575295
0.629155
0.726623
0.751726
0.0146183
0.0378515
3.94739
12.0238
2.49598
0.033712
3.63834
2.50887
1.405
1.78583
1.59466
1.02723
1.54589
0.124873
3.0594
1.05149
1.30655
0.165645
1.39244
0.191116
0.792539
4.47766
2.03259
0.49358
0.775851
0.299305
2.3176
0.936937
0.683425
1.31571
0.594725
0.446589
0.239616
0.336287
1.45518
1.59306
0.195017
0.624355
0.768175
0.384783
1.10975
0.334796
1.47793
1.92106
0.12875
0.603221
0.554379
1.13264
3.43849
1.08552
1.24975
0.255281
1.81385
0.134847
1.23862
1.46797
0.374426
0.0197365
0.285387
0.527902
0.102027
4.39256
1.08068
0.315744
1.8906
0.490234
0.523134
0.39369
0.659007
0.556496
0.132421
1.45142
0.253488
1.98762
0.141317
0.390817
0.235283
0.558683
2.94481
0.621416
2.50983
1.02666
1.78948
1.93869
0.254623
0.196711
2.57833
0.0590661
0.445786
0.599458
3.71531
1.54769
0.858482
0.854479
0.306479
1.36298
1.60787
0.475756
1.15494
0.437592
0.058979
0.982011
0.883545
0.474066
3.64444
0.109207
0.471962
1.50573
0.132386
1.41724
0.577585
1.51759
0.752021
0.737256
0.526009
0.734621
0.08952
0.0153817
0.40615
0.226749
0.253513
1.47935
1.44382
0.211435
0.841434
0.17505
0.38034
2.58685
2.4031
1.08463
1.35956
0.106925
0.295233
1.11503
0.0504398
0.0132569
0.320313
0.668164
1.18591
0.637724
2.24214
1.02556
0.551205
0.253077
0.458475
0.295384
1.42111
0.325293
0.871886
0.840377
1.18559
0.0524997
2.29027
0.363764
1.02075
1.40714
0.395903
0.0567514
0.146266
2.66199
0.360689
0.387022
0.511274
0.79031
2.08757
0.506807
0.254731
0.872932
0.882373
1.40344
0.326237
0.688757
1.71899
0.0794194
0.419854
0.718533
2.85408
1.00729
0.752471
0.112409
3.7188
0.157504
0.00569385
1.06282
0.153036
1.53685
0.339331
0.948078
0.0306139
0.736086
0.951724
0.178517
1.18983
0.564283
0.617619
1.36076
0.640331
0.179578
1.30134
0.443327
1.57103
0.24132
1.00566
0.109766
1.5658
0.185301
2.00575
1.66376
0.00711174
0.911179
0.0100827
0.242277
2.84949
1.35693
1.7383
0.88012
1.54937
1.12392
0.452989
0.227054
0.104327
0.0908756
0.746375
0.982716
1.23551
0.468001
0.0290696
0.144632
1.10708
0.197292
0.486806
0.342562
0.706648
0.0632342
2.26155
0.0021177
0.886082
0.595536
0.225945
0.0356079
2.09833
0.789196
0.594117
0.440791
2.12678
0.4381
0.858274
0.28508
0.0610466
0.64879
1.65484
0.88895
0.707816
1.96595
1.86865
0.259328
0.200531
0.158845
1.71209
1.97186
0.635335
1.63372
0.800109
0.380042
0.494008
1.15191
0.147133
1.14611
0.226957
0.196973
0.541063
0.186077
1.35504
1.05751
0.440363
0.148924
0.259994
0.343886
2.03735
0.213707
2.13326
0.0471633
0.171107
1.45149
0.0986974
1.8237
0.0586103
0.112349
0.655287
1.13651
0.640855
0.0781458
0.851803
2.07093
0.536338
1.12592
0.614937
3.90103
1.14934
1.28755
0.163934
1.10935
1.36001
0.86348
3.73308
0.197585
1.76526
0.411398
1.48655
0.664282
1.64722
0.553958
0.215037
2.30068
1.92227
3.73279
2.09128
0.254099
0.6275
2.65009
1.69441
0.152368
2.01054
0.295124
1.14954
0.000379602
0.386713
0.250163
0.516337
1.09869
0.554363
0.11728
1.51749
0.900683
2.19408
0.379242
0.602638
1.53756
1.91708
0.236335
3.35785
1.65948
0.355477
1.28606
0.301721
0.763671
0.829178
0.0213367
0.450427
1.32852
0.72284
0.24315
0.805405
0.300747
0.551618
0.727438
1.73133
2.22733
0.0756882
1.31751
2.23137
0.905984
0.141689
0.776392
0.884402
0.3455
0.438083
0.581744
1.93706
1.83807
0.970203
1.65338
0.258314
0.48857
0.46849
2.93
4.33614
1.32319
0.66511
0.85252
1.99142
2.4891
0.0962167
1.034
0.74004
0.988593
0.569584
2.5707
1.04103
1.09066
0.291408
0.256057
2.23916
0.0662584
1.42996
1.33775
0.744104
0.0977737
1.3746
0.401684
5.01525
1.35174
1.85383
0.339769
0.319338
2.30976
0.679816
0.428263
0.259878
2.16873
1.09447
0.674243
1.63801
0.611092
1.87514
0.456928
0.411261
0.0196861
0.44384
1.61999
1.39906
0.162067
0.754569
0.316379
3.89965
0.135209
1.47617
1.46727
0.386732
0.971875
0.0910905
4.62639
0.114944
0.244606
0.0628766
0.25317
0.535269
2.44112
1.98468
2.21146
0.1124
0.344209
0.364773
0.133182
0.0447366
0.686172
0.695827
0.38586
1.20251
1.20645
0.156462
0.0552358
5.53101
0.241324
3.65089
0.3575
1.03777
2.3927
0.579024
0.437253
1.54009
0.11901
0.133711
0.456424
0.214957
1.04382
3.15898
2.53846
2.08427
0.1882
1.36502
0.808203
0.3796
0.651163
0.085006
1.01755
0.190128
2.83827
0.177682
0.77597
1.26695
1.35838
0.778529
0.628579
1.60215
0.0703159
0.460337
2.55826
0.963642
2.51863
0.182992
0.193126
0.136236
1.27917
1.05881
1.08172
0.35766
0.469884
1.11593
1.30586
0.112375
2.59444
1.47688
1.06088
0.585402
0.724328
0.59969
0.379144
1.84659
1.50208
1.00977
0.637468
0.247035
0.407774
0.520612
0.0290645
0.625343
0.858505
0.741573
0.267088
0.186683
0.451702
1.59289
0.217243
0.305218
1.84409
1.69642
1.02729
1.9421
0.0129611
0.119585
0.434779
0.0982855
0.268975
0.298251
0.159839
0.32189
0.387373
3.45716
2.06642
0.0671927
0.478434
1.3275
0.333804
0.0580528
0.10034
0.023234
0.273928
0.679588
0.854648
0.880854
0.144391
0.564307
0.604078
2.55556
3.34853
0.141162
0.529907
0.558288
3.14781
3.62223
1.43907
0.309437
0.179999
1.12266
0.342655
0.717555
3.03833
0.120321
3.91207
0.908109
1.49602
0.762559
1.77118
0.910614
0.200112
0.558833
0.488024
0.531605
0.551694
2.18478
0.198259
0.435262
1.00718
1.20982
1.28279
0.227647
2.79469
0.00656393
0.259875
0.325064
0.589393
1.43243
1.29008
0.720025
0.732778
1.88869
1.24827
0.162405
0.291666
0.0891243
0.0542472
0.0198119
0.790535
2.66728
0.25083
5.76004
1.26009
0.205792
0.976675
1.0306
0.0444222
0.636429
0.108705
0.884477
0.190517
1.44811
0.412463
1.13015
1.54614
1.64975
0.308151
0.594399
0.598577
1.02734
0.235449
2.81513
0.0661161
0.09488
2.11782
0.522011
1.70836
0.611932
2.2066
3.09352
0.0823714
0.27691
3.9279
1.05682
0.107246
0.161485
0.894891
0.158421
0.0090669
0.219778
3.26084
0.393415
2.62297
0.222428
0.530048
0.0715553
1.22564
0.53661
3.72733
0.982906
0.14222
1.08014
0.0544168
1.05166
0.0528783
1.08443
0.259187
0.597146
0.375392
2.97503
2.87642
0.626195
3.04509
0.0713765
0.186822
0.787087
0.740681
0.538294
1.40239
0.0277641
5.11367
0.625161
0.897626
0.2143
0.13302
1.17547
0.376155
0.114821
1.32781
3.91423
0.951674
0.532935
1.52054
1.59596
2.59833
0.0826178
1.05978
2.588
0.849319
1.1728
0.931747
0.042256
0.0841805
0.320044
1.35203
2.83186
1.66467
0.257457
0.60207
1.13424
0.839388
0.474257
1.37099
0.557732
0.452223
1.25948
0.440825
0.426533
4.22297
1.82543
0.0648149
0.271752
0.780096
1.02611
0.137272
0.330928
1.04362
0.361588
0.317681
1.06044
0.532635
0.103234
0.093129
0.347913
2.25177
0.0761814
0.399779
0.990492
0.205721
0.147337
3.18095
0.757022
1.5855
0.887567
0.511499
0.368375
0.669532
1.00682
2.21643
0.00649792
0.289345
2.67495
0.423697
1.72376
0.785122
1.15223
1.07521
2.34267
0.695239
0.439825
1.91885
0.427533
0.290291
0.714659
4.15837
1.06208
0.0190793
1.83591
0.251597
0.606274
0.173274
2.41459
0.0217882
1.54566
1.68548
1.08522
1.5666
1.24074
0.406934
0.240004
4.1655
0.806726
0.140625
5.49848
0.0161383
0.850812
0.151211
1.45782
2.5946
0.396555
0.77761
0.770698
0.220786
0.785826
2.34209
2.96528
1.07993
1.47884
0.576383
0.160446
1.96088
0.936363
0.662228
1.183
1.86168
1.55313
2.74589
0.74666
1.44922
2.70812
1.34991
0.811782
0.216265
0.263004
0.166435
2.26663
0.911482
1.93607
2.27898
0.334463
1.96315
0.513315
2.38281
1.30565
0.323832
0.138856
1.65348
2.60787
2.8522
0.372275
1.61821
0.649806
2.59989
0.60788
0.126861
0.606289
0.181587
1.27397
1.23967
0.420968
0.68034
0.328058
0.396179
2.48321
1.17831
3.03464
1.09808
0.0621379
0.0178552
2.02604
1.3559
0.11331
0.0888309
0.642741
0.154335
1.22103
0.775243
1.05948
0.42155
1.45243
0.553878
0.301789
1.33287
0.758939
1.09802
1.92942
0.770471
0.35265
0.849714
2.54679
0.281961
1.75782
1.5344
0.466152
1.64686
0.0127127
0.855657
0.944459
0.165709
1.57409
2.4796
3.10486
0.31899
2.29442
0.26043
1.21776
0.689259
0.588973
0.261912
1.02081
0.148592
2.39499
1.54642
0.287917
0.171346
0.790125
0.220209
0.628058
0.0413943
1.4808
1.66523
0.221867
0.725301
0.804128
0.503602
0.627406
0.359467
0.411732
0.197062
0.510231
0.775799
0.889189
3.28874
2.5402
0.0764563
0.558088
0.270383
0.467659
0.285369
0.591712
1.20222
2.30662
0.481199
0.258895
0.105264
1.96935
0.874746
0.923995
1.71122
0.0688358
0.0749788
0.213336
0.106789
0.14883
1.12523
0.31075
0.42644
1.41748
1.05144
0.639832
0.49583
0.123374
0.719974
0.590917
0.181985
0.418979
0.0248018
2.09007
1.14462
0.223791
0.00540534
0.0383286
1.25423
1.87876
0.153137
0.417981
0.155434
2.74854
0.588996
2.86604
0.397695
1.96267
0.752511
2.81195
0.596636
0.540965
0.46455
0.231563
0.265885
1.20883
1.28895
0.511247
3.27051
0.652453
1.77178
0.194129
0.209799
2.1129
0.957819
0.171466
0.0823388
1.05429
0.0304445
1.16785
1.49205
1.63148
1.11601
2.58009
1.26912
2.28217
0.515507
0.325676
0.399729
1.56195
0.0756222
1.53751
3.18498
0.128362
0.0580967
0.520728
0.768164
0.385657
1.34301
1.69233
1.70944
0.581214
0.993169
1.27035
1.07434
0.889257
0.303343
0.255347
0.221731
0.293132
0.785043
0.396118
0.549806
0.387152
1.30142
0.0204566
3.14672
0.0582095
1.06303
0.10873
0.799448
1.94351
0.589358
0.216185
0.154618
0.0473992
0.356235
0.0110499
2.75396
0.728082
0.83484
0.581354
0.474135
0.688428
1.37647
0.604979
0.651913
0.272871
0.936779
0.490128
0.474362
2.39568
0.0437325
1.03911
0.812823
0.661337
2.08573
0.440066
1.00871
2.57135
0.288923
0.0096908
0.164684
0.549402
1.5064
1.03512
0.274961
0.0253383
0.106559
0.897481
0.986952
0.495202
0.0480149
0.407407
1.92677
0.00452227
0.0277339
0.717399
0.157558
0.959775
1.89946
0.962432
1.78043
0.226577
0.938066
0.546774
1.35457
0.26069
1.65574
1.05655
0.670075
0.744007
0.522006
6.09816
0.0420053
0.754389
2.37813
2.74636
0.739641
0.259456
0.226776
0.611235
0.985812
0.785194
0.362597
0.232558
0.867091
0.666336
1.00329
0.0941752
0.0584256
1.87486
0.0437651
2.04144
3.43089
1.27578
0.251209
1.7128
0.748436
1.07017
1.07401
2.76654
0.734911
1.24674
1.67993
1.55288
0.204159
0.23585
1.15129
0.697477
0.943924
0.660423
0.515021
3.27251
0.0942776
0.510752
0.0561949
1.32053
0.371704
3.01859
0.450841
1.4327
1.74243
1.19539
0.531387
0.491428
1.19809
0.444863
0.0784284
1.25432
1.39392
0.416483
0.363561
1.94969
0.383414
0.650548
3.05708
0.146244
2.52878
1.60602
0.339368
1.29495
1.5426
0.875254
2.00114
1.7416
0.970512
0.718012
2.54933
1.96934
0.779577
0.225323
3.19929
1.56022
0.893957
2.28816
1.10851
0.0208333
1.39379
1.0137
2.15728
6.00678
1.99099
1.02669
1.17868
5.01947
0.452662
0.307534
0.524092
0.152535
0.314215
0.285495
0.777155
0.28777
0.36065
0.920131
0.570542
0.575508
0.88401
2.10726
1.37976
0.136262
1.7094
0.161477
0.550841
0.582447
0.409277
0.599691
0.392619
0.75921
4.30433
0.0103453
0.224523
2.2036
0.256624
0.0223578
0.151061
0.184069
0.425153
0.327138
0.193573
0.829735
0.289124
0.573306
0.243062
0.341319
1.20553
0.227867
2.99401
0.197824
0.559391
0.290517
2.38933
3.57985
0.0547614
0.132849
0.397301
0.351975
0.214764
2.81648
5.28107
2.47533
1.21002
0.201372
1.29695
0.294872
0.573151
0.439361
1.06611
1.43862
0.64291
1.63244
4.00249
0.143214
0.212902
0.659672
0.438065
2.87527
0.124462
3.22276
0.804714
1.30419
3.65232
0.608446
0.967608
0.0473236
1.77377
0.212639
0.13624
0.829237
1.43556
1.88547
1.27727
1.22853
3.03254
0.541534
0.97615
2.46261
1.00013
0.275925
0.282631
0.028036
1.55673
0.721265
0.889318
1.99595
0.0411778
0.0630334
0.858189
0.715796
0.918215
1.07309
0.00352073
0.469642
1.39271
1.18136
0.298912
0.748685
1.29043
0.615799
0.640306
0.494372
0.542471
2.01551
0.327084
0.349621
1.94659
1.93573
1.7545
3.11684
1.65503
0.378791
0.264303
0.502881
0.648968
1.51879
0.120876
0.455415
1.13763
1.23471
0.493957
1.60909
0.549944
0.953162
4.86394
0.403475
0.35805
1.97703
1.10092
0.562247
0.948871
0.504415
0.741061
0.193746
0.994423
0.234584
0.67506
0.267081
2.5027
1.70951
0.446789
0.0475337
0.138853
0.831355
0.820074
1.57188
0.201666
5.13807
0.410077
0.170816
0.271908
0.154873
0.711977
0.580537
0.495325
4.47722
0.60113
0.0523641
0.666844
1.99929
0.640244
2.54773
4.12219
0.148393
0.299257
2.17901
0.308735
2.56469
0.77495
0.81965
0.394961
0.14006
1.03388
1.3791
0.272275
1.01538
0.118636
3.05637
0.383308
2.02362
0.014018
3.78561
0.518082
0.847201
0.179259
0.221076
0.172535
0.0991178
2.03933
0.758685
1.6625
2.58532
0.501437
0.998616
0.292309
1.63572
1.56763
0.453298
2.40879
0.227177
0.326826
0.100491
0.325438
0.551646
1.66958
1.75862
0.849513
0.17292
0.0233409
1.31087
0.479133
1.40969
0.214512
0.10513
1.33825
0.00303745
0.531151
0.338445
0.780766
1.24717
0.920906
1.00981
1.2842
2.25637
0.817181
3.35338
0.0792497
1.6786
1.14079
1.02475
0.193371
1.21586
0.795822
1.47988
0.336123
0.608337
0.0186819
0.843103
1.12355
0.0398696
4.6132
0.52794
0.301574
3.30261
0.739015
1.03195
3.99573
0.830641
0.601712
1.14016
1.76884
0.517969
0.202207
0.508829
2.78583
0.852818
1.66224
0.537197
1.07143
0.205316
0.277444
0.289285
0.0156099
1.89603
0.665281
2.73875
0.676172
0.542363
1.41671
0.0932209
0.707952
1.56043
0.879805
0.0224127
0.811172
0.0612129
0.832368
2.17833
0.471566
1.65494
2.75966
0.5513
0.0998034
1.72579
1.02589
0.420791
1.3617
0.0138001
0.0277128
2.10147
0.068792
2.00532
1.99816
0.78521
0.0350037
0.165171
1.81019
1.0767
3.89242
0.292701
0.186356
1.0325
1.43603
1.80316
0.840133
1.05928
2.16098
0.210799
0.117318
0.862449
3.49585
0.0320614
0.334287
2.9777
0.714279
0.0235514
1.66171
1.56742
0.377492
1.81565
0.563334
3.19365
0.795151
0.029359
0.381881
5.52196
1.62502
0.729386
0.313195
0.0620291
0.0922463
3.30101
0.444445
2.95141
0.192239
1.73551
0.223374
1.42715
0.220997
0.494462
0.671255
0.286894
2.70369
0.867063
4.75786
0.486122
1.07402
1.52724
1.02058
0.193602
0.0251005
0.79396
2.28483
0.34638
1.81676
0.507154
0.0699666
0.741628
0.18611
0.827422
1.16073
0.936073
1.27985
2.55435
1.2053
0.657716
1.81483
2.8409
0.807407
0.655372
0.0960705
2.262
2.12846
0.754725
2.043
0.182611
2.92548
2.04433
1.85937
2.35454
0.714193
0.438258
1.43332
1.85117
0.324126
1.90176
0.631967
0.801376
0.889929
1.58796
0.851053
2.59761
0.777603
0.577377
1.09428
0.213708
0.171472
1.65258
0.7107
0.255257
1.76293
2.96567
0.125106
0.612008
1.0012
0.609312
0.142008
0.203521
1.34847
2.02016
0.526063
0.768658
0.78909
2.55316
0.268801
2.59943
1.18798
0.294617
0.0945829
0.273167
1.13249
0.788588
0.43682
0.863997
0.15135
1.10169
2.24422
1.79211
0.896429
2.13686
2.66301
2.06657
1.07932
0.924157
0.104278
1.05753
0.835474
1.5454
0.137915
0.0135466
3.95206
0.639189
0.0428579
0.649944
2.57456
0.737001
0.350592
1.70545
2.08643
0.0963714
1.50379
1.1823
1.4323
2.15475
0.0713102
0.152177
3.4793
1.20917
2.19363
0.243166
0.0796131
0.450676
0.145986
0.820122
0.572818
0.701577
0.581661
0.219012
0.348663
0.375482
1.02403
0.415296
0.925046
1.3082
0.0969995
0.689285
0.211205
0.171813
0.273674
1.12147
0.594693
0.251246
0.422188
2.84999
0.240436
0.946704
1.61883
0.213468
5.10539
0.799947
2.91395
0.406327
0.233138
2.64684
1.44923
1.3672
0.931255
1.03039
0.586379
0.297407
0.756481
0.189756
0.143412
0.62356
0.204955
2.88523
2.14682
1.03498
0.846996
0.714878
0.135507
0.0948134
0.30216
0.100631
1.06408
0.128625
1.10066
0.759791
0.648818
0.873021
3.8767
0.152885
0.677351
0.125041
0.543523
0.890567
0.472719
4.73391
5.29214
0.295611
0.952856
1.45224
0.51704
0.177323
0.0711319
0.953253
0.296537
4.94162
0.0224275
0.816835
0.335343
0.282569
0.0967146
0.545424
1.18237
0.0650565
2.77645
1.53626
0.393025
1.43813
0.189031
1.37197
1.60683
0.995919
0.503284
1.36714
0.345872
5.45872
1.42373
0.316534
0.123506
0.145661
3.93591
1.31258
1.46461
0.0506571
0.244085
0.302218
0.951154
1.0164
1.25768
1.5283
1.92857
0.399471
1.07123
0.090027
3.52096
1.16347
0.102283
0.252396
0.318343
0.0494822
0.560005
0.0164088
1.39046
1.25263
0.3262
3.12625
2.04319
1.40505
0.281128
0.334282
0.659693
2.89146
0.513713
0.796627
0.735694
2.15863
3.48574
0.553931
0.998089
1.83165
0.0837461
0.0850176
0.547299
0.411274
0.0445928
2.2146
0.639597
0.0608269
0.0268921
1.46655
1.57034
0.0770126
0.836854
2.70489
2.00413
2.87562
1.77076
0.451199
3.51375
1.35192
0.0227847
1.45133
2.54663
0.749271
2.14364
0.38487
2.36898
0.378176
1.05844
5.52472
0.856989
0.070607
0.608464
1.36663
0.0581386
1.47358
0.661798
0.402771
0.0508034
0.110834
2.52494
0.12228
1.11779
1.50246
5.73962
0.820858
0.249132
0.036726
0.125809
1.44763
0.683458
0.529317
0.594354
1.6203
2.15255
0.252195
2.16834
0.167838
1.81264
2.26451
1.83201
0.0398269
2.47033
0.956535
1.26349
2.3804
0.0760218
0.459263
0.769331
2.42494
0.405046
2.34075
0.880333
0.974005
0.746801
1.07952
0.757592
1.58041
0.294609
0.20799
2.34093
0.613218
1.37511
0.119025
0.444857
0.153078
1.42282
0.195251
1.0279
0.680322
0.223106
0.518989
1.08317
0.11781
1.01158
2.41366
0.887043
1.94713
0.415973
0.538334
0.504799
0.602769
0.0498981
5.88315
1.4141
1.01056
0.0999599
0.107573
1.19817
1.13889
0.0830165
0.488396
3.01312
0.802255
1.34609
0.508698
0.488128
0.710444
0.207
1.0677
0.629101
0.535899
0.190567
0.164179
0.128473
0.848889
0.803163
1.75939
3.03558
0.431018
0.901328
0.0658156
0.232825
0.524718
0.398438
1.21328
0.522817
1.58842
0.842641
1.11436
0.0551918
1.27532
1.55686
1.28501
0.41661
0.323145
0.71326
0.418953
0.309286
2.44243
0.462969
0.441494
0.0714095
2.96166
0.769678
0.345349
0.517471
2.27689
0.960815
0.00340063
0.181026
2.54187
1.38813
1.00351
0.473708
0.192543
0.0245827
0.555405
0.0619902
0.430036
2.26931
0.582384
0.680253
0.213223
1.49726
1.22599
1.53164
0.35531
0.564383
1.86457
0.166471
3.39097
0.490845
1.2786
2.00127
0.490435
4.1241
0.152697
0.216889
4.65899
0.275246
0.157105
0.464146
0.220835
0.24663
2.73361
2.17505
0.52159
0.0187714
3.6431
0.108958
0.626124
0.0997785
0.352428
0.835601
0.604563
0.0439807
0.850199
2.69421
0.036811
0.746569
3.04016
2.71647
0.212975
0.702903
0.286597
0.344182
0.924764
0.571386
0.665746
4.25564
0.684423
0.906184
0.426475
1.65812
0.239371
0.238463
0.861133
0.924482
0.391539
0.773618
2.0063
0.105564
0.785451
0.83451
0.290764
1.54281
0.304167
0.721458
0.916013
1.1809
3.32579
1.50369
0.179431
0.769324
0.412425
0.669056
1.65188
0.124351
0.438367
0.432896
2.25425
0.494572
0.116432
2.75103
0.510524
0.140362
1.25433
0.0646932
0.329619
0.905831
0.0313911
0.631435
1.04046
0.108993
0.759069
0.52188
1.4304
2.89354
0.0874306
0.428065
0.545063
0.774129
2.70057
0.586464
1.38552
0.28311
1.17314
2.47638
2.9858
1.40994
0.924386
0.0453298
0.0346054
0.608233
2.26554
2.35345
0.110256
1.23634
0.659059
0.758183
0.210914
0.586911
1.73721
1.07868
0.224586
3.37919
0.264892
1.28128
0.0286773
0.550615
0.520655
0.29072
0.403428
1.7297
0.650914
0.458455
0.0595374
0.0168995
0.487156
0.680924
0.245668
0.865472
1.73349
4.67538
3.77946
3.75024
0.905096
1.89469
0.878723
3.09429
1.01546
0.130899
0.206728
0.803652
0.705775
0.28561
0.0654457
1.06499
0.969544
2.79788
0.393619
0.707455
0.0522254
1.57145
0.948029
0.0928179
0.145281
0.345688
1.77282
1.52002
1.27783
0.452455
0.6261
0.258716
0.380947
0.155443
0.733407
1.63802
2.80105
0.143167
0.915271
0.977584
3.11917
0.503106
0.224625
0.620799
1.20237
3.27516
1.31326
0.831357
0.166063
0.123288
0.356808
1.18893
0.669007
1.22616
1.77437
0.486849
1.38027
0.187627
0.721975
1.45901
0.636965
0.543005
0.178652
2.60075
0.742709
0.283844
0.674341
0.18352
3.27354
0.594106
1.93545
0.144743
0.198105
0.32307
0.745911
0.181175
0.170437
0.573334
3.80721
1.74662
0.0853395
0.298337
0.342704
0.0160275
0.156575
0.24642
0.17227
0.863805
1.54614
0.657311
0.856337
1.65384
0.217722
0.953756
1.25958
1.56555
0.411937
0.156657
0.0665289
3.54263
0.377388
0.134675
0.384913
2.10844
0.403596
0.464505
0.135551
0.536646
0.0774672
0.744929
0.180707
0.971796
1.4576
0.988746
1.00966
0.40963
1.28213
0.427886
1.15495
1.08564
1.06467
0.772632
1.65613
1.06796
0.811386
0.331414
1.47529
0.16192
0.533283
0.101948
0.0776755
0.128722
0.85391
0.604697
0.755951
0.75868
0.0280615
0.329912
3.15924
0.0399145
0.520824
0.953769
0.812327
0.691369
4.56585
0.0615701
4.76934
1.12835
0.70363
0.255977
1.30283
0.0763134
0.0062174
1.62513
1.06252
0.346326
0.979926
0.579897
0.763306
1.87653
0.661559
0.0933245
0.394714
1.77627
0.82273
4.09914
2.44072
0.459954
1.54126
2.39405
0.315229
0.290609
0.18952
2.73059
0.983882
1.14261
0.304005
0.314842
1.02152
0.739116
1.12189
0.517444
0.159421
0.00263202
0.0554951
0.223754
0.703804
0.279285
0.223859
0.114095
0.08186
0.82391
1.11251
0.159224
2.37102
2.7533
1.03827
1.86847
0.0931501
0.854516
0.420561
1.4987
2.64959
3.47535
1.50263
2.05712
0.47283
0.476091
0.154651
0.188334
1.62464
0.147903
0.969401
0.185825
1.06526
1.22844
2.17037
0.558845
0.0241426
2.21376
0.1269
0.961207
1.08489
0.122972
1.60217
1.04636
0.693831
0.231637
0.0697526
0.0641277
0.211646
0.814718
3.38765
0.410107
1.28232
0.123692
0.381281
0.332041
1.04366
0.111019
0.79688
0.204748
3.10281
2.07939
0.296923
1.94536
0.141186
1.73777
1.49213
0.314918
0.602577
1.53108
0.835036
2.61404
0.036019
1.56325
1.21436
1.01029
1.20405
1.07286
0.275535
1.95193
0.190119
0.301689
1.43956
0.332281
1.12447
2.90626
2.24582
1.62594
0.561979
4.2794
0.0689337
0.802886
0.145391
0.675696
0.400379
0.174956
2.72755
1.14463
0.680008
2.40196
2.61745
3.06515
0.493641
2.67031
1.41334
1.01081
0.795849
0.136323
0.384839
1.99986
0.0754166
3.66712
0.134749
0.645678
5.70149
2.00218
0.448084
0.422032
2.66574
0.181347
0.194586
0.0773477
0.307387
1.04047
0.301431
0.611597
1.32282
0.591031
0.240687
0.9487
0.976285
0.274796
1.55116
0.253247
0.532163
1.49306
0.700317
1.5371
0.149127
0.565303
1.22399
0.318834
0.317781
3.96923
0.884576
0.168576
0.506701
0.223411
0.243798
0.163872
0.651397
0.710049
0.1257
1.08176
0.00796923
0.342005
0.573011
0.318931
1.72106
0.0675898
0.252486
0.310529
2.04659
0.199198
2.24827
0.743792
1.37016
0.185116
0.487293
1.44769
0.25715
0.6149
0.0544156
0.719933
1.0926
0.888243
1.92409
1.28696
0.645209
0.880887
1.90251
0.627165
0.766507
1.16496
0.84778
0.886921
1.46496
0.0610747
0.317129
1.50153
1.264
1.09711
1.00036
2.56464
0.474658
4.18633
2.74222
0.228757
0.105319
1.18994
0.297378
1.6646
1.7832
0.0352603
1.24646
1.24447
0.699228
3.24704
0.352474
0.498611
1.78677
1.66461
0.448192
3.29954
0.435785
0.900762
0.295647
0.824466
2.81734
0.9279
0.211298
0.619848
0.999816
0.706699
1.83333
1.61797
0.035474
0.811838
1.36144
0.418752
0.102913
0.136328
0.0297327
0.195305
0.796297
0.235076
0.708377
1.63308
1.51916
0.0291159
1.11406
0.63492
0.645117
0.635597
1.0314
0.228684
1.40152
0.613133
0.923582
0.622461
0.159435
3.17183
1.35895
1.53535
0.187626
1.45824
0.33823
0.474434
1.57463
1.42099
0.93272
0.0619246
0.885391
1.3327
4.04796
0.601863
1.9813
0.85548
0.0458624
1.88756
0.789022
1.60939
0.564355
1.1248
0.137004
0.32406
1.22158
3.01798
0.579217
0.188083
0.0726796
1.09148
0.82345
1.88125
2.52789
0.654153
1.05017
1.98839
1.45635
1.18057
3.76145
1.31204
0.866625
1.81058
3.08807
0.934432
0.0829911
2.01961
0.610283
0.853208
0.0273569
0.407334
0.234827
1.12268
0.0395557
0.598994
0.785153
0.465685
3.82745
0.647153
0.367178
0.895834
0.604018
0.409551
0.235606
0.00940988
0.624922
2.06864
0.52191
1.41142
1.34881
1.1027
0.90862
0.219544
1.60511
1.70306
0.56943
3.01052
0.325399
0.947356
0.760799
1.68217
0.833108
0.693545
1.9833
1.40895
0.32876
0.319975
1.7085
1.02656
0.996913
2.10728
1.42451
1.96241
0.222368
1.44456
0.346266
0.693573
0.203813
0.214537
0.119159
0.312985
1.04117
0.537597
1.08592
1.51877
1.58008
0.141264
0.552716
0.53641
1.83936
0.15842
0.123281
0.477262
0.677504
1.02681
0.882203
0.176853
0.859155
3.52833
1.2145
0.0254521
2.12999
0.497574
0.017361
1.2348
1.26564
1.07935
0.675321
0.0102157
0.306925
2.13317
0.0898225
0.502456
0.244873
0.80596
0.679459
0.381389
1.60359
0.221601
1.60304
0.509348
1.05924
0.717399
0.464957
0.155748
1.11882
0.557617
1.44718
0.418031
0.351419
0.0277506
2.45728
1.77126
0.368385
1.20979
0.568135
1.52161
1.18645
0.643219
0.331018
0.192275
0.865845
2.40588
0.92966
0.951576
1.54086
0.722047
0.032863
0.178853
0.0681723
0.0465825
0.244435
0.452755
0.75514
1.0368
2.48895
0.087598
0.38703
0.234172
0.50773
0.482642
0.0709007
2.33635
0.597164
0.0445295
0.180943
0.293479
1.63126
2.76817
0.516723
1.23172
0.287382
2.1925
0.00663537
0.0931323
0.248946
0.225297
0.925856
1.9774
0.173506
0.725301
0.196161
0.959417
0.578733
0.159094
0.758426
1.17433
0.141861
0.888228
0.364491
0.406769
0.534755
0.397095
0.0990326
0.420587
2.28672
1.03913
1.18264
0.846371
1.14712
0.838434
0.0192578
0.257027
0.510641
0.954642
1.34033
0.482246
0.0675118
0.786379
0.163828
0.916576
0.00162182
1.26159
0.448297
0.0927815
1.01937
0.318474
0.321739
0.375011
0.644201
1.49409
0.632071
0.618004
3.98734
0.662325
0.616868
1.17212
1.40516
2.56504
0.56502
0.82136
1.16825
2.39346
2.64831
0.846135
0.634735
1.21308
0.900225
0.248186
0.187606
0.598679
0.596028
0.671255
0.284849
0.847593
1.59278
0.19815
1.25189
0.309547
0.284104
0.00713111
1.56702
1.61534
2.7379
2.02375
1.72359
1.34419
0.599393
0.220089
1.30799
1.49964
0.757221
1.76998
1.7529
0.435309
0.0488167
0.315922
0.27831
1.18675
0.402889
1.64566
1.50546
0.620933
0.466255
0.436742
0.61619
1.07518
2.70872
0.625904
0.914432
3.36703
0.124332
0.536983
0.992629
0.191098
0.556967
1.45874
0.737732
2.03991
1.96643
0.417852
0.0662934
0.0409336
0.0693761
7.66704
1.56826
1.43534
0.134937
0.171388
1.96453
1.02959
3.32404
0.582409
1.04581
0.187544
3.31343
0.510836
0.487571
1.0311
1.61509
1.16557
0.867774
1.7955
0.0482878
1.01232
0.800824
0.0690649
0.85242
0.965011
1.88045
1.94844
0.363654
0.144077
1.84019
1.5528
0.433355
0.014467
0.337047
1.50961
0.0700458
1.12526
0.14108
0.543307
0.0693007
1.72798
0.476687
0.746059
1.35598
0.742852
0.317184
0.889639
0.389303
0.0757154
0.927243
0.318534
0.00825919
0.774702
0.588295
0.992457
0.256019
0.58089
0.056089
0.221766
0.77086
0.571677
0.354567
1.05516
0.282639
0.608501
0.402719
0.152439
0.271579
0.217475
1.91236
0.0296593
0.0988385
0.453529
1.24907
0.161388
0.0207718
0.988133
0.19232
0.316452
0.981974
1.01233
0.903147
2.7118
0.0942066
0.0770313
1.81992
0.358074
1.46224
0.129857
0.225708
0.248006
1.41588
0.308899
0.15189
0.137631
0.641635
1.93246
0.867779
4.97305
1.50705
0.396004
0.117718
2.57863
1.16763
0.71481
1.92124
1.04343
0.240875
2.63639
0.322907
0.670378
0.440007
0.698407
1.43282
0.0312823
1.68161
0.885546
0.235455
0.13105
0.564539
1.33213
0.624807
0.488158
2.58233
0.126293
1.91665
2.26779
2.67193
0.00585048
0.989128
0.219577
2.51853
0.262205
0.928708
0.375684
5.83241
0.0443142
1.4909
2.60503
0.168291
0.319376
0.212369
0.471645
4.65636
0.238865
2.45925
1.06204
0.591564
0.142272
0.361387
0.0517783
0.926995
1.9208
0.588877
0.964119
0.0738446
0.319019
0.0112061
0.134701
0.00196557
0.32247
0.397193
1.0449
0.344563
2.66834
3.02009
0.647004
3.87256
0.507365
0.767834
0.689139
0.517538
0.60102
0.3369
1.26541
0.160614
0.0393762
1.49954
0.0851498
0.372518
1.52644
0.576406
0.309791
0.159108
1.91735
0.66678
0.92366
0.955091
0.112352
0.908762
1.57431
2.03893
2.52138
0.105674
0.88013
0.272508
0.987059
9.596
0.0800304
1.28435
3.69092
0.898613
1.60741
0.829579
0.706579
4.25924
0.300196
2.34765
0.352064
0.35068
0.0953795
0.105453
2.87141
1.73065
0.67843
1.21614
0.267844
4.25832
0.109235
1.11394
0.520211
0.369465
4.61189
1.76724
0.498342
0.284831
2.33885
0.139625
0.00980702
0.158392
0.641688
1.41347
0.603431
0.117281
0.696778
0.892516
0.0493802
0.0944644
0.0196647
0.106835
1.07448
3.13893
0.319115
0.208935
1.09426
2.02286
0.360818
0.0137551
2.71489
1.2199
0.322652
0.455837
1.14485
2.07991
0.275566
0.913694
1.08107
0.31
0.630512
1.12326
0.839545
1.03287
0.0340429
0.446012
0.105923
0.323537
1.7304
0.112546
0.833704
0.0877566
0.925609
1.08567
0.623261
0.09925
0.422534
2.91301
3.12632
0.687155
0.572036
0.255634
0.995007
0.0871313
3.85234
0.158105
0.655372
0.455372
1.6658
1.00709
0.725325
0.172706
0.551269
0.262213
2.36606
2.47651
0.587406
2.0987
0.0927881
0.94547
1.83513
1.24988
1.3466
0.599813
0.726168
2.33861
0.0339334
0.231657
0.614976
0.0489579
0.0986443
0.618816
0.112058
0.234226
0.0663898
0.804562
0.0914717
0.100181
1.19338
0.705355
0.0213899
0.582093
2.17173
1.36658
0.717719
0.127724
0.055402
2.02919
0.0271324
0.032062
1.62886
0.334307
1.63373
0.362831
1.41244
4.25825
0.639739
1.87432
3.97832
0.309373
0.737963
1.56359
2.79495
1.05212
0.383755
2.01293
0.42603
1.87346
1.63546
0.279832
2.15886
4.42644
0.820553
2.16368
0.161659
3.8158
0.477438
2.8179
1.51386
0.227295
0.0488074
0.26699
0.174795
0.548166
0.599347
0.471123
0.960736
0.11231
1.24481
0.756843
0.74969
0.0329579
0.692543
0.514163
0.282476
0.521716
0.198811
0.593153
0.31951
0.376832
3.74524
2.14907
0.847798
1.53029
1.58623
0.707013
0.589885
0.292246
2.22805
2.10161
2.34393
1.30762
0.0320852
2.30249
2.43686
0.552372
0.371948
0.416733
0.605261
0.18159
0.371296
0.395189
1.66196
0.455303
1.32973
0.437321
3.81981
1.7951
0.238008
1.96267
1.00972
0.265202
0.509207
2.09389
0.847007
0.609713
0.0927642
1.79579
4.57087
1.28548
0.593581
0.0192462
0.940655
1.12954
0.0768887
1.41755
3.42695
0.321904
0.0263347
1.84278
1.8303
1.45915
0.67619
0.282664
0.221411
0.77331
0.300813
1.12898
0.960368
0.122054
1.08227
3.98599
0.76375
0.129541
0.147365
3.60782
0.3492
0.645459
0.111692
1.18099
0.483037
0.939204
0.339032
1.09136
1.41154
0.00756812
0.166676
0.178974
1.19572
1.93155
1.08194
0.0635315
0.107039
0.076792
2.84032
0.299146
0.929006
0.794447
0.109456
0.312012
0.650937
1.71753
1.69161
3.70647
1.17377
0.0522165
1.78826
0.125529
0.0658403
0.747772
0.139409
0.738592
2.62026
0.717965
1.66216
1.01898
0.213272
1.307
0.587721
0.535795
0.29112
0.292947
0.0147696
0.0386152
1.00481
0.129743
0.127964
0.915568
1.59859
0.561431
0.944125
0.234746
0.0215982
0.252529
0.378218
0.916073
1.43496
3.16837
0.019797
1.46293
0.549885
1.74276
0.470881
1.1521
2.73937
1.30527
2.14828
0.935145
0.0687872
0.232897
0.991844
0.0608647
2.06285
0.0873675
2.70095
3.65948
0.236012
0.1431
0.850601
0.0904259
1.25003
0.838666
1.38991
0.0785861
0.178088
0.940225
0.620507
0.737699
1.0493
3.16082
0.569981
0.227337
0.602999
0.559235
0.353974
1.50337
0.0466325
0.823365
0.169311
0.485018
0.15369
0.650988
0.236682
0.235769
0.224951
1.5627
0.97146
0.805696
0.350659
1.77063
0.280251
0.559449
1.46769
0.00989104
0.56304
0.286901
0.893417
0.897597
0.773631
0.991715
1.69335
1.06559
0.400788
1.8131
0.0850945
0.796379
2.39717
3.02288
0.76094
0.992856
0.463285
0.284485
0.115603
0.821024
1.74681
1.95532
0.90713
3.4202
3.18336
0.285961
0.446348
1.35795
1.56418
0.778481
0.194433
1.50655
1.64658
0.264729
0.0764651
0.55209
0.12106
0.420534
0.900528
0.616512
1.5521
0.756647
0.507573
2.01348
0.0911037
0.242358
0.97192
0.206057
1.13392
0.289169
2.24805
1.45343
0.811564
0.204478
0.585867
1.09854
1.64458
1.01754
0.209856
0.750071
2.22177
1.9435
0.289788
0.202088
0.920085
3.19292
1.49631
0.368925
0.446922
2.69059
0.69184
2.26309
0.0312752
2.37526
3.32705
1.83118
2.21722
1.40045
1.60386
0.556817
2.93784
0.769821
3.77548
0.0188961
0.276314
2.05757
0.632383
1.24728
0.39537
1.26173
0.222034
0.322236
0.827769
1.02082
1.30606
0.143379
0.525721
0.113012
0.843359
1.24808
0.452988
1.72504
0.790872
2.46762
1.32364
1.07928
0.135958
0.0204245
2.0592
0.270674
0.134423
1.62818
0.0808832
1.04348
1.20329
0.173611
1.5764
0.541439
0.0523268
0.0142099
0.338724
0.231599
1.3736
1.74742
0.634441
0.351068
0.0780521
0.60217
0.0129893
0.530505
0.42509
1.14492
0.578027
2.40361
0.815468
0.236814
0.414254
2.03956
0.404225
0.452151
0.490329
0.146429
0.800091
0.411175
0.378239
1.83119
0.870591
0.305017
0.704083
0.593284
0.764149
2.08964
0.479946
2.06095
0.586951
0.0823392
0.271945
1.16412
1.60241
0.206562
1.19576
3.83123
0.400028
0.160412
0.575146
2.09015
0.646582
0.752838
0.45747
0.376292
0.57302
0.784068
2.41322
0.0331109
0.25057
2.64684
0.820987
0.502089
0.991435
2.98049
0.458225
0.0255816
0.777025
0.376856
0.765544
1.78953
0.633008
0.369814
1.46076
0.588373
1.44636
2.53859
0.819874
0.900459
0.492428
0.283848
0.0662979
0.690992
1.13967
3.9739
1.30566
1.50812
0.0172377
0.303978
0.423392
2.69138
1.60255
1.12497
1.14982
2.69886
1.05356
1.19127
0.474232
3.45875
0.329549
0.452409
0.251714
2.05835
2.1164
0.645981
0.788628
0.324709
0.705856
0.0945936
1.72039
0.0397611
0.430878
0.987059
0.208834
3.29311
0.347408
0.442085
0.040456
0.470386
1.17023
0.831669
0.412926
0.862406
1.45358
0.195565
1.81312
1.28936
0.845192
0.164568
1.92503
0.173486
2.04367
0.505883
1.50404
1.404
2.58996
0.770864
3.12223
0.340409
0.772024
0.344595
0.153164
0.51551
0.370332
1.44485
0.170117
0.192023
0.692224
0.575624
2.65705
1.88726
0.538737
0.163358
0.895151
1.43295
1.37166
1.94202
1.45578
0.00434141
1.32779
0.592023
1.38155
1.9432
1.01924
0.564216
1.22627
0.763769
0.444766
1.43908
0.905178
0.338602
1.09915
0.908484
2.70169
0.499208
2.91408
0.31774
0.109319
0.0775263
1.91629
0.364824
0.444554
2.21969
1.71777
1.1615
0.191012
1.01179
1.66101
0.306551
0.134477
0.331137
0.263333
0.708157
3.1967
0.0101329
0.587577
0.586275
8.51719
2.04263
1.3949
0.0458109
0.878198
0.105396
0.365809
2.00981
1.09942
1.04823
1.78556
0.244946
0.310998
2.9703
0.896446
1.08019
2.61827
0.6102
0.688757
0.127735
1.8007
0.0312346
1.56481
0.503301
1.5411
1.06519
0.221117
0.458271
1.02333
0.845525
4.1212
1.14982
0.589308
0.412931
1.62996
0.237747
2.11385
2.15407
1.55162
0.0602232
0.214061
0.05825
1.38642
0.560979
0.355954
1.3541
3.03595
0.138312
0.208457
0.0729327
0.400282
4.42971
0.379916
1.42231
0.908189
0.00269945
0.162924
0.131846
0.14768
0.65685
0.73312
1.63347
0.114196
4.11622
2.82673
1.35538
1.06797
0.41577
0.879674
0.578259
1.12237
0.790332
0.0478032
0.0574558
8.19874
1.68757
0.865103
0.461651
0.647791
0.866437
3.26851
0.154138
1.59122
1.32703
1.09224
2.72394
0.739671
2.36651
0.629022
2.28833
0.256412
0.0367909
0.230071
0.93111
0.142038
0.0779836
1.64127
0.557566
0.22893
0.0706934
0.312811
0.735858
0.0740124
0.556186
1.45119
3.17307
1.25371
1.10827
0.742356
0.032446
0.403346
0.56646
1.04029
0.332219
0.33865
0.0204952
0.786586
0.332327
0.828882
0.367693
0.150469
1.26702
0.998562
0.306137
0.700238
1.64738
0.163253
2.2719
0.101368
0.899977
0.530316
2.37547
0.314983
0.165745
2.81774
1.79496
0.222511
0.296237
0.189465
4.70765
2.3508
0.741909
0.959031
3.6645
0.758332
0.937325
0.537558
0.0354244
0.800178
0.604225
1.29344
0.108222
0.043007
0.173098
1.72174
1.40389
1.29804
0.683452
0.424847
2.41612
2.4433
0.931376
0.964993
0.806515
0.0166693
2.78828
0.529682
0.291115
1.73223
2.78178
0.115771
1.55824
0.16922
0.797202
1.13047
1.10824
0.115846
0.0628982
0.401448
1.6635
0.733982
0.404829
0.416539
0.21389
1.76626
2.9431
2.09148
1.46281
0.00976777
0.38485
0.364154
0.531658
1.26628
0.370706
1.96977
0.227449
0.405112
0.469858
0.0997948
1.77012
0.0507603
1.59762
0.0305553
0.516024
1.16616
0.0344715
0.54111
0.642572
0.492475
1.2618
0.0288184
0.764315
1.86078
0.440718
0.472986
1.59966
0.28709
0.319554
1.63398
0.796335
0.965116
1.65148
0.399547
1.86075
1.03648
0.416648
0.191093
1.98771
1.41343
0.179469
0.503673
1.16206
0.780777
1.38229
0.739572
1.65315
0.228079
0.572511
0.955445
0.156949
0.232283
0.105271
1.09749
1.96849
1.53115
1.7215
1.39519
1.47231
0.614985
0.109293
1.91363
1.00678
0.311713
1.13676
1.3776
0.115364
1.67836
0.577831
2.45286
1.08495
1.88331
0.74822
1.7334
0.267101
0.747918
0.148687
0.843387
2.71933
0.00506874
0.0620746
0.261043
0.814852
0.782575
0.681612
2.07562
0.251292
1.50276
0.221378
1.04072
2.36035
0.405274
0.676221
1.69617
0.188011
0.556849
0.165047
0.261308
2.1183
1.01634
1.42906
0.0666242
0.182063
0.700498
0.719602
0.365492
0.655491
0.111076
0.0571895
1.97585
3.57537
0.369751
0.462174
1.26508
0.0122308
1.75492
0.296208
0.0713158
0.157652
1.41883
0.5917
1.68887
0.293876
1.50296
2.22785
0.4436
0.256036
1.01697
0.303856
0.103048
2.46587
0.156917
0.211545
0.801026
1.17201
0.314222
0.380745
0.699787
0.428103
0.836537
1.04624
0.113687
1.17484
0.821635
0.356648
0.423309
0.803858
0.298263
0.137233
1.43964
0.825144
0.620949
0.389377
2.29624
0.576168
0.0437871
0.6425
0.377656
0.102454
1.75249
0.187433
1.01897
0.461897
0.332162
1.06726
0.807322
0.937949
1.05804
0.88332
0.124743
4.10907
1.20868
0.570268
0.431432
1.38378
1.35596
0.838925
0.69095
0.319787
0.118118
0.796809
2.13087
0.125384
1.3705
1.18821
1.3486
3.14877
0.0369615
0.563422
0.0111905
0.995491
0.948295
0.655316
0.541898
0.115089
0.265159
0.574575
1.71278
1.10828
0.569414
1.34649
0.231106
0.0737487
0.118347
0.947315
0.325024
0.00614226
1.17351
4.39402
0.000199469
1.0142
0.0563602
3.47196
0.0736236
0.675846
2.23741
1.95107
1.17693
0.707865
1.00545
0.348958
0.855546
0.749698
0.980496
0.789004
0.894378
0.0178789
1.29444
0.654908
3.6573
0.368979
3.94197
0.319964
0.687471
0.156778
0.745298
0.470039
0.762101
1.80086
0.520159
1.52348
0.538833
1.52603
0.613865
0.173832
0.0150639
1.20953
2.68472
1.83426
2.68091
0.342564
5.15162
0.28564
0.28307
1.08216
1.67616
1.53678
0.24251
0.382048
0.432839
1.2452
1.8043
3.15691
0.816731
0.0821581
1.1946
2.32668
0.115029
0.25301
0.0329845
0.57185
0.452252
2.25081
0.469239
1.82978
1.23753
0.751677
1.36271
0.55028
2.88262
1.27804
1.49004
0.393833
2.02914
0.577334
1.17949
0.489136
1.4242
5.25545
0.830457
2.08445
2.04731
0.429198
1.29217
0.446665
1.03276
1.38946
1.64615
0.722918
1.5033
0.325431
0.317221
0.15921
1.78257
0.360683
2.0559
0.276041
0.741128
0.562993
2.98778
0.352807
0.478173
2.84778
4.25797
1.44889
2.4739
0.338205
0.383279
1.93342
4.87031
1.08315
0.57704
0.731437
0.75776
0.238298
1.52676
2.15498
0.273343
2.33628
0.568992
2.83332
0.716097
0.891042
1.03088
1.42878
0.195828
0.400022
0.894033
0.0369498
0.294989
0.65562
0.351045
0.28093
0.462186
0.959723
0.0963841
0.228293
0.013604
1.62815
0.86857
0.393294
0.35447
0.319559
0.65261
0.424148
0.47203
0.039425
0.322708
1.78407
0.19971
0.655137
0.107842
0.275925
1.09167
0.608861
1.3709
1.77062
0.204195
3.15222
0.235513
0.22501
0.242891
2.01967
1.3216
1.51095
0.0374039
1.88343
1.18441
5.07118
0.846744
2.30102
0.355113
0.644589
0.0354333
1.00594
0.655031
0.040094
0.819679
1.58514
2.45751
1.40879
0.60826
0.0724258
0.839339
2.17315
0.327025
1.30967
1.202
4.30115
0.449431
0.148951
1.25838
3.0843
3.89237
1.08655
1.65692
0.383139
1.64851
0.0362593
1.51792
0.807694
1.84666
1.20257
3.50736
1.26162
0.582895
0.191696
1.20809
0.197872
1.06881
4.50234
0.177348
1.45676
0.714612
0.240285
0.139684
0.0757841
0.507194
0.145017
0.606427
0.288485
0.299587
0.116133
1.26569
0.0671915
1.20884
0.147733
4.0431
0.686942
1.30277
0.213832
0.0409913
1.16028
0.270124
1.91663
0.081995
0.707459
3.10488
0.307131
0.196042
0.810924
3.82957
3.99883
0.801191
1.91179
0.837068
1.28135
2.88779
0.0363143
0.472498
0.857501
0.114785
0.42153
1.49753
1.21601
1.42217
0.186091
0.55568
0.0748054
2.72305
0.65354
1.486
0.294811
0.188921
2.17366
1.00462
1.88411
0.529455
1.08086
0.732587
0.748901
0.0386069
0.650942
2.13977
0.358386
4.66918
0.201851
2.69502
4.34705
0.40515
0.443662
0.218262
0.601491
0.241374
0.00227369
0.653519
1.08287
0.98801
0.0864991
0.515475
0.0726677
2.13614
0.320008
0.176798
0.506532
0.224971
1.06219
1.18528
0.391539
0.456956
1.08633
2.29333
0.1626
1.66299
0.0982878
0.0901734
3.08524
0.0863296
0.560228
0.375827
0.34482
0.106453
0.339012
1.49254
3.51429
0.101437
0.339448
2.42658
2.90458
1.11705
0.115346
0.503266
2.03846
2.20889
0.041419
1.09705
0.417565
1.55997
1.66488
0.190196
0.482877
0.317101
3.93248
4.87987
0.220965
1.34918
1.18192
3.90128
1.34345
0.568633
0.074319
0.135974
0.134079
1.8667
0.0458735
0.332769
0.609764
0.175064
2.32268
2.34079
0.0522736
0.120677
0.439915
5.94956
1.07043
0.204253
0.52529
2.6104
1.11287
0.795572
1.64466
0.263891
2.33381
1.17259
0.473708
0.154368
2.60955
0.106244
0.0295916
2.77267
0.815426
3.3992
1.25644
1.69002
0.684844
0.314157
0.149984
0.600951
1.10548
0.233044
0.688355
2.2053
0.38617
0.437052
0.0483928
2.85938
0.475378
0.623923
1.54328
1.44244
0.157803
0.432856
0.0383881
1.39115
1.90038
1.34144
0.253723
0.603083
0.0961618
0.701068
0.97979
0.99736
1.30256
0.266154
0.511494
0.169707
0.275026
0.683841
1.13897
2.19402
0.116641
1.37331
4.77643
0.24581
0.292896
0.348096
1.79884
0.542869
0.0535966
0.23893
1.12143
0.674738
0.0103375
1.03811
0.167449
1.03078
0.897113
0.503082
1.67061
0.0992422
0.309121
0.242687
0.0915471
0.418874
0.354095
1.30558
2.4721
0.856869
0.415535
0.470076
1.16487
0.49232
0.414828
0.36452
2.09854
0.622282
1.73213
1.02842
0.116411
0.477434
0.0861717
0.0120417
3.78835
0.255962
0.36909
1.45826
0.47222
0.179733
0.23402
1.69447
1.09225
0.977055
0.160551
0.627554
0.548934
0.32081
0.440521
0.224188
0.117195
0.619191
0.262214
1.63261
0.528113
0.285181
0.337424
1.36574
0.771011
1.34847
1.52781
0.261273
0.383695
1.94395
0.846373
1.93186
0.383007
0.229053
0.219496
0.288324
1.63681
0.258667
1.63845
1.03714
1.9058
0.344775
2.10355
1.44482
0.420807
2.01222
0.423181
3.33325
0.233801
0.64643
0.123801
0.0362455
0.995669
0.855701
0.824948
0.844812
0.811636
0.015748
4.18167
0.387012
0.317035
0.319743
0.992284
0.611847
0.4287
0.0977515
0.295495
0.153157
1.33212
1.25746
1.75877
0.397912
0.355424
0.443466
0.424987
0.233728
0.883071
0.109307
0.467364
0.240558
0.125874
2.01657
0.331144
4.42987
4.05485
0.924656
1.47489
0.281222
0.031149
0.544632
1.16479
2.60774
0.612434
1.41291
1.17633
0.845713
0.0649395
0.35579
1.6187
0.375829
3.49049
1.56711
0.461674
0.550662
0.111253
0.51681
0.71179
1.60975
0.250605
1.78147
0.752978
0.408623
1.3759
1.51779
0.518317
0.827534
0.305273
0.00481194
1.75659
0.69725
2.17555
0.823559
2.06846
0.123236
0.44171
0.594368
1.75702
0.347603
0.116195
0.338056
0.224665
1.48168
0.1341
0.239466
0.673564
2.47739
1.89609
1.02511
1.20569
1.40921
3.38402
0.0706494
0.212337
0.247955
0.377102
0.857826
2.01808
3.08203
1.35918
0.225038
0.304331
1.06825
0.206854
1.81049
0.811692
0.40224
1.39293
1.71062
0.0554011
0.487764
0.111027
2.17545
0.200612
3.8358
3.10252
1.03532
0.739872
0.754574
2.3875
0.261786
2.87138
1.71187
0.6855
0.379496
0.420431
0.852148
1.07974
0.144
0.0731959
3.26654
0.657093
1.13455
0.777325
2.50562
0.592524
1.36644
0.100096
1.19499
0.0408417
4.01983
1.04457
0.86904
2.89458
0.939431
0.157256
0.162993
1.05835
3.5315
0.494672
0.0403244
1.44099
0.887062
0.305794
0.857887
1.42776
2.07184
2.15663
0.266025
0.82904
0.190653
1.3714
0.362975
1.01454
0.350812
0.461959
1.22281
2.92417
0.223664
0.714712
0.409518
0.795264
0.00197761
0.616314
2.26173
0.123612
3.18199
0.65615
0.875612
0.186573
0.930653
2.46982
0.876409
0.383846
1.21294
0.00122115
1.43649
0.343457
0.165343
2.86113
0.65021
0.0511592
0.823981
0.312422
2.67226
1.52222
0.921449
0.0169256
3.1135
0.0411119
1.85299
1.57118
1.13351
1.85912
0.236392
0.254379
2.95373
0.0124249
1.35894
2.09221
3.19817
0.747525
1.65597
0.144645
3.77357
0.236635
0.589009
0.132878
0.869262
0.728198
4.04641
0.208863
0.414687
1.22527
0.982487
3.39624
0.406303
0.236899
0.157255
0.957134
0.576511
0.642114
0.436009
0.240128
1.49462
0.0481988
0.729152
2.07433
0.305904
0.277756
0.492648
0.998051
1.07608
0.130894
5.75687
0.941942
0.0229804
0.1286
2.13984
0.778006
0.0115907
0.0818396
2.67094
0.156637
2.48913
5.00237
0.632223
0.576962
1.97834
0.299258
1.54964
0.663161
0.070591
1.18172
1.4387
1.03331
0.954146
0.154103
1.28882
1.91106
0.898301
2.92024
0.290986
3.48643
0.0796569
0.0550242
0.0554955
1.35527
1.74422
0.0920163
0.889941
0.527441
0.133406
0.145523
0.944029
0.697679
1.16894
0.814298
0.326607
1.98115
0.0314975
0.938002
0.015455
0.57051
0.245623
0.173078
1.4596
1.9846
0.559081
0.349915
1.80277
0.550119
0.2495
0.110356
2.6919
0.432369
2.65466
0.544546
1.04183
0.0852906
0.108264
1.72597
3.26531
0.610248
0.500613
1.14819
5.59888
0.560695
1.75229
0.781672
1.0299
0.369019
1.82833
0.933923
0.291892
0.0884209
0.0295408
1.07225
0.0422232
2.02476
0.00746026
0.172863
0.462658
4.42168
0.330096
1.92314
0.872554
1.54176
0.852183
1.02546
0.770538
1.03109
0.691369
0.0154243
0.752265
0.33327
0.00661353
1.98436
1.31869
2.17173
0.700311
2.35227
1.96665
0.0558903
0.080646
0.85565
0.19376
0.189396
1.29689
0.956319
0.790656
0.214806
0.0154855
0.211687
1.13647
0.50221
0.0700549
1.59682
0.25287
0.157426
0.375112
1.46447
2.22114
0.244782
2.2788
1.06559
0.307271
1.14468
0.197314
0.322788
0.597775
2.76289
0.237622
1.28575
0.290757
2.24242
1.02771
0.129235
0.0224543
2.03022
2.65496
0.527982
1.88119
0.245282
0.355296
3.33653
0.289107
0.290149
0.426609
0.383101
0.0593214
0.645472
1.25273
1.5933
0.907673
1.14367
1.31706
0.412416
2.32384
2.91377
0.629986
0.350816
0.0793383
0.0643412
0.0736983
0.720428
0.650592
0.601048
1.8866
0.605728
2.34955
0.0918674
3.3559
1.14827
0.551274
0.650387
0.225475
0.65567
0.0303253
0.274436
1.11618
2.21957
1.50766
0.368211
2.51761
3.72945
0.844971
0.37863
0.357002
0.863822
0.280761
0.204073
0.0838587
0.478025
0.161098
0.638074
0.156211
0.772009
1.86677
0.685262
1.35499
1.18859
0.132864
1.61685
0.197928
1.05434
3.96258
4.12441
2.08941
0.657711
1.29052
0.553884
1.18323
0.504996
2.16607
3.66688
3.1341
0.13474
0.0784317
0.117717
0.078892
0.134097
0.652422
1.00678
0.213483
0.48202
0.135959
0.53751
1.38189
0.12923
0.973848
0.287513
0.531483
0.211185
0.660059
0.432329
0.290509
0.550941
1.44636
0.748039
0.90637
1.43758
0.132371
0.847164
0.638667
0.563234
5.2149
2.50078
0.0551484
2.95026
0.0308823
0.0910752
0.0216656
0.318664
0.668775
3.57231
0.293769
2.01685
1.22284
0.691744
1.45811
3.24658
0.433528
1.21888
0.362529
1.73127
0.904431
1.42531
0.706707
0.367431
2.05466
5.30635
0.0714798
0.659701
0.521051
0.601553
1.56719
0.968553
0.165781
0.00599078
3.01706
0.408432
0.390575
0.915289
2.30814
0.18898
0.175062
0.980749
0.370144
0.542741
0.134476
4.99585
3.28689
0.581831
0.177262
2.67892
0.756856
0.395355
0.223502
0.0459204
0.254623
0.134606
0.831467
1.15722
1.384
0.657855
0.604442
0.178786
0.637438
2.72494
0.161528
1.84809
0.239997
1.17005
0.132151
1.06669
0.89277
0.157034
1.23495
0.0911049
0.358618
3.17137
0.671587
0.159616
0.341516
2.87095
0.0855412
0.502887
0.206757
0.90936
0.646149
0.758586
3.15952
0.7511
0.870892
0.958152
0.163183
0.888722
0.180225
0.576164
1.13798
5.60023
1.76003
0.0841189
0.781751
0.261509
0.217527
0.256481
0.501889
5.78575
3.80097
0.259858
0.494997
0.052579
0.0715008
0.700156
0.230829
0.175211
0.429797
0.309269
1.07697
0.00590259
0.431
0.179329
1.82442
0.360078
0.598668
1.82488
0.170887
2.74297
1.45615
3.07757
0.279705
0.505027
0.512425
1.33008
0.0937751
0.367209
0.23416
0.813955
0.438514
0.395953
1.41097
0.943351
0.306763
0.254082
0.977727
0.231062
4.47625
0.526913
1.29941
1.31572
2.84728
1.24133
1.68045
1.70709
2.27066
1.16603
1.61807
1.38733
0.411931
0.315167
0.1362
1.0526
3.37702
0.00533717
1.42707
0.68553
1.46181
1.25768
0.0545037
0.658332
0.832076
1.85258
0.0972333
1.58642
0.598594
0.322113
1.23492
0.382072
0.0425073
2.85058
1.68677
0.372122
2.92522
3.53977
0.265049
0.95642
0.458415
1.17131
1.13838
0.52252
0.297481
0.313264
0.0700663
0.0418882
2.68446
0.335683
1.55798
0.0391485
0.835771
0.00577634
0.1618
1.33781
0.655863
1.11956
0.931894
1.07998
0.993372
0.883054
4.6265
0.136596
0.237861
0.300079
0.446189
0.179598
1.68713
0.610125
1.0834
0.265656
0.00745119
0.490466
1.93565
1.80837
1.56159
1.88414
1.12461
0.736403
1.75058
0.923985
1.13554
0.411276
1.96237
1.5939
1.43956
0.316383
0.269779
1.13632
1.60316
1.24038
2.95045
0.574023
0.808726
0.632075
0.105025
0.54874
0.847761
0.526794
0.266149
0.83029
0.167598
0.246612
0.517741
0.288564
0.151464
0.428168
0.565299
0.64878
0.956673
1.15873
0.280753
0.783748
0.267783
3.87714
1.27995
0.0938262
0.379173
0.815102
3.05408
1.45053
0.458882
0.495985
0.397332
0.37775
0.254251
0.0261126
0.467247
0.456405
0.567243
0.563522
1.36343
1.29611
0.0816009
0.357783
0.343901
0.597802
1.19418
1.90002
0.945817
0.67739
0.591174
1.02362
0.00533795
0.248178
0.216925
0.645445
0.275344
0.86298
1.19768
2.39243
0.0543918
0.219561
0.733748
0.508049
1.53221
0.261779
2.03644
1.0543
0.0826463
0.238919
0.0131478
0.214997
0.058283
1.29836
0.555772
1.21647
1.95596
0.187048
0.434374
0.171805
0.00564261
0.520304
2.61756
0.37459
0.61928
0.888041
0.773505
0.852443
1.75493
3.29624
0.87489
1.55114
0.851447
2.38493
0.329844
5.19865
1.31756
0.0289538
1.26883
1.12966
3.13539
0.867234
1.51476
0.811032
0.449008
0.0117835
0.137948
0.612831
0.0696623
2.57727
2.41343
0.366732
1.88838
0.25117
0.406813
1.44342
1.69046
1.42843
1.61132
0.844542
0.754174
0.305739
1.33622
0.130194
0.646661
1.68662
1.66584
0.38364
0.362786
1.20643
1.12085
0.253629
1.37756
2.29056
2.44784
0.869417
1.03223
0.00126015
0.456803
1.2533
3.21903
1.97187
0.625604
2.02411
0.283921
1.38032
1.48174
0.703816
0.560876
0.375422
0.482123
0.977914
0.425119
0.139115
0.405829
0.949501
3.30185
0.139536
1.25644
1.20315
1.07702
1.19646
0.970781
0.732495
0.719302
1.28333
0.958098
1.90099
4.93465
0.517347
2.15107
0.0563365
3.66739
0.0866886
1.24304
0.296498
0.676145
2.38084
0.670208
1.64545
0.148658
0.926705
2.01989
0.0696467
0.770778
0.170197
0.307475
0.0528181
1.54417
1.12116
0.442653
3.47917
0.352515
0.27737
1.36244
0.229791
2.82712
0.0426447
0.558956
1.50006
2.49093
0.750475
0.354968
1.63992
0.295424
3.1431
0.300662
0.0489143
0.45922
0.0512712
0.198979
0.0122644
0.827634
0.0871531
0.399878
1.272
2.77176
0.215304
0.606084
0.990099
0.826025
0.206745
0.189056
1.48273
0.461309
1.02508
1.80466
1.06001
1.08559
0.899829
0.770568
2.46062
1.06734
0.900983
0.543297
0.433741
3.47445
0.553227
2.92636
0.338368
0.641153
0.310953
0.37708
1.88907
0.549005
0.929723
1.04756
0.222927
0.312556
1.08059
0.187697
0.285816
0.0860626
1.0255
3.7537
2.15971
5.14714
0.912892
0.944654
0.324249
0.826427
0.194341
0.0977599
0.320387
0.677447
0.0486524
0.80315
0.590298
0.94573
0.384071
0.160102
1.62892
0.74214
1.21686
0.567899
1.35726
1.87191
1.35211
1.73489
0.271576
0.600889
1.94876
0.414404
1.84591
0.989077
0.812699
0.333711
0.728563
0.835015
0.750088
0.0215464
1.84651
0.0975038
3.31991
0.732377
1.00434
0.0656816
2.05556
1.70243
0.740402
0.394323
1.1151
0.0970022
0.74122
1.11219
2.03898
0.639847
0.13884
1.15959
0.097147
0.328782
4.43703
2.53437
0.326577
1.91562
1.13174
0.329938
0.367945
0.954754
1.01289
0.0733451
1.99089
0.828509
1.52578
0.879272
1.67798
1.74439
1.91124
1.13086
2.30687
0.619486
0.0135575
0.23766
0.0323044
0.189366
1.5133
1.6751
3.06708
0.0730188
1.46236
1.77803
0.922606
0.209609
0.418566
2.71096
2.57818
2.18065
1.12115
0.270412
0.584081
1.67466
0.319295
0.504168
0.470522
0.902196
0.713297
0.823908
0.871021
2.52165
0.199639
0.969312
0.137463
0.183425
1.06084
1.01674
1.47732
0.297976
0.988603
2.35531
0.143233
2.12774
0.053748
0.725728
2.03378
1.49328
0.274024
2.16587
0.949349
0.237856
1.25296
0.125053
4.53081
0.433136
1.79961
1.0362
0.653259
1.03228
1.3016
0.050391
0.57283
2.55503
0.861459
0.643771
0.0269287
0.460441
1.61206
0.816398
0.518962
0.00691955
0.169944
0.323635
2.22332
2.17852
0.390062
1.01565
0.61193
0.998697
4.0881
0.969942
0.35043
0.698934
3.13621
0.333081
1.48256
1.05741
0.541728
0.596583
0.803067
1.29431
1.36116
2.22919
0.18393
0.647723
0.0167508
0.555248
1.91655
0.827095
1.35433
1.70215
2.25872
0.199726
1.60745
2.79305
0.394303
1.24421
0.200532
0.0681938
0.239511
0.0310979
0.795998
1.37431
0.455533
1.06693
0.159302
0.15748
1.29421
0.502563
0.132457
0.327802
0.274426
1.05571
1.518
0.0663349
0.701482
0.0650139
1.62942
0.867129
3.36422
0.969412
0.0108163
0.638155
3.58074
3.11096
1.05283
2.30701
0.618674
2.70647
1.62225
3.10745
0.848749
0.271217
2.29788
2.90102
3.65085
0.102868
2.71453
0.653944
0.224004
1.7624
0.456833
1.4256
1.49309
0.420647
0.345464
3.88655
0.544374
0.370436
2.18881
0.317322
0.144613
0.108634
1.19408
0.0990151
0.57932
0.264393
1.49122
0.651888
0.831088
0.501187
0.280639
0.0607531
2.09208
1.7301
0.352855
0.333418
0.41395
0.104659
0.194327
1.33769
0.332374
0.0894645
0.208521
3.85503
0.33789
0.154631
0.316566
1.64769
0.599919
0.366212
0.189333
0.480414
1.93837
0.843275
1.4272
0.096437
0.67777
3.06562
0.731888
0.949705
0.605867
0.726518
1.44811
0.0412815
1.15643
3.65066
0.957272
0.756202
0.062777
0.0925835
0.303961
0.443678
0.108566
0.683648
0.844847
1.629
0.119052
0.1391
0.835658
1.53357
0.00784302
2.50101
1.76856
1.03173
1.08654
2.24542
0.417256
0.0163642
0.0256114
0.531336
1.75592
0.193468
1.69371
0.948243
0.139674
1.54336
0.0910529
1.65726
1.0606
0.627867
0.56837
3.26215
0.535846
0.087183
0.161917
2.24494
1.37567
0.212933
0.118498
0.559524
0.21256
0.744308
1.15623
0.0984432
0.944276
3.26262
0.574898
0.854956
0.0793426
2.08807
2.96439
0.836498
0.803268
0.337605
0.718912
0.22174
2.66505
1.26841
0.0122285
1.1684
0.588958
0.217447
1.41545
0.506752
0.0101331
0.311747
0.870832
2.80549
0.729867
0.69775
3.88679
0.743098
1.02075
0.410446
0.861885
0.201915
0.177421
1.27298
1.29218
0.0490022
0.524747
0.598324
0.688639
0.434041
1.4576
0.976219
2.27948
0.367405
2.20583
0.113952
0.789878
0.752749
0.853274
0.615934
1.05145
0.184514
2.17556
0.21356
0.776935
0.548541
0.818116
1.66245
0.813179
0.855059
0.21746
0.756445
0.890591
0.281672
0.407522
0.100984
0.0484233
0.000227312
2.29857
0.916328
0.795063
4.90398
0.0829173
1.33129
0.136623
1.60458
0.199691
0.484351
0.276237
0.118555
0.665538
3.01579
0.452194
0.604463
1.07376
0.47236
0.621247
0.863715
1.33011
0.246573
0.154763
1.27924
0.283872
1.32834
1.3841
0.45526
0.685284
0.467216
0.23688
1.14421
0.786551
0.870882
2.62038
0.377601
2.85472
0.443159
0.64461
1.12452
1.33337
0.599631
0.562324
0.512258
1.61415
0.973708
0.094925
0.163931
0.0285544
2.21726
0.500329
0.515147
0.539362
0.186022
1.6727
0.51874
0.915047
0.232241
0.736915
3.32116
1.86879
0.292153
0.978411
0.244227
0.0857413
0.443126
1.2903
0.0603834
3.42738
1.27229
1.02265
0.496131
0.823577
6.27808
0.769329
1.90915
0.981552
0.00193564
0.329817
0.212005
0.10471
1.11033
0.353768
3.21618
1.54155
1.42524
1.27237
1.11704
1.54248
0.158147
0.125631
0.115566
1.29326
0.184997
0.934228
2.5079
0.368542
2.44277
0.937737
0.213882
0.271411
1.96907
0.0665563
0.183845
0.0465128
1.67405
0.49435
1.2922
2.00001
0.703214
3.07173
1.87804
1.16693
1.74509
0.467346
1.19947
0.166419
0.0499367
0.544014
0.687438
0.481391
0.00558968
1.67613
1.78325
2.70775
0.90585
1.22163
0.917156
0.491479
0.826743
0.144516
0.252925
0.965825
2.81961
0.276178
0.364232
0.324635
0.096378
0.768597
0.510436
0.768929
1.37161
0.00869574
0.0512875
1.01695
3.09522
0.450692
1.43908
0.313789
0.471143
0.191601
0.0876793
0.38004
1.63634
0.291509
0.573505
0.0347536
0.455407
0.00127246
2.19032
0.185916
0.310622
0.062815
0.714126
0.0778488
0.807901
0.0313477
0.680711
0.437626
1.41454
0.801635
1.1502
0.0858924
1.91501
0.775714
1.20192
0.138012
0.614282
2.0189
0.3634
1.0125
1.10638
0.313149
0.206381
0.202946
0.588647
1.47306
1.67838
1.12086
3.8628
0.558448
0.762105
0.681871
2.89339
1.07689
0.859752
3.70598
0.0438565
3.53407
0.136348
1.19654
1.44404
0.435738
0.136065
1.14058
1.49392
0.158371
3.75438
4.81306
1.91091
1.07175
1.59466
1.73105
1.43012
0.388773
0.540897
0.818157
0.0157518
1.19694
1.39384
2.22222
2.47997
0.0837693
1.29189
0.715882
1.52934
0.0287914
0.549771
0.532761
1.64207
0.890584
0.958481
0.450929
0.540191
0.722374
0.411086
0.816719
0.924734
0.284777
1.07011
0.022076
0.0769933
4.4124
0.424469
1.48188
1.19316
0.916336
0.828099
0.366619
0.119813
1.12808
0.291393
0.564376
3.03327
0.752502
0.516814
4.49479
0.806363
0.519949
1.82481
0.720216
0.957501
1.26826
1.2024
0.436097
1.14502
0.855139
0.337569
0.363428
2.07403
0.500113
0.549488
0.341325
1.62908
2.37753
0.00299512
0.128967
0.053014
0.397229
2.23064
2.27883
0.16139
3.56634
1.83564
0.0567169
0.627049
0.140337
0.845967
0.987703
2.5319
0.653075
1.25869
1.37899
2.62359
1.6358
1.41079
2.69922
0.683423
0.436649
0.991685
0.202698
2.19434
0.860884
0.19228
0.602462
1.47548
0.850019
0.081472
0.702168
0.274347
0.0026155
0.641124
1.26073
1.09523
1.53967
2.08567
1.93664
1.41323
0.422137
0.928816
0.465865
1.41433
1.21654
0.44748
0.284722
0.213409
0.254075
0.126885
2.76495
0.0841607
0.305317
0.0108924
0.587788
0.0210912
0.79551
0.425119
0.0740076
0.0725611
0.823796
0.601863
2.07985
1.76538
1.22363
0.658562
0.475573
1.03763
0.838568
2.02658
0.84136
0.436211
0.0399746
0.847971
1.29215
0.607621
0.935468
1.64102
0.12054
0.187634
0.896427
0.490923
0.0916571
0.301062
0.964935
0.482906
1.01293
0.0336416
0.135118
0.240545
2.50378
0.634086
0.202351
2.19507
1.67016
1.90332
0.537508
0.732106
0.0401977
1.75522
0.398865
1.55438
2.16577
0.39905
1.66343
0.770478
0.0595204
0.275486
0.116229
0.133378
1.31105
0.282931
0.0800578
1.3468
0.361481
1.44718
3.09896
0.377317
2.54592
0.488807
0.71373
0.236871
0.34478
1.30364
1.57882
0.426163
1.7934
0.123569
0.38586
2.49361
1.23538
0.0142563
3.06869
0.481027
1.44457
0.945812
0.343756
2.12405
2.56759
0.659916
1.77371
1.35158
0.0828493
1.32582
1.25093
0.279293
0.0134967
0.798594
0.406416
0.361643
0.484213
0.809845
0.900255
0.274768
0.397805
2.36587
0.112183
0.349338
1.24398
0.744834
0.137359
0.0602672
0.83107
0.494956
0.716635
0.651456
1.3654
0.353893
0.621532
0.93096
0.461716
0.00959584
0.516671
1.36264
0.0515967
0.220288
1.25548
0.18782
0.633798
0.112305
1.08312
0.0963334
0.423598
0.410201
0.323161
4.27407
0.378926
1.12626
0.700385
0.020715
1.52473
0.479416
0.484953
1.15003
0.301129
1.77944
0.848018
0.369692
0.300276
3.37767
3.55676
1.06582
0.290804
0.540074
1.56094
0.222167
1.40021
1.41858
1.53266
0.371964
0.0600114
1.47754
5.92718
3.72082
1.13038
0.181602
1.49813
0.257128
0.00391138
1.01234
0.434531
2.90825
0.299281
1.2091
1.50789
0.229734
0.277944
0.243874
0.720253
1.68179
2.91759
4.2707
0.573865
0.251346
0.788342
0.487606
0.891013
0.619941
1.79119
0.524568
0.556892
0.326227
0.952752
0.0468297
2.03021
0.126972
0.118602
0.559668
2.88466
0.159222
2.52762
0.985389
0.376986
2.76104
0.785159
0.761914
0.618858
0.0223402
0.0648679
1.3559
1.82876
3.17793
3.22148
1.80348
1.45203
0.0633317
1.06566
4.5891
0.436806
0.672572
1.51383
0.393784
0.309098
1.78356
1.31768
2.30346
0.873011
2.01134
0.812965
1.47382
0.849925
1.05425
1.13583
0.0357088
1.07235
0.967221
0.784714
0.304013
0.437922
1.76655
1.16252
0.267341
0.67056
0.0443248
0.339769
0.525442
0.628589
1.62838
1.32294
0.0110131
2.28118
0.166724
0.277612
0.20258
0.431839
0.201421
0.0825506
0.0968925
0.770279
0.054634
0.518411
0.535395
1.24254
1.12548
0.350195
0.121594
0.851332
1.17343
3.83409
2.6203
0.624414
2.67583
1.67063
0.617687
0.160339
0.0192323
0.0607504
0.40384
3.1899
0.312109
4.41257
0.289023
0.950484
0.803938
0.416422
0.624164
0.638676
0.366388
1.2298
0.650254
0.769409
0.388264
1.88946
0.631055
3.8563
0.6909
0.690497
0.347911
0.658723
0.259367
1.18907
0.76051
0.215598
0.810771
0.190702
0.584664
0.835186
1.59311
1.947
0.321815
2.18303
1.4849
5.45124
1.85884
1.52167
0.391824
3.81694
1.47912
0.641645
0.301712
0.458032
0.390657
0.10743
0.564107
0.215508
0.273504
2.07652
0.0598603
0.0439436
0.67463
0.436071
0.00804695
4.05008
0.446365
1.06602
0.17913
1.99173
1.4645
1.99723
0.824272
0.0362971
0.304571
0.569958
0.601135
0.0168286
0.842638
2.16215
3.18629
0.167478
0.156509
0.831708
0.673264
1.70829
0.960642
1.52778
0.845045
0.184249
0.795689
0.0964918
0.299407
0.0213605
0.551004
0.011457
1.67345
2.11548
0.330874
4.12139
1.45185
1.01888
2.37419
1.89605
0.0884743
0.0273074
4.41108
1.00135
0.821911
0.363638
0.178285
2.52261
0.116811
0.324818
0.456936
1.00181
0.15696
0.156012
0.485494
0.639923
1.11325
0.271045
0.0419401
1.77441
0.339618
0.194295
2.59153
0.601635
1.36782
0.674612
0.0750448
1.04143
0.261323
0.269525
0.726894
0.398556
0.0372956
1.07023
0.133911
1.12893
1.58198
0.546914
0.999936
1.23503
2.4095
0.647457
0.330137
0.811615
0.498108
0.0642571
6.11794
1.26642
1.27683
2.47536
0.689542
0.114489
2.61782
0.243456
0.292405
0.167238
0.784657
0.354078
1.27943
1.43108
0.909958
1.14867
1.43422
0.540727
0.354922
0.611368
1.02885
0.269516
0.914819
0.790709
0.831426
0.242417
0.327156
2.46322
0.108508
0.723679
1.29311
0.271405
0.673527
0.0344691
0.0763781
0.0832419
0.164345
0.0776766
1.99424
0.130267
0.521001
0.495812
2.20849
0.642036
1.37795
0.511364
0.501242
0.943081
0.975112
1.9443
0.323637
3.78029
0.119966
1.46438
0.661153
1.57529
0.58764
1.90821
0.2738
0.106291
1.31106
0.366763
0.32919
0.907492
2.02258
0.240674
1.4409
0.328333
5.2376
0.390507
0.00552732
0.62642
0.563859
0.786188
1.29216
0.212599
0.710273
2.42902
2.87139
0.837131
0.235639
0.389371
0.237475
0.101126
0.0289176
1.78051
0.402263
0.729948
3.28355
1.58951
0.259592
0.225691
0.0610975
1.069
0.157805
1.01289
0.548692
1.03412
1.69991
0.0544828
0.100627
0.227211
1.56331
1.2647
1.34788
0.538461
0.822632
2.81831
0.721886
0.257044
1.13259
0.39921
0.0775476
1.34323
0.681001
0.411066
0.118281
0.500839
1.24964
1.00949
0.400381
0.360141
0.528214
0.441495
0.347269
0.753581
1.13004
1.35557
0.0446356
0.958322
0.838404
0.268731
2.40675
0.142444
0.696699
0.828843
0.547837
0.779505
1.56521
1.80977
1.34993
0.189461
0.602559
0.24212
0.739891
0.895949
3.71909
0.195932
0.989249
0.163774
0.226064
2.64829
0.891559
0.0143265
4.4256
4.38756
0.29897
0.5862
1.64452
0.680446
0.759338
1.01604
3.31759
0.322667
0.896417
2.42146
0.86399
0.239948
0.804039
0.691934
0.00632272
2.74267
2.84282
1.54608
1.94912
0.505434
2.62133
0.274034
0.33196
0.453929
1.20414
1.8011
1.14847
0.453428
2.67194
0.323168
0.727782
0.118887
1.25153
1.53011
0.446503
4.03053
2.4156
1.37326
2.16639
0.78889
0.369398
0.0321885
2.64915
1.25919
0.713597
0.258974
0.364184
0.790809
3.24145
0.990861
0.754848
0.239187
0.0407983
0.258109
0.134621
0.254099
0.960731
0.749876
1.0944
0.513621
6.35215
0.59239
0.244694
1.07059
1.09647
0.118017
0.45351
0.129972
1.34111
1.72933
0.606469
1.0618
0.802955
5.03442
0.279941
0.316551
0.337194
0.408973
0.933709
0.781406
0.0456713
0.0959895
0.628064
0.654452
0.363323
0.912109
0.959193
3.72658
0.163815
3.6407
0.910224
0.367732
0.232729
0.238399
0.335208
1.47246
1.13776
0.653682
0.452852
3.2566
0.548408
2.30412
0.429173
1.42481
0.597773
0.95373
0.367284
0.78046
1.60182
0.532262
3.31431
1.11853
0.167997
1.25729
0.409542
1.65061
0.185489
0.231018
0.860307
0.0454025
2.006
2.23541
0.196335
0.63343
0.0586165
2.26215
0.231166
0.143603
0.211846
1.36677
1.31403
6.03437
0.75309
0.656065
0.119767
2.13111
0.0843502
0.42247
0.370723
3.38316
0.22709
0.423754
2.06707
2.11892
0.32886
0.69424
1.57379
2.39348
0.508774
0.0292509
1.91202
0.466195
0.563216
0.34603
1.10466
1.22044
0.577988
1.48811
0.0723892
0.320185
1.71868
2.10731
3.87328
0.667388
0.105024
1.87634
0.637397
0.240436
1.5371
0.858295
0.175846
0.0735572
0.232848
0.987819
0.897719
0.928012
1.3905
0.245835
1.5489
2.42012
0.489563
0.652737
0.979774
1.32386
2.73346
1.51043
0.23004
0.86235
3.07859
0.489475
2.10038
2.09773
1.15737
0.327928
0.0778364
1.42236
3.21501
0.463489
1.02647
0.575192
0.64835
3.18322
1.62667
1.53222
0.483374
1.11926
0.593624
0.111103
0.796976
1.28606
2.13006
1.11811
0.63518
1.27207
1.29094
0.0454739
0.220527
2.06045
0.120236
1.23153
0.251097
1.90326
1.95942
0.106087
1.24378
0.0929298
1.39087
0.750304
0.0340237
1.78088
1.03991
0.0327795
3.19582
1.23726
0.738006
1.37029
0.648413
0.139226
0.16136
1.45279
0.974256
0.315172
0.813592
0.0986571
0.271868
3.5994
2.91025
1.12693
0.0854957
0.38165
0.244589
0.0893914
0.217804
0.187937
1.52813
2.16077
2.91949
0.691608
1.71108
0.230435
1.06408
1.28739
0.98266
0.891196
0.264487
2.64663
0.299892
0.97701
1.29134
0.209881
0.107842
0.531091
0.218034
1.71531
0.759278
0.556383
1.88158
1.79727
0.434203
1.46131
1.63773
0.502773
0.167645
0.480542
0.639373
0.810506
0.315171
0.309628
2.03967
0.07254
0.657359
0.24231
2.13554
0.852016
0.161706
0.13461
1.66418
2.4004
2.60821
0.54745
0.179443
2.31828
1.27736
0.967374
0.0886658
0.441326
0.0746876
0.893808
0.408173
0.883272
0.909576
0.778267
0.295183
0.272076
1.16655
0.304393
0.933539
1.28782
0.112124
1.17265
1.2416
0.0387299
1.03375
0.357766
1.64521
0.283709
0.755008
0.499301
0.0324994
0.597055
1.2611
1.58767
2.9062
0.667474
1.34933
0.031963
0.00751543
0.221615
0.358691
0.66332
2.63716
0.713538
0.263798
0.934401
0.356174
0.151821
0.0208624
1.20832
0.551318
0.255234
0.803757
0.390982
1.41123
0.996712
0.259791
1.84851
2.0525
0.310027
0.145493
0.214192
0.464578
0.183585
0.539942
0.453316
1.03591
1.04624
0.750899
1.0957
2.27448
0.372629
0.72842
0.354299
0.445904
0.21839
0.0184676
0.336392
0.103886
2.05975
0.107574
0.343674
0.40106
1.3683
1.08099
0.455128
1.08851
0.477156
0.664498
0.184054
0.194832
0.129136
1.20651
1.16665
1.40381
1.67581
1.27933
0.023101
0.865346
2.16445
0.505976
0.263302
0.241917
0.96283
0.696081
1.7427
0.196101
1.96363
0.278088
2.43763
0.543819
4.61018
2.93464
0.811294
0.990419
0.549809
0.878699
0.450185
1.48963
0.562031
0.364814
2.00438
1.59899
0.866118
1.02537
1.2657
2.01817
0.862146
0.783532
0.292393
0.120972
1.62205
2.51671
0.579876
0.30371
0.380412
1.78859
1.49041
0.0636167
1.05322
0.0281659
0.16835
2.9409
0.162894
2.89768
0.308043
1.75894
0.174308
2.2262
0.731283
0.559459
1.94367
0.763988
0.0991112
0.0990235
0.00224252
0.454063
0.111101
0.637463
0.530104
0.394544
0.580127
3.90818
0.557172
0.2704
0.381731
0.677766
0.206329
0.223234
0.0905014
0.139804
3.5037
1.03451
0.38916
0.910726
0.54931
0.190525
1.36737
3.15278
2.7384
2.1014
0.00993943
0.318284
3.69289
0.331032
2.31195
0.0245602
1.06456
0.878282
3.63519
1.25778
0.403063
0.444405
0.198033
0.875794
0.73072
0.470818
0.727072
1.74312
2.36178
1.25259
0.275289
0.299582
1.49549
1.74779
1.13993
1.7751
0.919679
1.23989
0.212867
2.10992
0.124284
2.08653
0.349843
0.857718
1.05817
0.271567
0.751048
0.609663
0.0209551
0.995364
0.0602849
0.594751
1.33768
0.0907789
0.902918
0.38516
2.12736
0.812323
0.99762
3.14968
0.448201
0.249747
0.846839
0.490874
2.32763
0.0811028
1.43324
3.23434
0.730234
2.93558
4.0373
0.91334
1.48709
0.850374
0.561908
0.779163
0.978097
4.04299
1.30648
0.658815
0.118137
1.44039
0.0193185
0.753666
1.27874
0.552191
1.03829
2.16036
1.12928
0.709787
0.706192
1.12598
3.25918
0.95016
0.86469
1.81966
0.460617
5.03257
1.13917
0.63768
0.438443
2.28777
4.53648
0.870964
4.60898
0.384055
0.474388
0.96234
1.61007
0.355952
0.0835411
1.30797
1.52183
0.665159
1.39246
0.155171
0.482656
0.0697262
0.58929
0.88798
1.34214
1.5221
0.804445
0.186838
2.99334
0.155349
0.278157
0.970267
1.18264
0.830294
0.583522
0.396673
3.12023
0.732639
2.22335
0.0624465
0.192403
0.583221
0.39103
1.68521
0.876577
0.67076
0.345209
1.11763
0.0415399
1.94097
1.2071
0.120268
0.149593
1.63973
0.83827
1.09983
2.13875
0.0617162
0.059109
0.425284
1.25893
1.33797
0.40653
1.40076
0.228698
0.678286
0.301021
0.337078
0.150929
0.0138779
0.670355
0.434411
0.474691
0.818019
4.27192
0.0108454
0.199072
1.134
0.740763
2.96004
0.453745
1.61293
0.191467
0.23524
0.039517
1.81312
0.4516
0.904019
0.24575
0.637571
0.689342
0.146607
0.115782
0.362703
1.29887
0.841165
0.436804
0.703996
1.9912
0.237068
0.01446
0.161291
0.010226
0.184024
0.914435
2.19086
2.6516
0.315185
2.4236
0.14786
1.18065
1.09087
0.00992453
0.55216
1.05725
0.627766
0.0778315
0.0788504
0.317105
0.507986
0.624088
2.33838
1.92754
1.67776
1.38977
0.0518775
1.24911
0.0294856
0.0304111
1.09553
1.67696
0.484513
0.335904
0.838025
0.565799
2.60778
0.109362
0.829368
2.09539
0.16664
0.745898
0.889118
1.57207
1.25484
0.391866
0.393761
0.109546
0.675858
0.685528
0.635422
0.141892
3.38827
0.301205
0.376653
2.54028
0.360366
0.424831
1.57658
0.374289
0.0393461
2.03261
1.15508
1.67156
1.70165
0.848819
0.104961
1.54401
0.0677256
1.31691
2.90833
0.0230091
0.0298601
0.719949
0.737245
0.220911
0.0974645
0.0624712
2.38138
0.349211
1.51439
0.128054
0.373667
0.689038
0.453327
0.648009
0.0442834
0.967463
0.683854
5.95455
0.31663
0.880526
1.40996
0.840256
0.26972
0.0194053
0.839064
1.26863
0.0794272
0.644492
0.44083
0.241726
2.70499
0.422342
0.492264
0.539436
0.697995
4.17384
0.224192
1.1677
1.17582
0.110123
0.0277701
1.03766
0.795171
2.94513
0.159372
0.758475
0.13755
0.374816
0.821044
0.726489
0.613287
2.95821
2.36552
0.221743
0.310312
0.44832
0.0477474
0.113169
1.02507
0.871399
0.242218
0.66039
0.326247
2.47696
0.169746
0.157034
0.672798
0.269064
0.179865
1.23418
0.9888
1.80306
0.580163
3.35992
0.102771
0.506873
1.10907
1.20007
0.952387
0.119979
0.294959
1.33412
2.0818
0.657334
0.0985602
0.72796
0.369941
1.86735
0.406449
3.45128
0.0653745
0.203867
0.0146069
4.11145
2.27496
0.248005
0.0025706
0.335557
0.156848
0.444849
0.157293
3.28038
0.528774
0.748935
0.0512714
0.649245
0.172203
0.538375
0.514126
0.550709
2.0082
0.223416
0.27845
1.74822
2.32903
0.283625
0.122639
0.325949
1.58803
2.05443
0.675235
1.19304
0.0506609
1.10481
0.507031
4.40509
0.201594
0.614055
1.0733
0.533349
0.15833
0.504555
1.0584
2.91447
1.5514
0.313101
0.0256648
0.510947
0.7404
0.764441
0.271878
1.00302
2.13617
0.139503
0.510053
0.913894
0.0978739
0.905071
0.316547
0.794117
0.461028
0.789579
2.0547
0.175826
0.0585051
0.0400966
0.892164
2.37678
0.381096
2.04496
0.253949
0.528594
0.692523
0.411098
1.94381
0.130909
2.08897
0.7149
4.1635
0.0850021
2.2251
0.81791
1.67243
0.0524955
0.933556
0.161355
0.138476
1.77226
0.663159
0.659931
1.1362
0.0162251
0.219828
4.7517
0.574232
0.0185525
0.930598
0.265195
1.24618
0.927723
0.878188
0.0387534
0.666412
1.48108
1.91119
0.564752
2.30267
0.269824
0.637164
0.474174
0.367544
0.377203
0.20276
2.15418
1.65779
0.709238
0.278528
0.703014
1.13008
0.832117
2.43134
1.52301
0.879229
0.367727
0.332617
1.08465
0.0666071
0.0249112
0.895136
0.563768
0.0964804
1.22704
1.15219
0.226502
0.256924
2.57074
1.6312
0.697125
0.236893
0.974386
0.449122
3.94812
0.59701
1.04103
1.88505
1.64095
0.326269
0.294136
0.829691
1.43138
0.579626
0.568771
0.385263
0.898905
1.13173
0.351754
1.50666
1.06337
1.9945
0.429001
0.909993
0.464558
0.859459
2.49428
0.0422184
0.861171
0.766787
0.750653
0.252266
0.295935
1.69307
0.736251
1.02647
1.3117
0.29077
1.19375
0.198905
1.79721
2.87962
0.322327
0.255299
0.114034
0.329254
3.32121
0.0774698
0.817829
0.509999
0.540073
0.352374
0.0221364
0.669368
2.16288
0.232526
1.08676
1.87314
0.39869
0.129453
1.07365
0.134157
1.62763
0.805642
0.91453
1.05657
0.493189
0.0225114
1.04879
0.297579
0.621446
0.997468
0.00286113
0.732395
0.914485
0.0829594
1.12521
1.82747
2.22271
0.325869
0.192476
0.301452
3.81608
0.256327
0.0875324
0.588937
0.831244
0.382761
0.0987857
1.29526
1.32764
1.35227
0.771665
1.03004
1.79488
0.140576
2.93311
2.11898
0.241071
0.156357
1.15248
0.0185373
1.01328
0.128778
0.204637
0.0193594
0.949279
0.667273
1.8742
1.87251
0.645279
0.0825154
0.110995
0.160741
0.639781
0.0400898
1.35166
0.531188
1.10463
0.599801
2.99617
0.689938
2.87804
0.482194
0.24436
3.94346
2.12124
0.685991
0.769184
0.215731
1.74224
2.23576
0.0174595
0.533482
2.49956
0.432504
0.518518
0.0745768
0.468207
0.988942
0.840441
0.570836
1.65008
4.29783
0.673439
1.03469
2.23952
0.938805
1.54978
0.791131
0.152409
0.0687591
0.388449
0.24241
0.0942401
0.700166
2.49302
0.89181
1.18561
1.21945
1.35468
0.149085
0.229508
1.22501
0.480376
3.16728
0.389812
0.125544
0.160752
0.26357
2.55083
1.69862
1.0966
0.604415
0.137717
0.199047
0.305124
0.405766
0.0449684
0.731065
0.251636
1.60847
2.31672
2.07396
0.545598
0.0114966
2.93818
1.91015
0.502446
1.58267
1.78354
1.02119
0.483922
0.540055
1.63864
2.21387
0.462984
0.123914
0.693699
0.9781
1.13795
0.344882
0.897977
1.68053
0.166762
1.50652
0.146679
1.75445
0.617311
0.123993
1.9021
0.471392
0.826791
0.259218
0.168513
0.159837
2.19554
0.538586
0.274699
1.50354
0.289349
0.106699
3.30801
0.396279
0.0434656
0.232536
1.94853
2.7043
1.39825
0.958074
0.0434067
1.56428
0.428809
0.906437
0.398751
0.146081
0.794372
0.98184
0.359556
0.492164
0.768168
0.743796
1.12833
0.132926
0.168942
0.367382
1.23327
0.0357039
0.120839
1.10018
3.18433
0.787084
0.282935
0.72064
0.207812
0.281345
0.465543
0.638093
1.14923
1.67367
1.5301
1.42248
1.59882
0.847759
2.38436
0.434709
5.12739
0.465548
0.200002
1.99351
0.199047
2.78236
1.11357
0.0308046
0.999808
0.441601
0.676487
0.278582
0.329738
2.0609
0.77702
0.0207666
1.10243
1.0344
0.946129
1.85908
0.421723
1.01765
0.529901
0.315515
0.0100415
0.375376
0.726193
1.31938
0.202857
0.306478
1.72585
2.90386
1.15345
0.681966
0.717423
0.397119
1.28656
0.634846
0.094828
0.446869
2.20326
0.987041
0.727567
0.335127
1.69001
0.687412
4.00458
0.0680073
1.73147
0.11361
0.44952
0.0274535
0.393466
1.77327
2.26568
0.0782801
0.332288
0.410056
0.124513
2.60385
0.68934
1.72482
0.872023
0.283138
0.0423461
0.186159
0.578216
0.138326
0.89936
0.24057
0.462075
1.65241
5.16905
1.44029
2.90463
0.038176
1.57812
0.816382
2.72288
0.0375972
0.0833853
1.6917
0.937142
0.562489
0.493292
0.764177
0.851824
0.0833866
3.71133
0.2414
0.193516
0.273256
0.265854
0.18422
0.0167985
2.66634
0.830879
0.0771688
0.951213
3.51429
0.638254
2.9254
1.40233
0.792603
0.1955
0.196555
0.845886
1.49062
0.790811
1.77244
2.1914
0.134145
0.939933
1.69637
2.03865
0.183924
0.639851
0.184264
0.716995
0.722411
2.35299
0.0217932
0.0197506
0.505568
0.491054
0.709417
0.931613
1.53402
2.55883
0.228033
1.39356
0.608304
0.473381
0.362512
0.625318
2.84375
1.10577
0.205824
0.869696
1.39043
0.838834
0.746966
1.02422
1.57544
0.524026
1.00457
0.489764
0.534147
0.696864
0.181239
0.537356
3.12968
0.78062
2.18059
0.0240871
0.302685
1.50902
1.02199
1.57619
0.0218958
0.312791
0.208549
2.93023
0.520406
3.62933
0.100585
0.0169239
1.97119
0.00934745
0.371035
2.02644
0.721401
1.74898
0.940143
0.93969
0.0870373
0.945398
0.868654
0.570337
1.24669
1.22761
0.340734
2.76433
1.03225
0.392573
0.367899
2.60709
0.155052
0.437436
0.314561
0.352332
0.903073
0.798332
0.922392
3.97507
0.183892
2.15886
0.95366
0.749593
4.58351
0.45
0.911841
0.420469
0.244593
0.0805668
0.111769
0.153286
2.73457
1.64822
0.0746031
1.00045
0.346651
2.71257
2.81789
4.38813
1.55245
3.54863
0.617882
0.149298
0.125386
0.705929
0.388559
0.552188
0.706731
1.72583
0.32825
1.02452
2.66581
0.00588757
3.0307
0.0316072
0.155459
1.76124
2.73238
0.283926
2.68864
0.195933
0.538714
1.78928
0.681932
0.427321
2.77454
0.299533
0.478518
3.10948
0.647835
0.053502
