0.475487
0.675026
0.263847
0.572442
0.540889
0.463006
0.43779
0.448449
0.684082
0.488013
0.4232
0.339753
0.550758
0.39603
0.512445
0.634868
0.411713
0.6096
0.365705
0.375029
0.411165
0.499103
0.400332
0.534874
0.440126
0.528313
0.516196
0.613325
0.506692
0.59608
0.528895
0.456564
0.375137
0.396051
0.582698
0.434947
0.44568
0.516265
0.315105
0.395758
0.4468
0.600524
0.644885
0.413669
0.511973
0.493411
0.45548
0.360774
0.512709
0.490812
0.445651
0.51808
0.519766
0.417846
0.419221
0.450334
0.564411
0.456051
0.38582
0.566046
0.471598
0.54172
0.444477
0.484599
0.536958
0.557249
0.521964
0.532308
0.619452
0.537381
0.337735
0.389319
0.521577
0.512217
0.367364
0.609197
0.528995
0.50887
0.576337
0.533115
0.581462
0.633634
0.296082
0.520477
0.546931
0.55655
0.414114
0.417887
0.570701
0.520234
0.350162
0.388313
0.57149
0.494853
0.590157
0.522338
0.556315
0.601115
0.349961
0.353363
0.526031
0.523153
0.340702
0.398637
0.443435
0.533177
0.5076
0.547999
0.53578
0.449765
0.314149
0.522193
0.503596
0.651681
0.54354
0.522645
0.507683
0.569072
0.489196
0.694564
0.606154
0.573942
0.606285
0.425249
0.413396
0.491769
0.696108
0.399483
0.652838
0.656134
0.395209
0.433873
0.575388
0.428243
0.541107
0.512021
0.615418
0.503227
0.386507
0.54241
0.356177
0.525067
0.533882
0.460858
0.676499
0.332054
0.562275
0.699432
0.550687
0.454627
0.718233
0.443696
0.673446
0.487491
0.642709
0.400153
0.681735
0.457868
0.605836
0.295783
0.545427
0.511772
0.421435
0.431521
0.398633
0.440173
0.61313
0.511574
0.483583
0.466927
0.603957
0.67044
0.578927
0.420356
0.50133
0.519508
0.284329
0.410339
0.54924
0.33511
0.433252
0.532792
0.519573
0.509912
0.60577
0.523432
0.514407
0.689496
0.51332
0.482662
0.351177
0.516036
0.427246
0.393487
0.602569
0.700918
0.523021
0.354325
0.563032
0.548202
0.412009
0.548573
0.613776
0.450773
0.532663
0.472826
0.558119
0.58109
0.373013
0.54561
0.399093
0.598375
0.496328
0.618509
0.431141
0.394142
0.641837
0.311556
0.617807
0.497924
0.372355
0.494773
0.527294
0.565087
0.440731
0.43772
0.497748
0.468596
0.446949
0.348946
0.604158
0.516606
0.557789
0.427197
0.498743
0.417766
0.560913
0.446279
0.296704
0.516101
0.425241
0.595427
0.379198
0.517346
0.439509
0.597075
0.385443
0.328611
0.700874
0.623887
0.565793
0.533255
0.52544
0.736937
0.567684
0.522835
0.552583
0.466899
0.426312
0.408012
0.414956
0.360139
0.431925
0.430288
0.246036
0.611566
0.545598
0.49645
0.397095
0.50613
0.535371
0.457587
0.635474
0.290837
0.504624
0.354567
0.49603
0.499154
0.584567
0.651847
0.357628
0.449687
0.562704
0.481484
0.616563
0.540999
0.619171
0.419222
0.52877
0.564438
0.442809
0.514545
0.592726
0.356874
0.498838
0.19655
0.544879
0.515187
0.620029
0.477531
0.53952
0.494407
0.393233
0.57614
0.48494
0.411371
0.413145
0.382004
0.407769
0.375767
0.475179
0.483675
0.517363
0.370454
0.479333
0.581776
0.542107
0.502915
0.516912
0.509242
0.30953
0.649738
0.511989
0.4805
0.442082
0.415978
0.489476
0.491489
0.340466
0.431299
0.741684
0.392386
0.626393
0.604747
0.465238
0.754903
0.516634
0.460049
0.540239
0.356049
0.500249
0.4733
0.523526
0.500217
0.590858
0.534922
0.62793
0.501473
0.625848
0.657756
0.459391
0.447938
0.584366
0.553186
0.483809
0.370105
0.595991
0.597142
0.395503
0.535005
0.611961
0.70788
0.359164
0.488069
0.610811
0.457399
0.497161
0.464569
0.51032
0.438376
0.594091
0.592517
0.457632
0.408499
0.390434
0.608896
0.569414
0.534061
0.637198
0.61109
0.393955
0.3547
0.683424
0.5654
0.46705
0.491155
0.66843
0.494511
0.433564
0.517917
0.59066
0.465794
0.606546
0.522645
0.525025
0.402307
0.435762
0.474223
0.360607
0.638377
0.557528
0.521343
0.430589
0.541647
0.497724
0.643469
0.40631
0.623434
0.399845
0.676078
0.527296
0.359314
0.449987
0.432038
0.739157
0.541767
0.470621
0.541005
0.411219
0.286795
0.555053
0.528716
0.605768
0.416352
0.614422
0.558041
0.47078
0.538499
0.509128
0.453691
0.328011
0.547118
0.436555
0.532428
0.528328
0.2631
0.446974
0.46068
0.446142
0.638852
0.459486
0.661417
0.584839
0.348008
0.549897
0.292173
0.565065
0.38223
0.582387
0.416082
0.467747
0.476955
0.456853
0.487812
0.50373
0.587974
0.543807
0.576258
0.481895
0.440719
0.478684
0.545887
0.44764
0.574128
0.487468
0.618596
0.363606
0.400964
0.315474
0.437961
0.504496
0.406467
0.431188
0.457757
0.537896
0.207208
0.477031
0.476618
0.562955
0.392025
0.438921
0.640719
0.278793
0.666916
0.506502
0.536341
0.454528
0.525753
0.395934
0.494216
0.67279
0.568717
0.307098
0.627504
0.71859
0.390295
0.5871
0.525296
0.485428
0.358748
0.371957
0.623503
0.470519
0.408898
0.478319
0.475013
0.230991
0.570124
0.617128
0.540999
0.572961
0.551439
0.401066
0.525233
0.345335
0.505523
0.417679
0.573299
0.410224
0.393581
0.640057
0.358574
0.361845
0.672912
0.646927
0.576848
0.365786
0.529055
0.324051
0.671466
0.390504
0.474387
0.4188
0.610858
0.602938
0.635062
0.519768
0.440339
0.600103
0.548139
0.433319
0.530052
0.548551
0.490806
0.528931
0.540931
0.503563
0.363548
0.525208
0.430545
0.47996
0.54915
0.488447
0.520729
0.24639
0.369402
0.615625
0.348838
0.414984
0.561392
0.573691
0.424529
0.698248
0.595239
0.567022
0.51394
0.605062
0.555173
0.404936
0.573122
0.547668
0.505812
0.441127
0.352625
0.631519
0.365511
0.256894
0.495102
0.599868
0.508687
0.560054
0.547798
0.504958
0.518949
0.57139
0.611812
0.477711
0.714956
0.470537
0.449999
0.56777
0.570839
0.473154
0.475395
0.525779
0.453084
0.411284
0.542024
0.499776
0.395748
0.588746
0.559987
0.717573
0.535873
0.483467
0.556676
0.626993
0.430987
0.4686
0.506026
0.465847
0.480556
0.424325
0.547639
0.333522
0.273267
0.412193
0.51769
0.536053
0.382016
0.483899
0.513474
0.476561
0.528479
0.296345
0.513458
0.362921
0.539129
0.604891
0.474747
0.604549
0.614598
0.706638
0.629795
0.370165
0.534228
0.505649
0.604277
0.578428
0.517715
0.57196
0.477965
0.493302
0.465699
0.56627
0.510508
0.596032
0.401192
0.502178
0.453969
0.405611
0.633701
0.617841
0.574011
0.619602
0.367943
0.528935
0.501602
0.447206
0.479003
0.53479
0.537105
0.506428
0.575835
0.549568
0.428644
0.657242
0.474955
0.330373
0.446608
0.642611
0.506225
0.574155
0.576171
0.50924
0.372583
0.455284
0.44971
0.579952
0.68561
0.675686
0.640988
0.549537
0.398801
0.599386
0.442975
0.375971
0.46041
0.543362
0.551194
0.438867
0.507759
0.496569
0.574458
0.437041
0.424871
0.83901
0.494868
0.59706
0.385309
0.432734
0.398963
0.564657
0.502097
0.556631
0.60188
0.650874
0.506596
0.556903
0.58641
0.504824
0.278206
0.485076
0.378825
0.484939
0.44678
0.49545
0.383338
0.600572
0.289609
0.473833
0.59709
0.395844
0.444874
0.469461
0.427526
0.447594
0.363414
0.501956
0.434037
0.349329
0.420714
0.515217
0.515746
0.753014
0.610959
0.450105
0.567314
0.640621
0.545053
0.507803
0.524633
0.497272
0.674465
0.375722
0.422293
0.55788
0.562778
0.387838
0.384686
0.599144
0.426819
0.591321
0.372631
0.448781
0.469248
0.69134
0.407391
0.483877
0.524474
0.545916
0.493957
0.590212
0.439772
0.582702
0.365473
0.554457
0.413488
0.509559
0.470683
0.361103
0.712192
0.590806
0.626266
0.365997
0.688669
0.361018
0.455941
0.418377
0.422606
0.548253
0.538214
0.603251
0.505864
0.278569
0.384644
0.37603
0.594208
0.633724
0.470495
0.561256
0.447359
0.533917
0.439671
0.487331
0.579258
0.61746
0.405771
0.429094
0.54041
0.589243
0.571183
0.430147
0.654175
0.309875
0.586058
0.476783
0.428901
0.397376
0.469056
0.495402
0.567751
0.613286
0.511731
0.445292
0.398121
0.505084
0.488442
0.578645
0.4425
0.576771
0.593644
0.63968
0.452673
0.459504
0.428458
0.574759
0.529119
0.454155
0.358378
0.525361
0.447498
0.617675
0.463996
0.375788
0.414086
0.365117
0.50662
0.427492
0.572039
0.259223
0.33066
0.271883
0.480374
0.459423
0.524656
0.533492
0.487513
0.402145
0.562826
0.555386
0.321298
0.384285
0.449001
0.398676
0.617322
0.321738
0.484834
0.428029
0.407477
0.354844
0.484144
0.455024
0.490578
0.47264
0.555289
0.511261
0.606934
0.52778
0.473421
0.423068
0.538765
0.514005
0.664511
0.559702
0.458308
0.578042
0.423019
0.526909
0.545514
0.337794
0.385083
0.577718
0.497197
0.47871
0.579096
0.512353
0.449509
0.6002
0.475549
0.439124
0.635629
0.383976
0.55803
0.468181
0.400521
0.656192
0.637218
0.51001
0.494654
0.615254
0.529795
0.550534
0.568556
0.497186
0.424104
0.574698
0.59006
0.650413
0.654462
0.410428
0.606144
0.491843
0.605985
0.564812
0.471217
0.416133
0.471814
0.524398
0.563738
0.329987
0.384594
0.391485
0.413043
0.583393
0.444108
0.328258
0.358247
0.46965
0.462924
0.480683
0.561102
0.666075
0.551936
0.553992
0.594689
0.487249
0.367671
0.411663
0.529813
0.422699
0.443236
0.569768
0.640975
0.430873
0.524792
0.458543
0.653802
0.461285
0.635407
0.623081
0.55581
0.476714
0.388191
0.735006
0.492365
0.447329
0.470561
0.487013
0.569727
0.488603
0.521533
0.542133
0.387058
0.714916
0.6239
0.509626
0.61924
0.48069
0.433179
0.619346
0.572422
0.580957
0.365208
0.466475
0.434125
0.58323
0.464248
0.498491
0.53982
0.462537
0.573485
0.616248
0.577825
0.611514
0.629802
0.461041
0.554409
0.59741
0.604686
0.459532
0.54098
0.637908
0.61316
0.598417
0.525227
0.467599
0.612601
0.400699
0.388085
0.367026
0.413332
0.575448
0.428416
0.526133
0.622853
0.512926
0.557264
0.514028
0.545585
0.396942
0.583563
0.426906
0.36002
0.506329
0.313182
0.486036
0.695123
0.477392
0.483168
0.557658
0.427888
0.599232
0.553074
0.466686
0.323903
0.513799
0.475237
0.576084
0.542819
0.492555
0.365895
0.603792
0.430571
0.561629
0.398998
0.64907
0.520257
0.547328
0.544606
0.400149
0.363522
0.513887
0.473745
0.595049
0.514346
0.565331
0.451579
0.507449
0.587089
0.283321
0.540807
0.429483
0.510684
0.372861
0.637124
0.323328
0.60085
0.387747
0.358641
0.413475
0.572192
0.407617
0.511144
0.491539
0.612071
0.438501
0.651045
0.505501
0.638118
0.508719
0.46792
0.505244
0.461263
0.432021
0.508505
0.516266
0.476158
0.409845
0.464013
0.613438
0.500868
0.544544
0.542665
0.566691
0.487704
0.635496
0.549295
0.530495
0.527073
0.429933
0.593914
0.449019
0.566222
0.400389
0.651102
0.648836
0.464747
0.520633
0.592107
0.591051
0.308747
0.611965
0.511519
0.454729
0.305498
0.531746
0.570407
0.623499
0.480511
0.476036
0.37778
0.447205
0.498867
0.368231
0.532254
0.450478
0.432688
0.405544
0.545803
0.66011
0.496631
0.535237
0.471457
0.623105
0.673269
0.432453
0.556841
0.38727
0.350246
0.551548
0.34541
0.616238
0.391065
0.622765
0.547267
0.610789
0.561406
0.466165
0.601437
0.508336
0.532824
0.394656
0.351473
0.632472
0.385728
0.578009
0.456261
0.564435
0.333487
0.439743
0.457909
0.308368
0.489569
0.558741
0.428593
0.422264
0.399558
0.447475
0.518228
0.486444
0.359954
0.378724
0.424851
0.381475
0.545603
0.432645
0.609575
0.547376
0.567648
0.536092
0.378006
0.396002
0.483876
0.466031
0.449987
0.448476
0.583331
0.588957
0.539546
0.569543
0.567066
0.40816
0.666926
0.470731
0.546918
0.490735
0.524569
0.654171
0.584173
0.546198
0.518932
0.468981
0.389995
0.528595
0.310003
0.452065
0.509506
0.433964
0.570406
0.425211
0.511375
0.465041
0.485948
0.32037
0.504806
0.535072
0.519513
0.404972
0.605789
0.482613
0.660142
0.479179
0.474497
0.469193
0.479213
0.416926
0.445697
0.331711
0.515557
0.622643
0.674059
0.561445
0.611418
0.575521
0.516225
0.581549
0.521112
0.433204
0.571527
0.394908
0.514268
0.366782
0.403222
0.474235
0.595522
0.398952
0.562116
0.466267
0.462541
0.617234
0.434455
0.381967
0.524259
0.634109
0.435966
0.544569
0.501181
0.565951
0.47391
0.467368
0.529652
0.402639
0.499024
0.53312
0.491952
0.43972
0.569239
0.64693
0.494098
0.444981
0.447034
0.634497
0.513222
0.731342
0.552314
0.557597
0.436409
0.507904
0.492668
0.518685
0.312863
0.481053
0.492915
0.626466
0.541278
0.677494
0.445771
0.494346
0.414288
0.561068
0.605547
0.64361
0.441873
0.515262
0.346736
0.383208
0.475599
0.463252
0.509368
0.538037
0.655554
0.497377
0.553005
0.497576
0.501874
0.589915
0.341256
0.556762
0.472715
0.257024
0.678688
0.520975
0.610566
0.447738
0.521996
0.44701
0.498754
0.529886
0.48732
0.491913
0.55004
0.54481
0.475585
0.541546
0.449163
0.602756
0.437726
0.490773
0.471221
0.39081
0.40168
0.647124
0.597748
0.565267
0.583027
0.429824
0.55238
0.500292
0.701146
0.436063
0.477971
0.464753
0.522761
0.446365
0.577038
0.399113
0.554755
0.540956
0.537417
0.464231
0.508132
0.398986
0.564993
0.633976
0.454988
0.452489
0.445389
0.503508
0.400384
0.366958
0.65648
0.585103
0.590977
0.520398
0.553621
0.563417
0.482302
0.65275
0.449447
0.382029
0.586565
0.457544
0.410129
0.433175
0.422833
0.587667
0.489965
0.522522
0.491491
0.447116
0.42617
0.480866
0.494837
0.340614
0.515752
0.594632
0.525704
0.452959
0.39634
0.527047
0.445962
0.529988
0.552837
0.50186
0.3768
0.333025
0.571789
0.521486
0.42264
0.338691
0.465328
0.491453
0.550579
0.35595
0.386567
0.523017
0.547212
0.732267
0.458332
0.585827
0.574736
0.520756
0.33709
0.582522
0.64818
0.480175
0.433971
0.417113
0.35567
0.479679
0.614731
0.629047
0.443576
0.580168
0.60055
0.464824
0.588425
0.664123
0.49154
0.559026
0.477465
0.585814
0.534826
0.696656
0.519743
0.313732
0.459087
0.428645
0.609569
0.537137
0.397422
0.412407
0.564259
0.408597
0.520428
0.449323
0.458012
0.594377
0.501352
0.49102
0.573808
0.404579
0.435201
0.486322
0.495199
0.474881
0.533679
0.540758
0.359864
0.471767
0.417837
0.260482
0.496811
0.59312
0.630293
0.5525
0.569097
0.536048
0.588913
0.353072
0.443933
0.403826
0.40382
0.556157
0.312067
0.523815
0.47961
0.613783
0.378299
0.548258
0.524646
0.380222
0.545027
0.509792
0.68931
0.471831
0.410668
0.403592
0.455081
0.514443
0.604866
0.667985
0.396317
0.650189
0.582324
0.535434
0.43663
0.575611
0.397169
0.525759
0.421694
0.382952
0.479698
0.453462
0.530405
0.476491
0.7374
0.521044
0.446232
0.635811
0.402117
0.570187
0.610653
0.597858
0.44522
0.362658
0.580546
0.629672
0.482682
0.562846
0.511411
0.363675
0.591917
0.493762
0.288291
0.367379
0.36226
0.638417
0.526285
0.419387
0.30097
0.558432
0.462503
0.46358
0.716616
0.601755
0.661359
0.513341
0.501739
0.27137
0.655068
0.577708
0.436654
0.426861
0.441222
0.48133
0.43627
0.490722
0.559318
0.450088
0.661799
0.531267
0.568124
0.53427
0.419237
0.394036
0.545742
0.541172
0.566488
0.353556
0.434257
0.34899
0.451001
0.657339
0.650836
0.473896
0.499802
0.433996
0.287161
0.462155
0.583796
0.437333
0.519065
0.479167
0.178209
0.59831
0.64825
0.567312
0.541044
0.656732
0.397959
0.444465
0.631439
0.444561
0.584474
0.415061
0.489785
0.492704
0.486329
0.565583
0.501487
0.53317
0.533094
0.616351
0.466247
0.568456
0.335614
0.501482
0.394733
0.480054
0.479588
0.448901
0.454524
0.447933
0.404341
0.532273
0.487191
0.452891
0.488684
0.466743
0.618395
0.533643
0.465725
0.520331
0.582885
0.670511
0.388513
0.712898
0.386255
0.467613
0.568384
0.574521
0.525348
0.505407
0.60789
0.635169
0.489179
0.535466
0.450181
0.417561
0.462245
0.289378
0.566718
0.505061
0.452109
0.473619
0.405191
0.656507
0.563122
0.422294
0.51952
0.53983
0.438164
0.479614
0.4038
0.556356
0.49028
0.383983
0.452093
0.527649
0.546077
0.325569
0.465913
0.316783
0.522774
0.649246
0.431291
0.55591
0.460757
0.574756
0.587304
0.452
0.433539
0.505999
0.507926
0.542639
0.556976
0.3013
0.519083
0.573738
0.419636
0.476537
0.5728
0.471048
0.456178
0.613011
0.600286
0.477353
0.585627
0.441921
0.565864
0.6272
0.536418
0.377332
0.543594
0.631064
0.480077
0.469495
0.43849
0.440807
0.295425
0.550418
0.474176
0.568309
0.585173
0.543527
0.668886
0.529154
0.466783
0.509338
0.421659
0.48323
0.459476
0.398969
0.630619
0.44414
0.589248
0.487402
0.565214
0.529277
0.533794
0.458351
0.514274
0.522452
0.529182
0.512615
0.531782
0.520947
0.360183
0.671795
0.60223
0.638861
0.656114
0.449248
0.547413
0.438639
0.514069
0.560151
0.596573
0.462641
0.571428
0.442549
0.441732
0.636639
0.449497
0.461268
0.400118
0.417115
0.490175
0.566564
0.505535
0.554227
0.507507
0.379378
0.45057
0.442329
0.476007
0.475089
0.601505
0.429911
0.477628
0.537612
0.507802
0.460843
0.429241
0.655751
0.528054
0.518785
0.412511
0.533643
0.494258
0.546656
0.528043
0.487207
0.736294
0.413015
0.495668
0.498444
0.488488
0.497252
0.522744
0.499474
0.500127
0.465443
0.562353
0.558187
0.671801
0.408766
0.48327
0.437378
0.539462
0.516325
0.473559
0.299247
0.528045
0.554286
0.399709
0.427132
0.496562
0.523184
0.543141
0.536351
0.496512
0.565271
0.535997
0.546039
0.465506
0.593799
0.518065
0.383836
0.477968
0.516095
0.736725
0.495319
0.474788
0.52231
0.611785
0.630043
0.393811
0.611721
0.487082
0.476063
0.523029
0.628452
0.490736
0.314828
0.498349
0.378497
0.62591
0.668304
0.367824
0.599915
0.413966
0.410207
0.444204
0.458075
0.611895
0.513227
0.667706
0.437824
0.525879
0.404112
0.400846
0.504456
0.242879
0.498489
0.277244
0.405351
0.602111
0.387291
0.526245
0.484166
0.628292
0.446679
0.595255
0.479447
0.448528
0.543315
0.491652
0.379546
0.614718
0.506885
0.466151
0.5057
0.653353
0.34172
0.459505
0.395175
0.464579
0.349408
0.634404
0.556318
0.592411
0.434272
0.31446
0.467417
0.487948
0.663578
0.452142
0.491237
0.487505
0.554358
0.647545
0.477093
0.627485
0.458715
0.539862
0.322359
0.517917
0.419496
0.693439
0.565272
0.496497
0.568198
0.600278
0.380905
0.385028
0.536981
0.620881
0.552196
0.470127
0.456676
0.585285
0.587898
0.430071
0.512645
0.476195
0.459326
0.429665
0.430387
0.616054
0.227778
0.605001
0.462747
0.579953
0.53451
0.459982
0.450617
0.356247
0.525128
0.396496
0.528991
0.476746
0.380282
0.600096
0.65027
0.738364
0.424536
0.503083
0.496661
0.538097
0.585281
0.446853
0.453578
0.343208
0.473579
0.465384
0.51589
0.518487
0.458797
0.611745
0.398921
0.632475
0.608928
0.549493
0.426046
0.46451
0.368443
0.43084
0.564785
0.63448
0.645586
0.483468
0.483249
0.477158
0.480951
0.427849
0.298834
0.582992
0.569243
0.746967
0.591011
0.527221
0.406089
0.430308
0.550117
0.609203
0.431762
0.613986
0.333997
0.423818
0.543714
0.538893
0.50439
0.586826
0.449782
0.448737
0.414919
0.536056
0.533937
0.649854
0.522574
0.630305
0.506459
0.65465
0.59455
0.567807
0.410419
0.530579
0.482328
0.346166
0.25632
0.476493
0.43486
0.485614
0.456799
0.648278
0.42275
0.337478
0.333245
0.555621
0.545285
0.599721
0.666228
0.551797
0.49221
0.661448
0.56158
0.638353
0.532113
0.398229
0.504051
0.606553
0.499296
0.44014
0.570366
0.437469
0.451003
0.534376
0.373598
0.582593
0.566894
0.424318
0.610701
0.546834
0.46262
0.566941
0.485103
0.595787
0.389392
0.510412
0.576219
0.409148
0.591404
0.453778
0.527756
0.402135
0.493001
0.610609
0.526703
0.536818
0.487453
0.498466
0.344865
0.545203
0.599215
0.476077
0.614818
0.585961
0.491548
0.650094
0.412163
0.456685
0.391382
0.373302
0.415963
0.483524
0.503282
0.556163
0.519217
0.510095
0.384409
0.513558
0.561264
0.607534
0.452332
0.468618
0.553984
0.327568
0.497589
0.5355
0.473675
0.520474
0.472845
0.503003
0.490476
0.439807
0.330552
0.640881
0.507216
0.355778
0.480954
0.550741
0.579559
0.599137
0.542343
0.383395
0.489327
0.65746
0.455416
0.54454
0.442869
0.545697
0.633625
0.610645
0.466355
0.572861
0.321381
0.47692
0.369866
0.526746
0.432004
0.459236
0.752163
0.598521
0.437275
0.571875
0.617998
0.369105
0.480482
0.602992
0.479858
0.379179
0.584821
0.409646
0.615998
0.404715
0.429036
0.454299
0.556655
0.3599
0.562174
0.504631
0.670308
0.649325
0.529318
0.518574
0.42186
0.49132
0.380189
0.536413
0.474623
0.534303
0.532482
0.601855
0.507975
0.488023
0.661809
0.533916
0.522561
0.591572
0.590137
0.471522
0.504931
0.440037
0.544579
0.512686
0.523461
0.391672
0.458425
0.470139
0.427454
0.477461
0.386286
0.565295
0.421299
0.434949
0.505222
0.582419
0.485539
0.288214
0.573727
0.504872
0.416744
0.595861
0.520464
0.455319
0.458063
0.388904
0.434593
0.561758
0.592316
0.620419
0.629602
0.67126
0.569518
0.548835
0.352487
0.633286
0.440693
0.576748
0.410177
0.474464
0.669871
0.367125
0.585065
0.286688
0.496125
0.558772
0.611524
0.750429
0.717543
0.402956
0.385295
0.415123
0.668983
0.443027
0.677596
0.358515
0.565521
0.45895
0.425854
0.546833
0.583429
0.398595
0.572918
0.517665
0.550591
0.517668
0.626637
0.707422
0.418211
0.450169
0.411667
0.445249
0.385696
0.631231
0.3854
0.435267
0.450586
0.494237
0.489868
0.549028
0.555417
0.364072
0.511522
0.45004
0.403366
0.468396
0.620728
0.572252
0.514587
0.488808
0.462897
0.474369
0.495084
0.473784
0.573081
0.491873
0.490017
0.535242
0.585947
0.508617
0.493297
0.550647
0.512972
0.469889
0.385362
0.392484
0.558763
0.558786
0.471002
0.507021
0.448354
0.557812
0.3891
0.564199
0.437368
0.417547
0.566183
0.500547
0.476917
0.554265
0.385638
0.376987
0.605109
0.498398
0.644483
0.473406
0.637042
0.515691
0.369554
0.541875
0.625168
0.622944
0.365
0.340379
0.461876
0.520204
0.462946
0.368946
0.596206
0.461297
0.449206
0.530037
0.536533
0.584552
0.53592
0.435085
0.311124
0.425614
0.252993
0.479048
0.558424
0.534211
0.430199
0.504855
0.618956
0.516747
0.541846
0.579619
0.600708
0.326604
0.485854
0.504495
0.48988
0.524023
0.469139
0.480053
0.478868
0.327441
0.471165
0.549044
0.48336
0.278154
0.357552
0.538436
0.320415
0.540191
0.515602
0.52259
0.41941
0.357264
0.483623
0.529452
0.637715
0.588672
0.645933
0.511645
0.452985
0.546041
0.66541
0.604317
0.403938
0.452765
0.525462
0.591643
0.651493
0.448025
0.553298
0.603838
0.632141
0.557267
0.596381
0.366564
0.475436
0.451008
0.423913
0.324605
0.557464
0.513849
0.425259
0.561684
0.462176
0.445564
0.377166
0.438298
0.522461
0.416151
0.551647
0.469448
0.612823
0.396707
0.436429
0.464128
0.765551
0.488006
0.539812
0.448469
0.382248
0.468669
0.451831
0.494392
0.412595
0.284775
0.433596
0.475654
0.672227
0.502808
0.506674
0.273166
0.471599
0.647815
0.4144
0.351449
0.627704
0.548634
0.626983
0.528112
0.530539
0.612081
0.362291
0.558218
0.336175
0.447969
0.494176
0.355419
0.558316
0.466831
0.420235
0.371737
0.530215
0.572223
0.360858
0.557859
0.608833
0.66948
0.361457
0.525823
0.493104
0.512803
0.569744
0.435978
0.628192
0.512558
0.459926
0.530079
0.367601
0.624641
0.575706
0.432406
0.56503
0.443812
0.363957
0.44077
0.46783
0.62285
0.47094
0.529292
0.383961
0.439417
0.572952
0.584821
0.494295
0.432503
0.513266
0.498869
0.682164
0.530322
0.617253
0.536942
0.552019
0.491541
0.357545
0.407137
0.509074
0.581715
0.441128
0.649878
0.571811
0.306801
0.590229
0.470677
0.48922
0.425622
0.58888
0.43778
0.734654
0.563172
0.467029
0.466586
0.548167
0.546615
0.494077
0.512706
0.499218
0.385874
0.553711
0.495539
0.441602
0.320665
0.471914
0.474244
0.332503
0.555868
0.470019
0.597975
0.487529
0.507102
0.414693
0.352263
0.543603
0.478378
0.536718
0.323411
0.401601
0.493711
0.590438
0.502786
0.620593
0.504555
0.625768
0.352876
0.435571
0.494952
0.444617
0.356988
0.470545
0.406252
0.613617
0.674471
0.618866
0.603297
0.605014
0.42332
0.562669
0.403929
0.537624
0.51206
0.503295
0.393703
0.4897
0.542761
0.674578
0.547687
0.455604
0.507079
0.61087
0.581204
0.61815
0.597188
0.441674
0.45142
0.708499
0.453473
0.384764
0.531625
0.625472
0.570877
0.309666
0.380098
0.486173
0.485755
0.543381
0.525429
0.479769
0.665127
0.390209
0.590168
0.496336
0.420197
0.537567
0.474682
0.502617
0.56601
0.419667
0.423089
0.536586
0.449139
0.610929
0.393149
0.492679
0.565244
0.421005
0.351985
0.369582
0.488424
0.563292
0.619508
0.652434
0.33419
0.468803
0.381425
0.501339
0.377966
0.517276
0.393696
0.418039
0.45098
0.557394
0.500328
0.46265
0.535425
0.587994
0.486372
0.59231
0.480762
0.37213
0.587997
0.593632
0.463032
0.255884
0.481518
0.580831
0.509078
0.563773
0.473267
0.431395
0.407515
0.642659
0.612148
0.531187
0.52836
0.426006
0.446793
0.400839
0.473165
0.590384
0.449156
0.475325
0.377556
0.376077
0.526451
0.508577
0.388024
0.54368
0.343283
0.575033
0.734876
0.438559
0.475869
0.439976
0.523191
0.435047
0.520207
0.370552
0.563671
0.532245
0.576082
0.559333
0.565265
0.27332
0.528766
0.632308
0.711428
0.360157
0.550313
0.513168
0.341903
0.535247
0.542295
0.515771
0.361893
0.60269
0.441878
0.536646
0.500505
0.360185
0.513097
0.419435
0.540326
0.413875
0.445216
0.463121
0.440031
0.547935
0.380037
0.445934
0.571869
0.520768
0.590045
0.53681
0.595931
0.459688
0.629256
0.466267
0.493047
0.525966
0.478642
0.428587
0.578211
0.622107
0.408017
0.587162
0.416393
0.413246
0.476247
0.654903
0.462619
0.534523
0.39167
0.521558
0.248197
0.656328
0.354594
0.499836
0.534954
0.47927
0.703749
0.662209
0.359377
0.530769
0.58857
0.640255
0.488506
0.53513
0.489186
0.358427
0.409482
0.428974
0.405988
0.474123
0.574612
0.593915
0.440652
0.49593
0.423816
0.378336
0.490496
0.651914
0.506352
0.580165
0.578033
0.579833
0.523682
0.5625
0.537612
0.411158
0.51535
0.47398
0.481013
0.620753
0.509761
0.445757
0.463869
0.514117
0.361718
0.536968
0.474798
0.424041
0.49861
0.600553
0.669106
0.588574
0.397113
0.541324
0.468957
0.682145
0.512285
0.538133
0.651864
0.371759
0.580926
0.602034
0.549389
0.370089
0.521089
0.542302
0.477923
0.557393
0.649594
0.312196
0.623418
0.444084
0.43945
0.506318
0.601955
0.54586
0.539034
0.481479
0.318009
0.643259
0.474917
0.572905
0.542302
0.597502
0.560206
0.377696
0.531108
0.494523
0.530283
0.377391
0.408885
0.589038
0.527801
0.37151
0.536117
0.420544
0.458836
0.493976
0.584233
0.473113
0.342048
0.484255
0.439481
0.550862
0.572735
0.485121
0.757636
0.340969
0.623656
0.538895
0.391407
0.436119
0.404502
0.454059
0.312429
0.488239
0.601873
0.514095
0.549708
0.465418
0.521656
0.700441
0.466395
0.483867
0.455671
0.401429
0.496768
0.586808
0.594453
0.679093
0.465294
0.642158
0.408059
0.565701
0.70964
0.530891
0.416764
0.561912
0.629523
0.397944
0.473522
0.408404
0.583258
0.537554
0.480076
0.502879
0.55389
0.484884
0.558578
0.434291
0.206782
0.485832
0.500611
0.606196
0.460526
0.416883
0.415467
0.42108
0.493068
0.426887
0.399579
0.297553
0.604909
0.472636
0.448962
0.392281
0.561258
0.520116
0.436552
0.49852
0.635022
0.383304
0.476307
0.593148
0.472497
0.47239
0.395959
0.504054
0.403637
0.623304
0.540275
0.569758
0.51878
0.580407
0.426715
0.363149
0.333711
0.504236
0.575358
0.451207
0.364916
0.576175
0.534968
0.66259
0.536927
0.471922
0.427078
0.534946
0.543621
0.675627
0.429971
0.413852
0.385342
0.606583
0.424421
0.775226
0.403737
0.630344
0.623084
0.443108
0.536168
0.326132
0.605402
0.574677
0.611576
0.482426
0.579899
0.684373
0.509682
0.392596
0.495748
0.579013
0.405385
0.522463
0.525482
0.675764
0.720249
0.621659
0.540713
0.574855
0.702939
0.550652
0.502756
0.558896
0.560486
0.495336
0.590012
0.490688
0.662263
0.441027
0.483996
0.281391
0.538534
0.577771
0.535884
0.400932
0.395467
0.508818
0.535451
0.40252
0.468467
0.53415
0.604277
0.43315
0.435722
0.580932
0.435095
0.501968
0.513824
0.652756
0.499161
0.578371
0.457348
0.569568
0.443504
0.491721
0.484261
0.370134
0.599964
0.504544
0.349033
0.648942
0.527849
0.431086
0.485332
0.399388
0.412133
0.773115
0.640174
0.635151
0.339025
0.544825
0.521397
0.661604
0.570821
0.45873
0.580349
0.669156
0.441896
0.444422
0.651648
0.620393
0.597701
0.472061
0.571905
0.402888
0.498673
0.552474
0.499268
0.519565
0.310895
0.385755
0.45568
0.488483
0.505411
0.430204
0.513709
0.423922
0.588046
0.36352
0.249842
0.570639
0.481633
0.3081
0.386098
0.663179
0.482495
0.492318
0.541859
0.482103
0.613079
0.61968
0.417767
0.279015
0.492599
0.417697
0.433591
0.342273
0.54758
0.538384
0.64191
0.575236
0.384164
0.58224
0.63951
0.458939
0.444058
0.517587
0.49836
0.471076
0.366008
0.567148
0.438039
0.633137
0.37465
0.633737
0.461497
0.557617
0.518647
0.536934
0.376021
0.56713
0.379954
0.332622
0.421277
0.457335
0.476108
0.587258
0.726314
0.475523
0.577407
0.478759
0.617388
0.586769
0.560861
0.395872
0.598505
0.599492
0.522782
0.307907
0.42653
0.422322
0.571889
0.576704
0.702759
0.424141
0.524812
0.482711
0.702819
0.469173
0.625863
0.437054
0.566778
0.398991
0.712941
0.551462
0.471321
0.633333
0.651465
0.337927
0.405901
0.661583
0.358194
0.609986
0.374702
0.496808
0.736817
0.457479
0.546319
0.664213
0.547181
0.466667
0.573012
0.495899
0.330045
0.557598
0.501417
0.503793
0.509217
0.610575
0.396589
0.602624
0.592965
0.653609
0.301245
0.45483
0.296571
0.58274
0.552092
0.409258
0.407897
0.487092
0.575106
0.605538
0.717846
0.450536
0.381649
0.51601
0.537596
0.601843
0.587278
0.497069
0.424469
0.485198
0.475147
0.521816
0.53832
0.522947
0.525855
0.665874
0.450322
0.442462
0.63563
0.418262
0.526012
0.538983
0.444713
0.389184
0.504488
0.546329
0.49783
0.586625
0.495614
0.587345
0.558608
0.533618
0.617125
0.475954
0.499828
0.398052
0.3935
0.442703
0.491387
0.606919
0.438468
0.555662
0.607827
0.516846
0.543044
0.608571
0.477336
0.412811
0.590948
0.548086
0.594062
0.606897
0.523298
0.412017
0.615646
0.508982
0.574444
0.450432
0.367827
0.44122
0.500813
0.501486
0.578006
0.368194
0.624659
0.293872
0.559635
0.514628
0.514567
0.647752
0.569319
0.442512
0.524613
0.746052
0.458491
0.459533
0.514031
0.547996
0.441548
0.330671
0.469275
0.51674
0.502307
0.464858
0.450355
0.433008
0.460681
0.448548
0.383305
0.466581
0.421421
0.598091
0.620679
0.477517
0.426825
0.50278
0.591932
0.318996
0.535264
0.33045
0.465571
0.513638
0.447424
0.467494
0.544951
0.775191
0.602128
0.365184
0.519584
0.447451
0.563602
0.564164
0.493847
0.532297
0.422084
0.568989
0.614949
0.478706
0.429629
0.544595
0.522049
0.404638
0.393001
0.606557
0.338383
0.523648
0.645515
0.477034
0.528294
0.548116
0.719709
0.378247
0.341022
0.540965
0.442727
0.335399
0.363137
0.48773
0.476275
0.560878
0.501492
0.660875
0.523035
0.291643
0.518568
0.548213
0.521411
0.251654
0.542085
0.517318
0.450476
0.411231
0.670762
0.487796
0.467002
0.615206
0.598079
0.78329
0.496447
0.451753
0.475955
0.535101
0.599763
0.433766
0.440168
0.509292
0.437924
0.464657
0.419442
0.429153
0.356018
0.360461
0.450029
0.664906
0.508806
0.400105
0.517701
0.46252
0.349606
0.575734
0.449003
0.383503
0.504381
0.414957
0.473643
0.527577
0.652911
0.446891
0.479912
0.510063
0.338918
0.483882
0.684984
0.365899
0.631018
0.490771
0.441992
0.552131
0.356386
0.413589
0.505744
0.520771
0.428992
0.539544
0.478956
0.633893
0.394298
0.460186
0.560875
0.492831
0.612284
0.409626
0.620178
0.353379
0.500677
0.449664
0.314005
0.598834
0.460262
0.473733
0.57501
0.542791
0.504148
0.501503
0.488314
0.533539
0.412864
0.436045
0.380213
0.531951
0.437158
0.355409
0.540536
0.534728
0.570381
0.610507
0.50052
0.414884
0.512318
0.401169
0.488077
0.451343
0.64636
0.502246
0.382324
0.419516
0.551871
0.511638
0.389268
0.61475
0.473637
0.59212
0.46049
0.580502
0.470281
0.378844
0.57674
0.613131
0.463489
0.724386
0.518287
0.615177
0.409959
0.453222
0.643919
0.468997
0.417917
0.297499
0.600456
0.602638
0.430097
0.385976
0.484655
0.519828
0.495048
0.458028
0.57939
0.465941
0.348642
0.274557
0.485966
0.501837
0.42767
0.49771
0.374452
0.457429
0.437386
0.511274
0.673915
0.336863
0.394883
0.553613
0.724406
0.547187
0.570181
0.535029
0.412608
0.522379
0.546882
0.511434
0.512983
0.514615
0.42429
0.586174
0.456321
0.42464
0.38286
0.311923
0.547561
0.443134
0.434847
0.364491
0.554743
0.574939
0.482041
0.460427
0.490986
0.518012
0.402452
0.590306
0.511355
0.469004
0.587832
0.539559
0.4465
0.427314
0.553891
0.568721
0.394928
0.569509
0.545106
0.524995
0.395807
0.465981
0.455975
0.55697
0.504146
0.411714
0.390607
0.504399
0.590258
0.543034
0.482512
0.434902
0.485355
0.512228
0.496479
0.599462
0.595165
0.591895
0.534397
0.478595
0.503439
0.480905
0.36692
0.491076
0.487231
0.383848
0.412828
0.537082
0.565816
0.335849
0.687968
0.447634
0.505121
0.444609
0.545655
0.412216
0.399564
0.321563
0.530399
0.556442
0.453141
0.574029
0.466841
0.441647
0.481671
0.330208
0.305763
0.558274
0.45805
0.368927
0.449059
0.484937
0.522405
0.625993
0.375534
0.685036
0.479003
0.649033
0.689407
0.612789
0.501819
0.572692
0.513396
0.600567
0.570605
0.486074
0.548256
0.599405
0.559369
0.364283
0.520646
0.544556
0.499102
0.535968
0.441208
0.517973
0.536667
0.358711
0.39472
0.67959
0.51169
0.674161
0.484201
0.439273
0.373353
0.714779
0.450856
0.441325
0.458952
0.334067
0.391716
0.73341
0.456096
0.432162
0.396867
0.491781
0.670424
0.448658
0.428127
0.474674
0.720716
0.494548
0.661054
0.475762
0.483273
0.495153
0.512165
0.649522
0.607434
0.415901
0.373227
0.480405
0.524116
0.442857
0.574511
0.467686
0.469245
0.489852
0.498868
0.497848
0.443953
0.504106
0.368516
0.476409
0.533419
0.542211
0.626407
0.791028
0.406229
0.488347
0.434043
0.377802
0.616124
0.486612
0.50763
0.562599
0.528021
0.559339
0.614433
0.349325
0.690173
0.583271
0.451208
0.626981
0.474349
0.695479
0.426599
0.467399
0.505903
0.500881
0.569351
0.385529
0.405614
0.553258
0.584243
0.434139
0.465169
0.381623
0.377589
0.40483
0.578158
0.633834
0.474202
0.607209
0.54847
0.40931
0.547681
0.398123
0.597949
0.452738
0.485911
0.532809
0.495197
0.480645
0.713638
0.509846
0.327396
0.412696
0.693999
0.381782
0.637012
0.379617
0.630885
0.503306
0.545284
0.679587
0.294006
0.488848
0.584339
0.655012
0.388538
0.451474
0.559836
0.361516
0.491224
0.59496
0.465994
0.601056
0.574809
0.430908
0.574896
0.391018
0.54267
0.492792
0.521931
0.341175
0.395538
0.518799
0.609248
0.510383
0.752171
0.575344
0.449117
0.414888
0.545848
0.593138
0.669044
0.460113
0.518588
0.387674
0.500534
0.567821
0.434924
0.536017
0.473372
0.470494
0.537156
0.381762
0.437297
0.444846
0.563918
0.440047
0.53294
0.4563
0.553955
0.574486
0.533907
0.586345
0.556982
0.517904
0.481885
0.51462
0.373496
0.508738
0.536625
0.527605
0.545419
0.515
0.562714
0.325811
0.619446
0.517652
0.27497
0.501323
0.604969
0.425282
0.564366
0.357576
0.448467
0.691963
0.426342
0.343253
0.54621
0.610147
0.513391
0.572161
0.517184
0.550494
0.533775
0.50097
0.358087
0.420492
0.618271
0.53669
0.60228
0.51376
0.576805
0.645757
0.504573
0.521886
0.46685
0.63661
0.473711
0.380704
0.695474
0.687622
0.474443
0.52286
0.476898
0.592273
0.421048
0.508555
0.667453
0.693434
0.484185
0.506336
0.599799
0.378634
0.532951
0.495811
0.53829
0.508193
0.434025
0.564165
0.477358
0.448083
0.529754
0.568347
0.604784
0.479415
0.517085
0.434805
0.551743
0.456394
0.549187
0.468649
0.551484
0.484651
0.581665
0.64411
0.52854
0.491802
0.285219
0.548173
0.540315
0.362122
0.446643
0.449258
0.492949
0.407205
0.380023
0.362827
0.553324
0.444486
0.670012
0.585789
0.479084
0.655495
0.369071
0.57158
0.488555
0.395729
0.670529
0.517786
0.39242
0.428004
0.579354
0.338197
0.509051
0.251176
0.4025
0.491158
0.485347
0.496086
0.280718
0.636093
0.544974
0.660633
0.383682
0.290074
0.585861
0.455818
0.590338
0.556322
0.548854
0.634655
0.676316
0.4965
0.579373
0.575824
0.430309
0.518683
0.503969
0.493928
0.421279
0.352873
0.543648
0.448234
0.438363
0.385949
0.485835
0.521788
0.625367
0.527898
0.536862
0.442753
0.53171
0.381235
0.476837
0.519863
0.6017
0.585465
0.438795
0.363868
0.424012
0.608471
0.533976
0.566833
0.363252
0.4567
0.745136
0.511177
0.495469
0.57602
0.40974
0.580322
0.469504
0.615132
0.514926
0.442834
0.41604
0.523402
0.42611
0.481913
0.426229
0.454991
0.371112
0.642134
0.421785
0.65116
0.401675
0.565286
0.538392
0.472627
0.454242
0.487209
0.544333
0.553841
0.63189
0.567484
0.616185
0.551059
0.429269
0.523861
0.493477
0.4561
0.622443
0.643303
0.634177
0.447642
0.445491
0.341509
0.692885
0.351943
0.575758
0.442805
0.643601
0.784866
0.349614
0.552267
0.468953
0.547074
0.530617
0.491958
0.437754
0.644275
0.651935
0.573149
0.592762
0.504389
0.354912
0.476403
0.370527
0.463515
0.545655
0.511394
0.67518
0.492575
0.491513
0.42834
0.528066
0.536501
0.479318
0.552919
0.315073
0.537851
0.457275
0.516546
0.553546
0.616719
0.382368
0.553894
0.500651
0.478823
0.395156
0.439513
0.425078
0.423641
0.443839
0.635449
0.563936
0.524467
0.579467
0.521712
0.486742
0.352273
0.344164
0.581494
0.588353
0.515237
0.474249
0.512984
0.532739
0.585827
0.540116
0.539679
0.66945
0.587302
0.344768
0.591053
0.444673
0.411516
0.502862
0.425464
0.628739
0.639898
0.622143
0.567169
0.581957
0.539475
0.409157
0.429327
0.480663
0.40582
0.521093
0.394867
0.525339
0.424806
0.385652
0.527087
0.352692
0.525023
0.410808
0.581865
0.573563
0.592751
0.50633
0.493359
0.558539
0.421358
0.438954
0.505069
0.493146
0.466987
0.543069
0.618128
0.5245
0.48243
0.408795
0.328719
0.421283
0.501044
0.469329
0.426456
0.468927
0.542585
0.509437
0.425652
0.521879
0.512855
0.51696
0.401303
0.534818
0.669011
0.599211
0.301694
0.494704
0.522426
0.486144
0.409485
0.375533
0.450978
0.542164
0.523167
0.437671
0.492631
0.508451
0.530746
0.493642
0.492195
0.497686
0.447539
0.362245
0.373132
0.36303
0.489964
0.532885
0.40629
0.363261
0.657182
0.56197
0.547428
0.445918
0.592478
0.623274
0.615422
0.570339
0.596261
0.534126
0.583021
0.492476
0.362537
0.579303
0.452014
0.433335
0.610754
0.554508
0.484716
0.552953
0.684879
0.551295
0.46361
0.551753
0.491586
0.405333
0.351044
0.521173
0.549434
0.529869
0.420858
0.465435
0.4209
0.45627
0.4338
0.616339
0.599152
0.70353
0.528621
0.562936
0.721437
0.398593
0.50072
0.517981
0.48095
0.569392
0.540208
0.543023
0.309062
0.532463
0.601276
0.45401
0.499795
0.497016
0.374734
0.329296
0.548395
0.407335
0.435598
0.341904
0.475904
0.545382
0.537602
0.537941
0.411581
0.415485
0.426514
0.483025
0.30507
0.432977
0.444113
0.698605
0.540174
0.438666
0.394728
0.510051
0.522115
0.461015
0.546196
0.528387
0.510158
0.447892
0.437113
0.487538
0.467468
0.589784
0.462272
0.358972
0.500082
0.456337
0.308132
0.56561
0.456866
0.368104
0.610231
0.516874
0.362329
0.52537
0.504381
0.586764
0.554182
0.41593
0.443547
0.556811
0.597501
0.323708
0.452267
0.545813
0.447377
0.560065
0.490506
0.448205
0.631934
0.439699
0.398797
0.602946
0.527575
0.422999
0.696566
0.414805
0.598343
0.446724
0.605501
0.64991
0.571269
0.464887
0.369843
0.427438
0.419581
0.621728
0.545481
0.329328
0.525646
0.378631
0.529715
0.349881
0.49553
0.416877
0.503576
0.507132
0.397037
0.338104
0.458559
0.437861
0.393117
0.584338
0.479664
0.298123
0.5425
0.499491
0.356607
0.591176
0.539454
0.454181
0.595079
0.544663
0.664517
0.555757
0.499931
0.458951
0.518099
0.465413
0.602158
0.648479
0.508821
0.344241
0.401552
0.398004
0.368452
0.450133
0.396911
0.555608
0.665352
0.307371
0.775669
0.584352
0.588261
0.47081
0.43482
0.59445
0.672332
0.606508
0.505024
0.477829
0.63927
0.51069
0.549755
0.466961
0.523466
0.588916
0.41138
0.539839
0.45598
0.617326
0.576026
0.592963
0.578272
0.407849
0.629132
0.504228
0.457537
0.499232
0.573546
0.607577
0.475531
0.495779
0.482041
0.601287
0.46275
0.375667
0.556136
0.611789
0.449862
0.590726
0.563089
0.534868
0.608229
0.579534
0.422938
0.576135
0.351431
0.515735
0.517466
0.512642
0.569648
0.513417
0.392966
0.497511
0.568772
0.611466
0.528677
0.629465
0.386138
0.358732
0.542774
0.509112
0.55474
0.621913
0.507775
0.603886
0.587801
0.338008
0.447253
0.543492
0.655591
0.533241
0.585719
0.467761
0.726346
0.430294
0.623553
0.44875
0.543181
0.365763
0.408861
0.509009
0.508858
0.439687
0.478127
0.557844
0.450295
0.519027
0.437548
0.367486
0.534686
0.416988
0.456903
0.311024
0.409101
0.470032
0.447861
0.383979
0.535457
0.534483
0.598578
0.631397
0.39272
0.524577
0.436472
0.602334
0.518217
0.513849
0.691044
0.45361
0.459938
0.421723
0.628625
0.424705
0.511695
0.507181
0.430926
0.505667
0.603024
0.49139
0.389248
0.319925
0.415691
0.431152
0.48626
0.543858
0.198689
0.465071
0.437184
0.48501
0.453594
0.454288
0.462287
0.640826
0.46216
0.339678
0.562548
0.459777
0.52802
0.437377
0.47037
0.426753
0.404381
0.594509
0.547215
0.4946
0.479574
0.526999
0.400045
0.583671
0.392343
0.361338
0.588426
0.571276
0.448746
0.502179
0.69419
0.592895
0.412536
0.447637
0.425519
0.277031
0.440918
0.67417
0.627321
0.63559
0.437522
0.512915
0.36979
0.531641
0.494509
0.439356
0.48701
0.646455
0.595644
0.49819
0.537478
0.46768
0.452241
0.585284
0.658437
0.420534
0.643845
0.608578
0.38587
0.363896
0.63552
0.74982
0.512055
0.473154
0.543628
0.54901
0.652535
0.531709
0.421962
0.333423
0.59439
0.352985
0.640128
0.713081
0.397685
0.454837
0.626023
0.564561
0.52196
0.508227
0.544315
0.525011
0.549655
0.38204
0.58277
0.418233
0.67832
0.405922
0.518325
0.434739
0.453513
0.373001
0.534768
0.487624
0.414235
0.60439
0.563906
0.566147
0.622795
0.397319
0.522094
0.508893
0.550974
0.478793
0.713999
0.318393
0.49436
0.486637
0.575478
0.539069
0.586734
0.499816
0.627439
0.520386
0.386377
0.339888
0.512568
0.487087
0.606181
0.565484
0.686785
0.538377
0.559429
0.481671
0.537319
0.497943
0.393126
0.486094
0.599266
0.636675
0.580752
0.67375
0.642507
0.489971
0.346317
0.422284
0.600864
0.491492
0.591588
0.679677
0.515369
0.445251
0.398362
0.476207
0.563515
0.557908
0.577671
0.582542
0.546369
0.45314
0.437775
0.535857
0.505431
0.789969
0.542836
0.555845
0.641086
0.406923
0.334144
0.272494
0.40456
0.413898
0.485753
0.3875
0.435228
0.653599
0.366432
0.391211
0.515159
0.354442
0.47978
0.456952
0.512775
0.296782
0.354393
0.434621
0.387495
0.614341
0.555954
0.565431
0.52724
0.552732
0.493121
0.439665
0.490675
0.606917
0.489094
0.419326
0.726061
0.459512
0.39072
0.547552
0.638595
0.641792
0.387037
0.66668
0.678113
0.439268
0.509099
0.466818
0.519022
0.463734
0.582994
0.486819
0.504352
0.413631
0.707893
0.489514
0.42579
0.544624
0.431037
0.433097
0.411576
0.372253
0.491512
0.560518
0.594133
0.428545
0.504705
0.528774
0.429315
0.394456
0.459306
0.499969
0.539132
0.330007
0.598735
0.616011
0.449846
0.424017
0.358867
0.378831
0.497296
0.585279
0.433928
0.457996
0.371337
0.59707
0.542447
0.44758
0.371263
0.456868
0.265123
0.294192
0.444102
0.523141
0.526502
0.518011
0.477627
0.591106
0.492313
0.348715
0.82
0.419298
0.354368
0.398181
0.397887
0.428867
0.374873
0.391826
0.604945
0.597433
0.562051
0.480466
0.532532
0.469413
0.348924
0.354562
0.414546
0.404668
0.547154
0.482747
0.558235
0.68736
0.547808
0.49648
0.532874
0.516885
0.540917
0.542727
0.488183
0.50277
0.325708
0.626534
0.574348
0.585383
0.583391
0.565361
0.535533
0.50437
0.484368
0.377071
0.548753
0.436654
0.701735
0.523421
0.379983
0.525897
0.502965
0.63096
0.429378
0.625292
0.491635
0.411183
0.537478
0.575559
0.37108
0.401836
0.524279
0.540021
0.601848
0.551235
0.433034
0.518635
0.624818
0.467477
0.450673
0.462853
0.421878
0.454418
0.376696
0.613189
0.486029
0.5563
0.512449
0.381366
0.572769
0.432886
0.442609
0.498914
0.504678
0.486991
0.380808
0.454109
0.601025
0.466288
0.451222
0.439099
0.504321
0.661246
0.478031
0.529133
0.375655
0.421089
0.554617
0.515723
0.430716
0.409652
0.364365
0.615649
0.58835
0.422998
0.524959
0.477669
0.603557
0.490681
0.428036
0.508803
0.356772
0.582531
0.546074
0.642074
0.671331
0.342819
0.478395
0.267584
0.330978
0.573703
0.408152
0.548789
0.469302
0.389808
0.742178
0.345856
0.502966
0.665832
0.505573
0.467977
0.380619
0.499029
0.562897
0.476511
0.519345
0.408481
0.437857
0.560829
0.500549
0.592993
0.403352
0.308748
0.39713
0.569517
0.513748
0.493406
0.503837
0.613968
0.451276
0.498482
0.442667
0.6263
0.558408
0.503609
0.515191
0.441731
0.428095
0.651872
0.373675
0.609989
0.323749
0.621267
0.582883
0.664438
0.500821
0.421977
0.544417
0.502986
0.401884
0.441363
0.55549
0.502623
0.497062
0.458534
0.473996
0.58949
0.541705
0.350368
0.46175
0.586326
0.423168
0.510866
0.577781
0.359191
0.368583
0.305714
0.393545
0.585336
0.485489
0.383914
0.401944
0.364076
0.307197
0.468385
0.592009
0.592572
0.51477
0.547385
0.561139
0.628367
0.507486
0.388637
0.536761
0.460575
0.593664
0.298041
0.379292
0.411582
0.573725
0.444837
0.438267
0.591139
0.487368
0.475099
0.633526
0.524725
0.596728
0.735433
0.533317
0.478054
0.577395
0.528761
0.501204
0.599593
0.389175
0.524048
0.483641
0.402983
0.498457
0.441872
0.510103
0.411215
0.424066
0.337693
0.577635
0.58446
0.478482
0.5047
0.391706
0.553411
0.376293
0.318118
0.535226
0.580017
0.581755
0.54284
0.437626
0.567485
0.467347
0.42627
0.51585
0.541428
0.455181
0.498242
0.459152
0.524026
0.313146
0.499894
0.529563
0.423086
0.477674
0.463373
0.649916
0.457856
0.37498
0.464246
0.551277
0.543502
0.512674
0.36849
0.551694
0.556083
0.413598
0.595937
0.53811
0.399929
0.563786
0.522049
0.523324
0.29929
0.546401
0.539901
0.54988
0.636112
0.533541
0.304237
0.412752
0.455849
0.707775
0.479489
0.672705
0.363157
0.585293
0.513621
0.432204
0.529355
0.512542
0.659683
0.445743
0.333536
0.608226
0.566937
0.53648
0.559187
0.422535
0.563445
0.491043
0.468209
0.485497
0.451986
0.604379
0.574197
0.416303
0.641176
0.746536
0.336872
0.665504
0.633671
0.623238
0.49952
0.461936
0.593319
0.502137
0.491333
0.336267
0.613151
0.576611
0.71651
0.493019
0.606068
0.538984
0.552007
0.402954
0.540118
0.435057
0.375802
0.487705
0.640216
0.371793
0.447547
0.568509
0.378206
0.550068
0.5635
0.550925
0.573121
0.494339
0.507586
0.317425
0.423521
0.65111
0.520486
0.499707
0.493797
0.528073
0.408613
0.50263
0.476293
0.445796
0.414858
0.551632
0.551137
0.473844
0.472976
0.435505
0.565659
0.423182
0.467492
0.516413
0.35525
0.366768
0.521
0.479017
0.427568
0.660186
0.430727
0.590591
0.431932
0.434204
0.476241
0.443991
0.535811
0.331136
0.520178
0.455369
0.530258
0.556867
0.423857
0.588495
0.686178
0.62044
0.39967
0.477561
0.3833
0.433057
0.422108
0.520356
0.433732
0.538383
0.519306
0.613668
0.521969
0.546022
0.466981
0.502801
0.483224
0.640045
0.406643
0.617081
0.441983
0.434438
0.409937
0.463219
0.332615
0.547351
0.511014
0.448411
0.523961
0.466019
0.528786
0.405053
0.469735
0.374238
0.400957
0.388937
0.50664
0.414251
0.551687
0.322813
0.622063
0.554953
0.514781
0.457185
0.613218
0.738249
0.534269
0.520217
0.55963
0.475475
0.464251
0.328631
0.230818
0.465739
0.589886
0.531455
0.451055
0.308057
0.591399
0.458525
0.543089
0.47917
0.572983
0.545578
0.572693
0.448903
0.478461
0.407848
0.415917
0.704947
0.615601
0.634014
0.47092
0.458955
0.41094
0.372386
0.436267
0.405786
0.517001
0.581206
0.477538
0.307823
0.493788
0.51493
0.504158
0.476199
0.286409
0.418377
0.378302
0.420827
0.420724
0.500609
0.477749
0.441105
0.338891
0.460424
0.334579
0.529166
0.496665
0.335338
0.371559
0.557559
0.644356
0.545925
0.658126
0.523217
0.613291
0.607395
0.707811
0.519614
0.429677
0.580283
0.538999
0.408955
0.477729
0.532125
0.520896
0.666303
0.53394
0.481992
0.526575
0.467497
0.494367
0.399766
0.514972
0.392747
0.516816
0.532023
0.363718
0.517777
0.299787
0.526403
0.474675
0.46439
0.520066
0.526343
0.47405
0.482337
0.350831
0.408042
0.528967
0.534354
0.482159
0.331548
0.302363
0.456252
0.465785
0.477815
0.5681
0.463927
0.506024
0.443636
0.608144
0.379174
0.51869
0.466304
0.613712
0.446168
0.479924
0.64989
0.712235
0.410502
0.486779
0.564998
0.642042
0.43264
0.551455
0.393895
0.59661
0.407679
0.451041
0.592865
0.460276
0.563273
0.554667
0.443679
0.55728
0.507616
0.449903
0.566057
0.43601
0.499342
0.490317
0.362977
0.610327
0.31123
0.586044
0.370736
0.579847
0.459578
0.459244
0.485616
0.351055
0.471124
0.586334
0.53903
0.481114
0.5594
0.64886
0.493039
0.666272
0.382376
0.314889
0.528102
0.596704
0.353278
0.572786
0.494935
0.599698
0.676463
0.539265
0.60236
0.593041
0.280209
0.563588
0.413011
0.670489
0.518307
0.349765
0.518781
0.44118
0.51233
0.618664
0.467876
0.544898
0.506445
0.531875
0.315362
0.665018
0.406653
0.599231
0.469061
0.661053
0.476326
0.49183
0.4027
0.242639
0.459919
0.38246
0.508154
0.706862
0.506729
0.435293
0.558691
0.460783
0.566582
0.666715
0.655066
0.551045
0.529313
0.399176
0.32636
0.522437
0.679923
0.629934
0.657424
0.527286
0.441285
0.436568
0.514812
0.607554
0.676275
0.541127
0.54308
0.471517
0.521197
0.654803
0.503309
0.386896
0.522389
0.624996
0.625754
0.51232
0.447867
0.606642
0.54847
0.388998
0.44591
0.379688
0.4138
0.61446
0.422424
0.434585
0.594603
0.520268
0.508994
0.647668
0.622092
0.57554
0.49348
0.468311
0.487155
0.538197
0.485035
0.539718
0.487041
0.675778
0.485425
0.475237
0.489285
0.577709
0.538523
0.412061
0.684735
0.580915
0.429848
0.564203
0.301573
0.730622
0.508032
0.496609
0.4522
0.498248
0.500084
0.442288
0.384843
0.578245
0.492327
0.384338
0.611795
0.385778
0.548884
0.52474
0.486117
0.577096
0.539593
0.261788
0.298724
0.514497
0.54921
0.598045
0.56769
0.497741
0.539799
0.300685
0.691674
0.483791
0.538159
0.436107
0.439332
0.416766
0.42018
0.300691
0.546583
0.589968
0.564004
0.569566
0.49362
0.361868
0.443844
0.485279
0.433526
0.447917
0.536369
0.508226
0.544384
0.510072
0.411503
0.450729
0.476735
0.665887
0.579525
0.416626
0.568288
0.539075
0.466339
0.568257
0.697731
0.373389
0.488806
0.542718
0.649531
0.531713
0.40198
0.539258
0.561596
0.402233
0.590162
0.499687
0.627674
0.533556
0.473613
0.503685
0.52636
0.420675
0.402825
0.400878
0.348592
0.563621
0.512212
0.601547
0.395512
0.620707
0.505104
0.447866
0.518552
0.57822
0.441905
0.287528
0.473645
0.458451
0.503312
0.471638
0.661413
0.387923
0.500449
0.498746
0.525219
0.4477
0.503805
0.526905
0.478956
0.327656
0.462843
0.575616
0.536449
0.506566
0.588157
0.43954
0.514337
0.479914
0.568059
0.535857
0.580322
0.557265
0.591455
0.307138
0.418657
0.451107
0.548903
0.401613
0.684734
0.379016
0.483718
0.352703
0.620673
0.301026
0.664997
0.579701
0.603758
0.514079
0.454447
0.431461
0.49962
0.625436
0.538886
0.394988
0.392029
0.426906
0.400292
0.390793
0.461166
0.491794
0.595275
0.476888
0.482264
0.41642
0.615849
0.383301
0.516484
0.628093
0.503382
0.498984
0.465898
0.581423
0.387583
0.532989
0.564462
0.464828
0.422427
0.571783
0.47685
0.339127
0.49087
0.754582
0.577024
0.630089
0.450238
0.288583
0.478413
0.196806
0.390171
0.525955
0.687583
0.297779
0.474983
0.424478
0.653265
0.576577
0.542327
0.513699
0.482621
0.588957
0.530031
0.588478
0.396616
0.293309
0.402982
0.451806
0.396388
0.626308
0.451934
0.42876
0.412465
0.485649
0.536121
0.373481
0.508731
0.541731
0.441535
0.591041
0.412995
0.400178
0.626753
0.496078
0.346047
0.537059
0.528201
0.630078
0.521084
0.328693
0.596698
0.359164
0.485357
0.597904
0.437186
0.274291
0.475947
0.598611
0.323508
0.515699
0.361511
0.560621
0.460106
0.443513
0.5419
0.6165
0.362519
0.476357
0.377512
0.532404
0.428556
0.519864
0.52025
0.464733
0.372017
0.606953
0.417973
0.564501
0.490838
0.571748
0.464308
0.451271
0.641535
0.379013
0.465691
0.478559
0.591821
0.530981
0.39753
0.512563
0.523273
0.573453
0.521347
0.446092
0.455924
0.723035
0.734783
0.469583
0.466647
0.537396
0.626339
0.62107
0.473225
0.350417
0.606731
0.536981
0.355957
0.594107
0.488729
0.525642
0.388695
0.529164
0.587354
0.485363
0.451182
0.506051
0.512322
0.588975
0.494555
0.378468
0.624584
0.556699
0.431906
0.491087
0.428869
0.439223
0.52576
0.46343
0.574072
0.532852
0.544358
0.491771
0.433392
0.34862
0.358606
0.590925
0.536074
0.35723
0.451585
0.3978
0.522639
0.531697
0.512468
0.758607
0.395473
0.509573
0.486751
0.521568
0.436658
0.496627
0.454651
0.557033
0.36491
0.533853
0.409553
0.626856
0.503502
0.549688
0.408381
0.624911
0.431055
0.519306
0.365769
0.51064
0.387055
0.552863
0.363908
0.457473
0.503993
0.534587
0.549932
0.638033
0.337982
0.434551
0.492742
0.367974
0.469741
0.61505
0.471118
0.530341
0.547811
0.653412
0.565011
0.502318
0.445886
0.603155
0.521877
0.506252
0.50613
0.615337
0.469943
0.506806
0.440351
0.541996
0.550269
0.476148
0.560917
0.643537
0.439478
0.44901
0.413282
0.521957
0.535044
0.58954
0.481993
0.301765
0.274997
0.591772
0.542067
0.380494
0.36393
0.335632
0.627597
0.370655
0.577181
0.720326
0.589472
0.455036
0.515059
0.397004
0.514088
0.377191
0.379
0.422553
0.374908
0.489021
0.441512
0.456425
0.488773
0.477301
0.381812
0.722346
0.448816
0.491047
0.358988
0.756793
0.505861
0.491574
0.494605
0.566119
0.57019
0.447152
0.3366
0.414191
0.505538
0.494102
0.476352
0.462423
0.287209
0.486225
0.390801
0.584075
0.496168
0.554447
0.481492
0.674698
0.621004
0.398528
0.48242
0.48059
0.439622
0.532739
0.508543
0.56715
0.45255
0.507358
0.416846
0.449
0.539731
0.427885
0.551832
0.503745
0.512678
0.593823
0.54731
0.691253
0.433861
0.478922
0.456354
0.400333
0.575214
0.474751
0.481316
0.544669
0.587617
0.519475
0.575757
0.529904
0.553248
0.433715
0.490183
0.413747
0.492668
0.685356
0.43345
0.480955
0.398518
0.405194
0.321718
0.555105
0.467701
0.375281
0.286833
0.468989
0.603929
0.511852
0.516006
0.315541
0.562499
0.66471
0.394661
0.601146
0.509189
0.454939
0.62434
0.523221
0.465138
0.472818
0.587523
0.593942
0.409579
0.557825
0.531258
0.431984
0.612321
0.482585
0.441452
0.444153
0.567835
0.662657
0.579722
0.618788
0.402827
0.614017
0.55466
0.552806
0.529172
0.480133
0.499406
0.634263
0.514087
0.650485
0.527391
0.702309
0.539413
0.592416
0.438124
0.506405
0.421887
0.518195
0.444911
0.386694
0.566265
0.609154
0.39637
0.59738
0.523196
0.518781
0.563614
0.394999
0.423697
0.576645
0.464994
0.413466
0.362118
0.615023
0.500253
0.547758
0.499466
0.540111
0.365993
0.568114
0.358968
0.469687
0.424302
0.286632
0.685747
0.559105
0.496437
0.598131
0.442476
0.537496
0.453435
0.417155
0.412905
0.576044
0.475511
0.632996
0.485112
0.510222
0.552141
0.504608
0.386378
0.537858
0.394687
0.517292
0.441539
0.314902
0.43345
0.42302
0.4267
0.470777
0.571019
0.386274
0.590191
0.565183
0.563796
0.557288
0.61263
0.408232
0.703568
0.594546
0.577974
0.565788
0.571001
0.55843
0.527427
0.471887
0.532942
0.397882
0.568094
0.470111
0.35538
0.551959
0.508234
0.605794
0.503971
0.488157
0.491009
0.590932
0.603976
0.299378
0.398592
0.463673
0.531502
0.48141
0.398506
0.564262
0.507919
0.512808
0.704082
0.449317
0.469319
0.459031
0.520901
0.666309
0.382908
0.422736
0.451092
0.510124
0.482189
0.462073
0.527372
0.483574
0.592822
0.598888
0.348699
0.483749
0.421035
0.438685
0.489404
0.536063
0.576452
0.424229
0.453691
0.597888
0.501228
0.344677
0.547371
0.553637
0.477355
0.522087
0.438704
0.623181
0.584013
0.497208
0.480236
0.505473
0.476847
0.436401
0.663487
0.479243
0.461049
0.681591
0.578381
0.382661
0.530102
0.565097
0.549288
0.393818
0.642084
0.611238
0.519553
0.533921
0.50539
0.446584
0.456377
0.415062
0.645752
0.540714
0.447949
0.554446
0.626437
0.699381
0.464676
0.676945
0.493489
0.431929
0.456412
0.427866
0.517902
0.614865
0.657532
0.617784
0.506583
0.473445
0.47176
0.421347
0.553994
0.503145
0.608599
0.651897
0.506343
0.652916
0.443242
0.433805
0.510197
0.392061
0.571859
0.594383
0.517395
0.382648
0.434107
0.497249
0.518134
0.479306
0.574759
0.539027
0.474105
0.478287
0.516314
0.531249
0.52355
0.537679
0.514475
0.489334
0.330122
0.590627
0.568356
0.55053
0.347417
0.373457
0.557304
0.342678
0.471051
0.490552
0.57621
0.425687
0.550169
0.437892
0.541175
0.527586
0.530246
0.507091
0.537418
0.397032
0.499063
0.59184
0.481292
0.394145
0.407736
0.41861
0.468288
0.341557
0.43866
0.623504
0.678897
0.557528
0.492265
0.697121
0.514217
0.39303
0.464432
0.519314
0.533161
0.394652
0.386467
0.405718
0.463153
0.515213
0.699497
0.38792
0.656196
0.393957
0.535162
0.549142
0.46216
0.428202
0.474481
0.637322
0.591197
0.558314
0.656773
0.377462
0.437129
0.487897
0.410493
0.405115
0.633706
0.461051
0.477876
0.642892
0.5156
0.618594
0.505242
0.441862
0.256004
0.455111
0.570868
0.409722
0.652721
0.498704
0.622265
0.5476
0.534619
0.335331
0.594767
0.417387
0.460315
0.399593
0.383287
0.661454
0.480973
0.35385
0.539127
0.596644
0.33909
0.477552
0.563705
0.304396
0.475142
0.488637
0.471088
0.638893
0.613965
0.418891
0.491195
0.675109
0.402749
0.465143
0.685547
0.518607
0.672519
0.438154
0.547447
0.298996
0.494975
0.63109
0.658453
0.268896
0.406571
0.42946
0.573024
0.530298
0.571702
0.484367
0.403224
0.410193
0.556881
0.570979
0.675341
0.507342
0.487775
0.554068
0.430303
0.532066
0.460977
0.382515
0.539778
0.360921
0.382393
0.434638
0.509816
0.428153
0.404108
0.53623
0.343913
0.375786
0.531624
0.573166
0.437379
0.384229
0.573322
0.520484
0.474877
0.405276
0.404044
0.409778
0.603012
0.519381
0.414663
0.456806
0.349841
0.539063
0.519503
0.371175
0.563188
0.480335
0.593506
0.569981
0.439623
0.324027
0.41101
0.417283
0.516003
0.588878
0.658004
0.411274
0.595422
0.338258
0.489754
0.44104
0.579472
0.542428
0.605664
0.434769
0.378673
0.518174
0.613241
0.521294
0.57295
0.567719
0.553055
0.326837
0.494038
0.538776
0.456556
0.428838
0.401679
0.427613
0.608628
0.388732
0.525504
0.447019
0.686757
0.285563
0.744454
0.581032
0.448676
0.572303
0.375628
0.348311
0.540386
0.276741
0.444427
0.396025
0.496402
0.368842
0.507884
0.446137
0.504113
0.516426
0.503021
0.315953
0.40413
0.551051
0.592155
0.434812
0.498494
0.465987
0.57698
0.578799
0.538625
0.468132
0.453338
0.645347
0.364869
0.705765
0.378535
0.489606
0.469551
0.394005
0.423077
0.444456
0.555369
0.359848
0.378707
0.646037
0.461043
0.428656
0.494621
0.386674
0.326061
0.573982
0.613722
0.317064
0.566415
0.352598
0.480811
0.519612
0.733208
0.346599
0.394561
0.574778
0.62598
0.534468
0.375183
0.642324
0.432663
0.412969
0.619626
0.379324
0.568008
0.591743
0.516207
0.516814
0.682383
0.582487
0.49054
0.516967
0.412802
0.504585
0.45464
0.632652
0.448066
0.429072
0.531069
0.491272
0.479895
0.582803
0.524014
0.524728
0.511916
0.5347
0.509161
0.367421
0.498386
0.585955
0.414241
0.544127
0.684535
0.586061
0.662126
0.56965
0.420386
0.496555
0.448349
0.482121
0.319938
0.524335
0.524925
0.531804
0.437595
0.446428
0.462339
0.547302
0.533689
0.448101
0.361593
0.50103
0.401008
0.496166
0.488167
0.395826
0.524168
0.569366
0.399787
0.394587
0.543738
0.567726
0.439857
0.514788
0.396961
0.52272
0.468453
0.40978
0.406973
0.430152
0.402728
0.55872
0.392374
0.527616
0.638625
0.387024
0.469046
0.73841
0.525758
0.639215
0.516072
0.603777
0.467346
0.226031
0.477646
0.425358
0.517066
0.267681
0.572845
0.339722
0.44471
0.455118
0.485137
0.546844
0.442516
0.551206
0.503497
0.514428
0.44404
0.453649
0.487015
0.579918
0.527459
0.541567
0.424861
0.472105
0.575174
0.52759
0.563485
0.574176
0.461581
0.437344
0.372936
0.350102
0.540896
0.438201
0.624159
0.556227
0.506897
0.439178
0.449157
0.459939
0.396475
0.483846
0.555889
0.687292
0.50885
0.45814
0.56978
0.521463
0.612339
0.534927
0.473715
0.473912
0.510551
0.57723
0.518398
0.450123
0.439871
0.62195
0.474944
0.531797
0.670134
0.666003
0.601582
0.497381
0.480328
0.476706
0.496351
0.502794
0.681241
0.448317
0.407644
0.544241
0.256888
0.426588
0.374506
0.324977
0.496629
0.623208
0.668526
0.647902
0.589821
0.642023
0.609228
0.455865
0.454905
0.438887
0.524817
0.541541
0.674785
0.737039
0.530162
0.348769
0.510384
0.519866
0.593892
0.487216
0.464246
0.522944
0.566478
0.482252
0.66607
0.447207
0.541176
0.581897
0.452026
0.515145
0.319702
0.54273
0.409768
0.491892
0.354531
0.416624
0.360972
0.493079
0.439665
0.660185
0.553316
0.40133
0.621777
0.388781
0.53375
0.513278
0.503583
0.597008
0.374942
0.338972
0.511328
0.667508
0.426771
0.475553
0.598257
0.489969
0.564749
0.577068
0.355953
0.612228
0.407234
0.642308
0.405401
0.545308
0.673324
0.442535
0.539672
0.344302
0.653296
0.410974
0.490093
0.586951
0.463469
0.615958
0.38777
0.47181
0.457369
0.439574
0.492356
0.457859
0.565062
0.483718
0.55993
0.367457
0.632541
0.325405
0.521855
0.374488
0.633037
0.443233
0.446506
0.399601
0.422123
0.536852
0.655727
0.434388
0.508497
0.461338
0.467907
0.716412
0.412316
0.498326
0.439533
0.476918
0.382945
0.485786
0.477114
0.483147
0.548012
0.528323
0.391334
0.497086
0.565639
0.309862
0.465321
0.372561
0.451712
0.33061
0.508896
0.512525
0.354084
0.390144
0.570695
0.408434
0.445571
0.43854
0.380013
0.383575
0.40763
0.51737
0.69027
0.462226
0.476572
0.612486
0.695961
0.486512
0.424214
0.240436
0.494961
0.702857
0.544818
0.690402
0.568078
0.43988
0.520213
0.543527
0.247702
0.499618
0.534958
0.391512
0.54746
0.583968
0.413432
0.476358
0.424711
0.478192
0.550726
0.473119
0.347794
0.513395
0.409206
0.437554
0.43988
0.629816
0.452621
0.440543
0.471309
0.562835
0.58964
0.511145
0.572292
0.473558
0.598692
0.41018
0.537849
0.545854
0.705965
0.456194
0.596855
0.371725
0.488469
0.425695
0.517079
0.446881
0.574017
0.44954
0.418074
0.398391
0.710003
0.527325
0.463813
0.566298
0.472854
0.381679
0.606933
0.361053
0.490037
0.574321
0.356463
0.518663
0.546482
0.405759
0.540916
0.575412
0.447307
0.620509
0.438618
0.484046
0.608717
0.539705
0.347143
0.593277
0.348955
0.542976
0.463745
0.512501
0.451168
0.621467
0.548636
0.583595
0.470082
0.423878
0.543017
0.58166
0.454343
0.417394
0.513707
0.466608
0.456415
0.485383
0.596266
0.407445
0.401888
0.383737
0.508476
0.501134
0.490103
0.477729
0.406059
0.507917
0.297937
0.481266
0.452507
0.424967
0.358642
0.520409
0.374899
0.520241
0.587605
0.443027
0.477576
0.648415
0.426913
0.496485
0.385556
0.570777
0.680587
0.495209
0.589557
0.500948
0.712362
0.400026
0.564513
0.398303
0.3779
0.531146
0.433441
0.330983
0.46329
0.536664
0.448551
0.530352
0.501734
0.538444
0.561469
0.458789
0.440273
0.477285
0.454443
0.512683
0.628441
0.479222
0.404406
0.482513
0.300714
0.664841
0.351787
0.391873
0.42464
0.623496
0.545922
0.33734
0.386509
0.374284
0.238957
0.551035
0.386452
0.53567
0.400112
0.607773
0.614842
0.525626
0.622178
0.498661
0.581858
0.714164
0.492132
0.493034
0.372111
0.550132
0.49773
0.510588
0.396182
0.484162
0.541967
0.425599
0.510969
0.609626
0.637274
0.625093
0.5807
0.743488
0.451319
0.642851
0.650498
0.368927
0.376305
0.491112
0.604373
0.461599
0.393621
0.711861
0.479503
0.421415
0.505731
0.469576
0.508705
0.331716
0.607177
0.507293
0.562934
0.467714
0.56657
0.587887
0.365727
0.476071
0.39143
0.442432
0.551431
0.547505
0.647781
0.347507
0.539107
0.604278
0.506344
0.553346
0.393994
0.324461
0.487218
0.484676
0.44838
0.424836
0.374928
0.436157
0.553785
0.424313
0.375702
0.484253
0.536309
0.50975
0.388868
0.437454
0.527039
0.626029
0.564226
0.646688
0.539366
0.512282
0.417295
0.59782
0.465117
0.506131
0.474283
0.508109
0.361345
0.537823
0.518676
0.648487
0.399677
0.436131
0.511315
0.513548
0.350088
0.567897
0.455825
0.461117
0.470965
0.633092
0.581293
0.443274
0.377352
0.637276
0.514046
0.450707
0.65924
0.163313
0.51042
0.392269
0.521785
0.56424
0.622395
0.53162
0.619318
0.599143
0.567955
0.402816
0.455038
0.53394
0.578071
0.426739
0.418245
0.728915
0.592165
0.550219
0.631001
0.434907
0.473933
0.529748
0.67609
0.42001
0.419407
0.581643
0.578153
0.548669
0.429134
0.520538
0.509869
0.635041
0.616326
0.508087
0.595057
0.592502
0.522889
0.433737
0.580587
0.601167
0.41518
0.44947
0.648956
0.615307
0.331368
0.380362
0.543413
0.632529
0.452298
0.532855
0.477515
0.446604
0.367703
0.322605
0.700974
0.505809
0.509655
0.443788
0.493679
0.39866
0.325134
0.501734
0.459775
0.48892
0.559572
0.530767
0.593652
0.421737
0.42327
0.619125
0.489746
0.522815
0.612544
0.562834
0.568007
0.412463
0.457483
0.470416
0.486914
0.356424
0.468195
0.740296
0.415922
0.575337
0.551416
0.532791
0.339197
0.534719
0.469351
0.55856
0.362536
0.337347
0.512629
0.605378
0.495325
0.439895
0.559245
0.325112
0.479431
0.415723
0.49136
0.502787
0.536886
0.585683
0.441842
0.329599
0.608246
0.53881
0.742415
0.501762
0.4535
0.56479
0.445294
0.667055
0.387404
0.520065
0.590185
0.540958
0.621109
0.449457
0.588515
0.414236
0.581972
0.585185
0.396782
0.473854
0.583404
0.445148
0.450883
0.559098
0.61665
0.652352
0.633309
0.674776
0.436365
0.597357
0.445069
0.483377
0.511869
0.565609
0.554241
0.498055
0.515938
0.65155
0.692987
0.49832
0.623035
0.58136
0.37495
0.490309
0.488827
0.566225
0.504872
0.533516
0.582881
0.507992
0.552336
0.655845
0.346414
0.579096
0.461483
0.678873
0.546952
0.498625
0.468598
0.475192
0.601808
0.526406
0.599429
0.479705
0.442214
0.396985
0.618119
0.576754
0.390015
0.615366
0.599622
0.484952
0.618784
0.636405
0.497483
0.561593
0.571233
0.449712
0.478852
0.348522
0.604797
0.491948
0.398614
0.281331
0.437274
0.508394
0.384494
0.583761
0.564379
0.485656
0.605041
0.469184
0.521107
0.277389
0.492329
0.571042
0.558761
0.444922
0.391287
0.424113
0.509534
0.434635
0.407501
0.418486
0.510512
0.613994
0.425386
0.548109
0.658981
0.488092
0.368591
0.475802
0.570898
0.518593
0.574517
0.436593
0.514422
0.666933
0.554821
0.501259
0.490361
0.583669
0.513777
0.521952
0.431423
0.465848
0.596382
0.381774
0.492135
0.504266
0.538063
0.370188
0.401315
0.54249
0.587882
0.606131
0.448971
0.369531
0.37709
0.430705
0.579488
0.568028
0.304928
0.591328
0.363002
0.539829
0.513531
0.63921
0.516812
0.530838
0.523825
0.562038
0.648723
0.477
0.60428
0.573742
0.594184
0.493313
0.444405
0.583208
0.519101
0.527726
0.304845
0.563831
0.560199
0.601802
0.615977
0.545771
0.474806
0.560034
0.496858
0.552778
0.571943
0.549667
0.566408
0.405494
0.596573
0.35292
0.618717
0.613058
0.338918
0.393473
0.53432
0.474943
0.540682
0.439097
0.399351
0.51485
0.470086
0.4223
0.504421
0.568575
0.437568
0.500869
0.495111
0.647695
0.524039
0.480176
0.445955
0.60096
0.493556
0.51913
0.429781
0.495274
0.562298
0.541643
0.454283
0.438118
0.395715
0.575489
0.637718
0.563315
0.505728
0.540438
0.495578
0.501991
0.519846
0.307518
0.610123
0.460622
0.494091
0.351311
0.554658
0.428033
0.541588
0.517127
0.44442
0.63323
0.448712
0.324956
0.685939
0.475931
0.550651
0.43206
0.696781
0.551686
0.338276
0.476076
0.467507
0.593444
0.368177
0.420523
0.537759
0.551456
0.547751
0.624568
0.458323
0.433375
0.467219
0.558934
0.611056
0.52645
0.350431
0.489834
0.45855
0.72366
0.496354
0.45279
0.495409
0.475685
0.583107
0.33822
0.373006
0.390587
0.406415
0.510672
0.46961
0.603058
0.424367
0.583574
0.577741
0.435138
0.480347
0.37137
0.480642
0.370254
0.476012
0.540935
0.489736
0.662462
0.366193
0.484125
0.314943
0.402779
0.547603
0.433345
0.639734
0.564459
0.513203
0.542012
0.572797
0.649111
0.244134
0.651783
0.44819
0.455505
0.311063
0.468431
0.545851
0.392981
0.556828
0.468229
0.604351
0.661291
0.432259
0.556737
0.397751
0.518784
0.557053
0.401848
0.548453
0.460791
0.277558
0.562985
0.347906
0.530098
0.593374
0.538305
0.457053
0.581359
0.624613
0.451806
0.558383
0.521352
0.49172
0.502198
0.431479
0.546939
0.579704
0.395408
0.423916
0.502597
0.558682
0.582621
0.589407
0.679416
0.432589
0.525694
0.365049
0.377415
0.387934
0.411851
0.459564
0.453077
0.614491
0.639516
0.524398
0.473949
0.469776
0.397161
0.579556
0.502209
0.359207
0.55705
0.566045
0.429057
0.503808
0.505751
0.496815
0.681814
0.567338
0.433289
0.478047
0.425596
0.414724
0.402815
0.372685
0.481451
0.573653
0.622673
0.47808
0.58282
0.671234
0.442726
0.489616
0.692206
0.517566
0.496835
0.422202
0.59992
0.408111
0.413347
0.361495
0.426785
0.416748
0.415478
0.516742
0.55267
0.55136
0.633467
0.547098
0.492728
0.54386
0.550369
0.433316
0.443214
0.446511
0.403364
0.466666
0.518758
0.606413
0.362466
0.526968
0.402968
0.590048
0.50849
0.621609
0.434241
0.529747
0.432169
0.557428
0.548649
0.463948
0.676284
0.51733
0.501785
0.543143
0.74269
0.513512
0.491435
0.373355
0.586107
0.48918
0.502957
0.469055
0.616555
0.440626
0.599241
0.587372
0.532305
0.431536
0.577122
0.515471
0.605227
0.571415
0.412126
0.38299
0.540396
0.629999
0.413415
0.471392
0.431854
0.459521
0.510823
0.492123
0.636377
0.696723
0.495832
0.405441
0.587144
0.316474
0.538394
0.45179
0.669168
0.508871
0.601446
0.667603
0.578367
0.55171
0.475012
0.557402
0.386165
0.450186
0.551754
0.494074
0.631471
0.515707
0.365862
0.519188
0.561935
0.555696
0.51714
0.31525
0.546341
0.446252
0.602177
0.32174
0.580021
0.559544
0.474472
0.466835
0.405163
0.517827
0.455389
0.38668
0.567882
0.545933
0.317818
0.404074
0.533934
0.49413
0.464411
0.538464
0.384953
0.403211
0.622286
0.419108
0.517075
0.483707
0.576042
0.573293
0.663833
0.581068
0.360997
0.561465
0.565189
0.498724
0.538496
0.731169
0.404594
0.550865
0.475176
0.561659
0.535928
0.41685
0.648061
0.571056
0.32222
0.469086
0.397365
0.557932
0.407997
0.546278
0.548874
0.449186
0.447167
0.543914
0.427775
0.526106
0.508277
0.493859
0.38583
0.500469
0.579052
0.404936
0.563744
0.712571
0.492071
0.33637
0.610613
0.22305
0.493461
0.475966
0.582336
0.47039
0.576482
0.594902
0.340848
0.365969
0.501886
0.651002
0.576059
0.598533
0.52691
0.412378
0.472382
0.519967
0.564791
0.4733
0.641703
0.58424
0.496676
0.534187
0.344691
0.511401
0.457793
0.417574
0.52231
0.648496
0.519771
0.491952
0.25941
0.599289
0.490975
0.475331
0.502273
0.494647
0.456731
0.290422
0.451988
0.375485
0.581325
0.543312
0.55554
0.460128
0.493636
0.597482
0.516466
0.467973
0.678295
0.61508
0.546973
0.371326
0.494232
0.537294
0.283386
0.647288
0.542489
0.575716
0.486801
0.601561
0.705182
0.486565
0.450818
0.63606
0.577473
0.499646
0.538225
0.532192
0.51444
0.47393
0.368519
0.421689
0.414713
0.651598
0.478126
0.416857
0.36275
0.382473
0.475208
0.472136
0.351635
0.590671
0.510914
0.548823
0.408267
0.455366
0.388976
0.554849
0.442813
0.477547
0.635495
0.531478
0.544311
0.604629
0.450816
0.658805
0.344281
0.484809
0.56536
0.451931
0.470238
0.523023
0.621275
0.319682
0.510966
0.610399
0.601806
0.457754
0.615438
0.599065
0.530235
0.648156
0.447254
0.594195
0.36028
0.436832
0.516464
0.535167
0.479823
0.561321
0.410673
0.537708
0.349843
0.400353
0.347275
0.568899
0.400433
0.417234
0.468709
0.426916
0.605766
0.468911
0.502612
0.497382
0.559891
0.552586
0.508735
0.65821
0.475245
0.561747
0.6345
0.4048
0.525727
0.523503
0.40108
0.367477
0.556246
0.389096
0.541868
0.59304
0.280584
0.449457
0.415214
0.662297
0.189472
0.347683
0.513302
0.315458
0.590747
0.460322
0.489053
0.557272
0.603457
0.319322
0.622913
0.513767
0.427801
0.546538
0.551407
0.31248
0.51278
0.572654
0.579343
0.458052
0.54341
0.61241
0.39753
0.47505
0.469412
0.468002
0.527885
0.489911
0.597217
0.432529
0.417815
0.523865
0.567182
0.465361
0.405732
0.468719
0.437883
0.411315
0.579599
0.417387
0.399369
0.535496
0.450353
0.421016
0.337237
0.645692
0.462107
0.644613
0.569422
0.574187
0.460989
0.593024
0.477559
0.390882
0.544505
0.479151
0.554801
0.419579
0.513282
0.506284
0.491979
0.429324
0.447093
0.536418
0.423945
0.572667
0.427017
0.616425
0.458016
0.442724
0.525615
0.533974
0.606364
0.520909
0.287004
0.375049
0.54423
0.487221
0.418694
0.454968
0.415859
0.564952
0.61707
0.494748
0.509998
0.471689
0.448392
0.51472
0.626863
0.648497
0.407187
0.417243
0.458425
0.43915
0.573903
0.430418
0.603909
0.49128
0.49372
0.48465
0.342371
0.351329
0.498359
0.693952
0.484225
0.525177
0.592801
0.513866
0.523609
0.476316
0.528764
0.447859
0.513448
0.533444
0.486828
0.474089
0.385101
0.679369
0.489067
0.464405
0.434467
0.493071
0.56409
0.467454
0.396409
0.416831
0.486334
0.627783
0.629397
0.520266
0.611513
0.612796
0.43222
0.433177
0.430071
0.419447
0.414662
0.419062
0.760538
0.532547
0.444003
0.661184
0.404652
0.506556
0.489222
0.533055
0.486118
0.34274
0.384791
0.425229
0.494889
0.433557
0.63591
0.500258
0.558842
0.64616
0.587085
0.547708
0.664712
0.416884
0.375901
0.511087
0.350182
0.528598
0.493884
0.458582
0.488981
0.442787
0.476307
0.569466
0.590874
0.55825
0.442839
0.40805
0.338426
0.468284
0.51089
0.557065
0.482407
0.588225
0.503537
0.582341
0.417707
0.525234
0.573911
0.500656
0.561655
0.562187
0.467904
0.522639
0.556598
0.527548
0.347093
0.542596
0.418625
0.42312
0.493733
0.447127
0.354304
0.381508
0.219715
0.414434
0.567325
0.425217
0.601344
0.276157
0.576891
0.499221
0.361831
0.61365
0.36977
0.448897
0.32336
0.560548
0.507852
0.515199
0.450612
0.583507
0.313104
0.518939
0.507617
0.413003
0.551793
0.506058
0.549813
0.596039
0.539847
0.525754
0.273188
0.642663
0.491242
0.613348
0.442367
0.638155
0.431271
0.549767
0.419543
0.592767
0.496589
0.569503
0.616101
0.600877
0.643898
0.48894
0.488829
0.581457
0.589146
0.426917
0.602581
0.471696
0.499124
0.689402
0.681273
0.445693
0.45733
0.49015
0.569079
0.530056
0.42597
0.579224
0.323714
0.288305
0.425983
0.451253
0.463666
0.545959
0.556954
0.6053
0.591259
0.428156
0.378799
0.428219
0.613427
0.581707
0.477089
0.373367
0.582059
0.553444
0.433893
0.306561
0.575808
0.59675
0.426011
0.491141
0.545221
0.478122
0.472481
0.484017
0.343082
0.455676
0.553223
0.514585
0.461831
0.40144
0.5207
0.518372
0.49994
0.639319
0.626475
0.497297
0.679116
0.470621
0.484534
0.478414
0.534212
0.55899
0.493255
0.543023
0.397719
0.446655
0.437885
0.498009
0.500708
0.673836
0.495422
0.461301
0.412107
0.573217
0.663754
0.333306
0.538184
0.511325
0.536949
0.52622
0.404103
0.448719
0.548554
0.52306
0.43944
0.390851
0.404797
0.538316
0.489535
0.601475
0.529546
0.752088
0.474532
0.550474
0.542919
0.589581
0.518022
0.567999
0.495403
0.417843
0.367118
0.576769
0.579377
0.331606
0.625879
0.574427
0.439893
0.40012
0.423925
0.437818
0.406599
0.546844
0.442144
0.621063
0.368692
0.433877
0.517342
0.619314
0.614746
0.623
0.547736
0.570048
0.659322
0.385196
0.421138
0.363794
0.378213
0.430546
0.687733
0.236156
0.57421
0.530351
0.499302
0.513002
0.395257
0.403363
0.43678
0.480717
0.426877
0.338015
0.448017
0.453365
0.58074
0.622499
0.517618
0.60866
0.501247
0.554589
0.490745
0.464607
0.412007
0.503067
0.472738
0.468689
0.624085
0.592648
0.526452
0.671483
0.527884
0.384252
0.389164
0.456572
0.490558
0.422524
0.530945
0.398632
0.480803
0.522456
0.576354
0.521567
0.442924
0.567005
0.411344
0.528566
0.442046
0.487561
0.397237
0.475965
0.502338
0.399164
0.613671
0.562776
0.560128
0.562318
0.452361
0.407765
0.453794
0.443309
0.583572
0.485962
0.472288
0.544862
0.617177
0.596462
0.584185
0.379061
0.480156
0.6334
0.469117
0.454352
0.432445
0.531979
0.573486
0.548557
0.442966
0.361417
0.412306
0.439734
0.447762
0.336701
0.639071
0.466778
0.512067
0.521004
0.505518
0.391635
0.518219
0.490657
0.433147
0.334999
0.401271
0.534547
0.518393
0.357372
0.654182
0.459807
0.493314
0.357364
0.524471
0.475688
0.563666
0.659095
0.624192
0.527468
0.446253
0.560594
0.575117
0.452304
0.627416
0.615052
0.611002
0.428859
0.364539
0.516812
0.458804
0.492622
0.452447
0.663977
0.52073
0.588769
0.476575
0.569493
0.378992
0.434446
0.474778
0.292605
0.645138
0.462357
0.629655
0.362541
0.475845
0.617519
0.313273
0.466311
0.577036
0.679072
0.60615
0.372494
0.718204
0.679006
0.612388
0.462879
0.478817
0.589695
0.392819
0.443852
0.448677
0.5521
0.538046
0.509385
0.404108
0.416517
0.603248
0.427522
0.481855
0.467759
0.726633
0.422215
0.372553
0.606628
0.453406
0.422405
0.65566
0.359563
0.487127
0.350207
0.297716
0.488341
0.39034
0.52009
0.435808
0.371695
0.556343
0.52091
0.368113
0.530737
0.473977
0.452686
0.573402
0.470053
0.507307
0.48998
0.481366
0.50634
0.612069
0.443771
0.515653
0.55648
0.61076
0.493688
0.431485
0.356905
0.548249
0.362474
0.469722
0.686129
0.549776
0.404567
0.34927
0.562345
0.40322
0.580669
0.519683
0.587935
0.487512
0.390169
0.395847
0.612777
0.469063
0.533311
0.696623
0.688236
0.588086
0.574962
0.609316
0.48369
0.456682
0.581882
0.601854
0.437495
0.490573
0.405338
0.704538
0.714239
0.496354
0.58097
0.383259
0.540169
0.536129
0.417757
0.526035
0.288673
0.391424
0.447975
0.564759
0.387684
0.54824
0.510012
0.454024
0.520877
0.425116
0.535927
0.428905
0.594548
0.466097
0.615613
0.36357
0.342038
0.620462
0.509448
0.552596
0.537581
0.331096
0.38131
0.536867
0.491451
0.653375
0.323823
0.495924
0.598279
0.426457
0.647725
0.628645
0.61043
0.518825
0.407205
0.544137
0.508291
0.469982
0.433122
0.584697
0.639363
0.350157
0.54594
0.502738
0.398031
0.359917
0.320293
0.413537
0.617875
0.391526
0.473022
0.445695
0.54841
0.473964
0.546577
0.611177
0.588127
0.523455
0.359665
0.516794
0.545697
0.521394
0.496994
0.439036
0.401239
0.441529
0.510014
0.484095
0.339498
0.448303
0.600514
0.35497
0.426833
0.488199
0.358961
0.547535
0.603869
0.595984
0.529444
0.497425
0.565706
0.537722
0.473108
0.599639
0.701545
0.512425
0.501946
0.522717
0.465622
0.434223
0.354835
0.539368
0.451303
0.416932
0.287672
0.19544
0.540239
0.38288
0.349508
0.439082
0.498441
0.517883
0.316533
0.431994
0.69115
0.594237
0.455806
0.464634
0.588389
0.483598
0.490587
0.497243
0.433055
0.581638
0.439167
0.448591
0.443442
0.466336
0.399051
0.65429
0.522059
0.511792
0.548375
0.416573
0.64262
0.379427
0.536445
0.567389
0.587089
0.608458
0.435252
0.566722
0.604646
0.627511
0.523855
0.45797
0.364445
0.509253
0.577494
0.502296
0.57406
0.389919
0.633322
0.413797
0.535465
0.575597
0.404616
0.517385
0.710451
0.45717
0.415356
0.451246
0.567327
0.555764
0.427034
0.535754
0.480813
0.520595
0.429578
0.530714
0.556965
0.601078
0.568264
0.502813
0.455033
0.415086
0.378484
0.525146
0.478116
0.535218
0.600253
0.530706
0.404493
0.514969
0.544331
0.541691
0.431495
0.576657
0.481825
0.296531
0.40381
0.483005
0.529158
0.296483
0.598084
0.614226
0.500266
0.493685
0.435691
0.272513
0.29792
0.442545
0.295559
0.535794
0.416018
0.436326
0.598915
0.58262
0.324755
0.450821
0.537831
0.410086
0.510513
0.316972
0.419444
0.366631
0.542376
0.54433
0.497721
0.521616
0.537121
0.417214
0.564656
0.393535
0.59458
0.585448
0.672755
0.358751
0.275229
0.471561
0.460704
0.462622
0.391894
0.516309
0.654082
0.454893
0.587442
0.484408
0.412996
0.471236
0.470334
0.652341
0.398522
0.582798
0.479911
0.700128
0.529808
0.435651
0.553297
0.628917
0.603739
0.602004
0.465785
0.42629
0.649014
0.465063
0.416579
0.301137
0.486533
0.559399
0.431787
0.410001
0.467946
0.38872
0.456509
0.396734
0.464262
0.542903
0.507919
0.467376
0.476376
0.53617
0.661215
0.522102
0.439391
0.688284
0.540287
0.366129
0.492627
0.570634
0.485017
0.421453
0.487159
0.539091
0.367052
0.46129
0.302803
0.375504
0.325939
0.489097
0.546377
0.559716
0.497509
0.58405
0.603152
0.49397
0.50635
0.534847
0.513346
0.501584
0.394289
0.483726
0.445543
0.421767
0.356724
0.502549
0.438908
0.722457
0.558688
0.522857
0.38608
0.453048
0.502537
0.441739
0.528613
0.45888
0.519113
0.42542
0.436835
0.379385
0.554277
0.43242
0.546015
0.551736
0.422668
0.478173
0.6207
0.441895
0.600584
0.462972
0.419096
0.624933
0.529846
0.485122
0.52938
0.536483
0.404516
0.361176
0.549808
0.517218
0.512365
0.475115
0.684495
0.57222
0.502938
0.378374
0.426746
0.367114
0.654117
0.662559
0.601813
0.482844
0.509036
0.526751
0.540944
0.450976
0.555243
0.461263
0.558613
0.591379
0.417958
0.569732
0.504794
0.374185
0.539337
0.351407
0.364164
0.527887
0.515578
0.565523
0.374096
0.515455
0.363775
0.499631
0.433337
0.500343
0.390383
0.363757
0.473224
0.424268
0.533163
0.432259
0.463335
0.61863
0.348494
0.355279
0.523425
0.571442
0.515918
0.561634
0.413552
0.371668
0.531799
0.475051
0.574239
0.352811
0.463968
0.565594
0.588562
0.55766
0.639223
0.458182
0.338044
0.446039
0.435579
0.320057
0.624217
0.467465
0.451113
0.449083
0.62773
0.520558
0.621309
0.384746
0.476889
0.421102
0.356755
0.363745
0.59749
0.600626
0.473083
0.542025
0.515826
0.557368
0.485014
0.405149
0.586746
0.381518
0.536397
0.488872
0.518634
0.576591
0.338099
0.431794
0.267191
0.498832
0.585643
0.581969
0.469886
0.536502
0.52845
0.479349
0.392962
0.350932
0.462565
0.435921
0.462857
0.401234
0.318755
0.535439
0.453936
0.674505
0.517831
0.574599
0.504381
0.443449
0.365089
0.367548
0.532148
0.373248
0.455738
0.535604
0.322833
0.399584
0.46318
0.404046
0.561343
0.499679
0.48204
0.527866
0.479241
0.478225
0.397796
0.56835
0.489639
0.590078
0.354899
0.442359
0.681515
0.521607
0.595259
0.5662
0.445329
0.552544
0.538961
0.415941
0.50181
0.52024
0.479092
0.426065
0.505799
0.508181
0.46256
0.548325
0.497006
0.380652
0.528773
0.492676
0.369576
0.385413
0.578046
0.372172
0.432318
0.54627
0.541632
0.573679
0.331496
0.667418
0.425232
0.476307
0.608029
0.671417
0.597865
0.439412
0.461002
0.492692
0.597978
0.282062
0.589346
0.64843
0.528669
0.375819
0.483566
0.608733
0.613889
0.572745
0.739391
0.28792
0.387513
0.490471
0.465231
0.578851
0.387143
0.476233
0.555298
0.552136
0.624522
0.571728
0.600285
0.542111
0.504442
0.600686
0.607458
0.341468
0.463997
0.501014
0.502057
0.626388
0.404092
0.623396
0.281867
0.534075
0.585048
0.518227
0.596836
0.514556
0.358203
0.332748
0.525618
0.578625
0.505366
0.540266
0.420918
0.5638
0.458017
0.62332
0.395504
0.440178
0.368108
0.632688
0.520777
0.678052
0.602359
0.544093
0.509754
0.499179
0.531911
0.634488
0.456361
0.633553
0.589216
0.4998
0.60289
0.703585
0.564037
0.736003
0.407512
0.457538
0.410437
0.605392
0.583711
0.574114
0.536629
0.209944
0.483514
0.66005
0.549561
0.493628
0.396401
0.462616
0.526111
0.49555
0.535759
0.418873
0.482772
0.675797
0.584763
0.463577
0.515695
0.535869
0.57355
0.417598
0.58297
0.555558
0.359577
0.578737
0.501021
0.468163
0.483017
0.436805
0.526979
0.595908
0.469085
0.634846
0.598927
0.567439
0.449163
0.498379
0.405872
0.539276
0.472596
0.554532
0.359334
0.543101
0.481037
0.562942
0.338421
0.480741
0.717221
0.480302
0.480262
0.388738
0.540029
0.480418
0.387679
0.494373
0.517734
0.651668
0.525969
0.585019
0.57129
0.593718
0.480676
0.612701
0.439551
0.435392
0.548217
0.455731
0.538279
0.395551
0.531252
0.559307
0.58484
0.608867
0.51066
0.376931
0.460435
0.638364
0.466005
0.334543
0.581759
0.596605
0.316361
0.439227
0.553968
0.397396
0.553372
0.554376
0.476805
0.459873
0.438429
0.663184
0.575787
0.486874
0.635826
0.34235
0.330307
0.439434
0.353784
0.367852
0.570541
0.629317
0.465208
0.474685
0.515027
0.551424
0.380051
0.592424
0.520791
0.377977
0.641176
0.478493
0.617899
0.436349
0.515567
0.471015
0.500306
0.592399
0.452784
0.483118
0.444882
0.561214
0.482527
0.460568
0.430484
0.467106
0.623184
0.624608
0.628949
0.374764
0.573246
0.321881
0.539897
0.513413
0.457452
0.403302
0.441192
0.415868
0.499549
0.553767
0.426966
0.594361
0.39354
0.494557
0.705056
0.475007
0.445286
0.480332
0.325749
0.612783
0.456355
0.412579
0.613695
0.508908
0.521971
0.591381
0.274871
0.552485
0.51496
0.427401
0.650463
0.508287
0.527548
0.535945
0.589562
0.572561
0.542902
0.534972
0.412513
0.418724
0.508278
0.468943
0.536833
0.454828
0.48166
0.480372
0.637537
0.314664
0.523756
0.650954
0.513771
0.504389
0.40723
0.534157
0.43362
0.526539
0.51505
0.401131
0.628958
0.503318
0.49982
0.321831
0.412228
0.621018
0.475967
0.503223
0.487018
0.417472
0.51668
0.406432
0.524311
0.334381
0.52744
0.464735
0.576288
0.556428
0.468054
0.424251
0.399543
0.559017
0.495042
0.429209
0.359614
0.586544
0.496259
0.373679
0.388673
0.48305
0.489631
0.541626
0.568273
0.497146
0.457882
0.357172
0.609014
0.583085
0.49111
0.566939
0.499015
0.41984
0.609113
0.576343
0.49305
0.570087
0.635317
0.561725
0.51424
0.600946
0.594194
0.38018
0.540167
0.488373
0.504041
0.598971
0.445287
0.427062
0.536996
0.566392
0.671514
0.567744
0.418162
0.445972
0.39886
0.603751
0.335722
0.535872
0.587987
0.628726
0.433913
0.395368
0.466572
0.587348
0.560735
0.500291
0.531335
0.540951
0.542273
0.449294
0.537618
0.369905
0.755508
0.442821
0.548393
0.534652
0.57148
0.456664
0.514565
0.517243
0.440702
0.531969
0.458445
0.465287
0.59267
0.503574
0.532281
0.560145
0.421371
0.388552
0.423702
0.33129
0.428643
0.556833
0.379974
0.438665
0.497283
0.605786
0.522914
0.344945
0.465752
0.56062
0.426368
0.599564
0.576378
0.422505
0.628101
0.556382
0.568916
0.486261
0.447994
0.346874
0.491343
0.349505
0.584412
0.530706
0.599765
0.635135
0.560616
0.545582
0.419313
0.449008
0.49311
0.478239
0.537897
0.494708
0.453774
0.478444
0.404699
0.66726
0.59768
0.537902
0.505275
0.547683
0.428454
0.555917
0.385142
0.520242
0.573059
0.613708
0.493735
0.534284
0.537885
0.479227
0.620588
0.432521
0.518
0.364389
0.495633
0.467659
0.631463
0.55655
0.525488
0.529211
0.550551
0.546144
0.437601
0.502412
0.501792
0.572326
0.504132
0.38107
0.306665
0.608514
0.417445
0.556258
0.534856
0.509696
0.389094
0.502713
0.441933
0.64338
0.644154
0.484803
0.663318
0.426062
0.582812
0.403961
0.236442
0.487086
0.681043
0.609446
0.522937
0.481773
0.402293
0.494304
0.602761
0.67569
0.592013
0.498417
0.612116
0.52194
0.526934
0.340497
0.497046
0.453339
0.490948
0.400923
0.354574
0.511369
0.74948
0.377273
0.333276
0.433764
0.694222
0.534437
0.365139
0.322623
0.630097
0.371192
0.400608
0.514907
0.476343
0.525097
0.31867
0.577211
0.553577
0.637604
0.583865
0.446672
0.52872
0.401239
0.522103
0.539898
0.589664
0.710745
0.487142
0.451791
0.421544
0.540052
0.489625
0.466138
0.556504
0.666951
0.460537
0.599835
0.468813
0.767356
0.520963
0.602643
0.487228
0.401005
0.530014
0.334326
0.296463
0.610512
0.582812
0.541063
0.599646
0.555602
0.530385
0.552995
0.513638
0.404448
0.493375
0.4248
0.569083
0.603943
0.541414
0.44115
0.487079
0.550817
0.610041
0.408945
0.404324
0.485451
0.427058
0.55818
0.518636
0.330275
0.520172
0.373339
0.626694
0.494617
0.477819
0.477175
0.425909
0.467887
0.53503
0.48876
0.452261
0.522964
0.55623
0.477677
0.626015
0.451659
0.586824
0.336232
0.577162
0.554143
0.445466
0.491554
0.522475
0.504192
0.428874
0.579466
0.566054
0.312149
0.401071
0.601998
0.495227
0.60746
0.438915
0.490417
0.343693
0.462665
0.605821
0.49565
0.493771
0.48072
0.425512
0.527973
0.489638
0.567527
0.527708
0.467848
0.533429
0.611538
0.537608
0.469768
0.636072
0.492321
0.581045
0.581004
0.494736
0.439948
0.477195
0.397114
0.56876
0.367097
0.490702
0.576097
0.525955
0.495727
0.515111
0.433066
0.631125
0.300213
0.659464
0.437306
0.348717
0.588807
0.409958
0.533609
0.431446
0.545305
0.338514
0.509748
0.366786
0.452799
0.630152
0.631966
0.453192
0.521377
0.40104
0.370361
0.577945
0.541654
0.379088
0.536038
0.468468
0.586018
0.518971
0.551901
0.589016
0.579438
0.523443
0.578965
0.454595
0.461748
0.542834
0.520061
0.633996
0.463241
0.52459
0.422809
0.513813
0.615484
0.484738
0.503728
0.595324
0.519205
0.373151
0.415371
0.696106
0.691134
0.404482
0.778349
0.528266
0.61168
0.526659
0.500124
0.625154
0.395311
0.498788
0.502439
0.488438
0.505506
0.450364
0.479275
0.427415
0.43618
0.293658
0.507194
0.462437
0.381416
0.461146
0.629951
0.464319
0.615425
0.539864
0.439251
0.50161
0.504567
0.474565
0.373515
0.567601
0.67334
0.411547
0.556553
0.458944
0.546193
0.555029
0.597993
0.477754
0.687048
0.407956
0.477356
0.529079
0.458393
0.469094
0.533647
0.4856
0.421843
0.358308
0.482345
0.591448
0.702025
0.541881
0.581653
0.576999
0.435661
0.529765
0.569891
0.456542
0.527745
0.416623
0.595915
0.380672
0.336666
0.53855
0.364418
0.515301
0.51016
0.417338
0.518004
0.519154
0.593975
0.464173
0.377907
0.691625
0.435107
0.514621
0.465217
0.562872
0.601497
0.566795
0.424516
0.398018
0.440057
0.694569
0.471763
0.587346
0.5949
0.50771
0.488335
0.594348
0.40765
0.530823
0.583077
0.533517
0.521708
0.472952
0.444251
0.549742
0.412346
0.559743
0.603252
0.571199
0.364512
0.600027
0.631958
0.507596
0.620208
0.5587
0.395608
0.365656
0.317322
0.407777
0.38307
0.453716
0.541803
0.6275
0.536371
0.447305
0.515025
0.429359
0.501378
0.587586
0.538239
0.472927
0.421489
0.484539
0.415984
0.548353
0.596222
0.596751
0.580315
0.496417
0.426567
0.459688
0.437754
0.437999
0.468987
0.534338
0.460803
0.484853
0.519928
0.548085
0.545925
0.203551
0.55273
0.499692
0.459851
0.504482
0.4288
0.600277
0.59609
0.527764
0.50493
0.622143
0.56352
0.397967
0.55863
0.527349
0.628937
0.6195
0.353359
0.347892
0.435431
0.584554
0.465516
0.489373
0.518466
0.465464
0.395082
0.43003
0.441549
0.56337
0.481772
0.386993
0.573336
0.485059
0.548583
0.521674
0.62809
0.519842
0.594611
0.456119
0.391326
0.488371
0.55901
0.472237
0.552548
0.435242
0.577963
0.465758
0.466934
0.53728
0.456554
0.426808
0.467854
0.699364
0.477404
0.518965
0.452092
0.509688
0.567945
0.528678
0.559651
0.526311
0.448221
0.456924
0.470008
0.366883
0.481074
0.424972
0.336704
0.573423
0.446601
0.466142
0.582135
0.524017
0.662749
0.575416
0.574428
0.363319
0.473936
0.388786
0.308265
0.423721
0.42956
0.464225
0.611545
0.509072
0.574268
0.436127
0.499745
0.51283
0.471885
0.515123
0.599862
0.442499
0.484843
0.505122
0.465818
0.522249
0.531013
0.409475
0.407178
0.445586
0.539801
0.598113
0.553095
0.549934
0.529388
0.307558
0.473314
0.385033
0.626987
0.445658
0.478145
0.546996
0.55399
0.372946
0.619265
0.449925
0.497888
0.532478
0.513214
0.506942
0.692828
0.70003
0.609487
0.592528
0.530693
0.52654
0.425067
0.458028
0.524568
0.444651
0.467298
0.572209
0.546482
0.411253
0.466956
0.558743
0.361282
0.457871
0.443407
0.502483
0.778536
0.620802
0.423712
0.596421
0.344319
0.222857
0.537571
0.401184
0.494773
0.378592
0.509964
0.588969
0.393306
0.5949
0.473377
0.543759
0.47331
0.438834
0.521482
0.589729
0.408271
0.644552
0.526145
0.41969
0.43115
0.631239
0.539644
0.395461
0.524896
0.503894
0.503959
0.492042
0.505993
0.408852
0.389027
0.557452
0.622884
0.41592
0.38182
0.36013
0.391174
0.498999
0.64813
0.595746
0.487465
0.587059
0.388932
0.425319
0.623721
0.457366
0.51321
0.516506
0.424014
0.642806
0.349101
0.359941
0.425546
0.525203
0.415256
0.432496
0.525805
0.686495
0.37427
0.479344
0.397752
0.589648
0.490077
0.686691
0.394884
0.561182
0.611169
0.517061
0.568075
0.447181
0.301522
0.379004
0.516062
0.614666
0.441102
0.403105
0.691439
0.470202
0.617824
0.496157
0.38405
0.467622
0.532847
0.545395
0.403648
0.57673
0.441065
0.544649
0.583698
0.384871
0.548688
0.514295
0.528195
0.303234
0.38977
0.486878
0.523375
0.349766
0.403572
0.530291
0.536198
0.38058
0.434626
0.480366
0.521466
0.44171
0.377385
0.45478
0.459464
0.413115
0.587321
0.520119
0.445994
0.416791
0.480361
0.284
0.656672
0.360864
0.442518
0.484113
0.407373
0.591552
0.671612
0.546067
0.532689
0.324859
0.672942
0.381901
0.304281
0.629878
0.430782
0.601153
0.611001
0.635589
0.577599
0.606345
0.522655
0.433009
0.482827
0.444775
0.459281
0.644582
0.383121
0.588475
0.387822
0.632682
0.475922
0.514222
0.468068
0.419102
0.398235
0.555474
0.469741
0.587397
0.512488
0.5981
0.482587
0.539978
0.421347
0.591786
0.541381
0.581802
0.533353
0.448997
0.487678
0.402558
0.401273
0.303348
0.490222
0.429212
0.555026
0.599287
0.645862
0.520784
0.451069
0.484948
0.582871
0.477246
0.460106
0.380047
0.488525
0.534394
0.615008
0.590711
0.482822
0.416593
0.440811
0.5431
0.560231
0.41925
0.588669
0.507705
0.42132
0.492903
0.595635
0.586192
0.51616
0.500791
0.492154
0.332676
0.421367
0.521796
0.479125
0.481284
0.572665
0.370608
0.396432
0.451905
0.574841
0.40701
0.604789
0.405975
0.510964
0.506148
0.502807
0.524194
0.47275
0.461659
0.501126
0.578043
0.433946
0.59354
0.575511
0.666969
0.488602
0.532625
0.420779
0.493123
0.576112
0.553548
0.527421
0.545521
0.614904
0.528072
0.602818
0.5655
0.766636
0.470648
0.558901
0.465356
0.452791
0.648088
0.488146
0.472025
0.545546
0.425227
0.549772
0.467687
0.554769
0.518445
0.488024
0.499171
0.633045
0.328918
0.604403
0.528035
0.420592
0.527494
0.505733
0.393194
0.351939
0.463044
0.649929
0.457967
0.546259
0.566178
0.511348
0.413434
0.403204
0.520199
0.487594
0.409952
0.626143
0.371166
0.56965
0.388736
0.494668
0.448948
0.49722
0.585347
0.508235
0.371128
0.621149
0.676994
0.522828
0.501659
0.494797
0.445501
0.502517
0.336116
0.516245
0.327823
0.40778
0.485448
0.343204
0.525993
0.442468
0.530082
0.602506
0.648356
0.481288
0.516264
0.516049
0.353988
0.59968
0.466518
0.365072
0.47216
0.427962
0.476083
0.614638
0.468722
0.551614
0.467219
0.52019
0.63129
0.479579
0.573241
0.638069
0.345107
0.302467
0.424175
0.461862
0.531451
0.462511
0.305886
0.506447
0.320468
0.457177
0.464584
0.461631
0.430302
0.59829
0.528551
0.437229
0.524401
0.448546
0.418991
0.421485
0.618871
0.557298
0.521859
0.574691
0.611754
0.417484
0.692555
0.279887
0.506103
0.665571
0.465351
0.57252
0.598737
0.34639
0.439436
0.570928
0.506533
0.564743
0.513437
0.629534
0.402156
0.545647
0.540312
0.436612
