-0.27644
-0.684164
-6.0119
13.5502
0.843155
-0.185818
3.21337
-2.1444
1.6655
0.0140416
-2.08959
-1.25023
0.7402
-1.35041
-0.288929
0.785508
-0.52335
1.41379
-3.28083
-2.40651
-0.736162
0.234726
-4.45173
-0.184926
-0.582545
-0.300362
-0.243938
1.61341
0.0600783
0.136077
0.795398
-0.30936
-2.77056
-3.11287
0.329013
-1.87219
-0.65932
0.2014
-1.53937
-0.62237
-0.634047
0.74411
1.64902
-4.28555
-0.107604
0.219872
-0.362387
-1.58057
-6.22916
-0.069295
-3.18639
0.971401
0.251646
0.0120116
-1.56731
0.401309
1.19624
3.14423
-0.684819
0.288616
1.08794
1.45088
-1.94219
-0.0123657
0.393974
4.36554
20.0509
3.51844
2.64738
0.242198
-1.26035
-4.90796
-0.149235
2.7788
-0.816518
0.372756
0.249707
0.641568
0.274629
0.761065
2.48454
2.41591
-1.8908
7.84596
0.764917
-0.357483
-0.468628
-4.04023
6.11129
0.296528
-4.20634
-0.530285
0.3247
-1.1496
0.87574
2.16274
2.21177
0.778186
-3.93019
-1.38149
0.841692
-1.3059
-1.02945
-9.46963
-8.66717
0.139113
-0.692646
0.650535
0.044253
-0.79352
-2.06314
-0.288966
6.53979
0.813735
0.571351
0.514631
-1.16713
4.62413
-78.4117
8.95498
0.457609
0.241514
0.726881
-0.591514
-1.97471
-0.209942
1.12325
-1.57034
1.47944
1.4108
-0.414996
-0.462278
0.334112
-0.337005
0.928108
0.592298
1.19824
-0.495511
-0.974492
0.527218
-3.56138
0.189689
0.803468
-0.408535
4.26718
-1.09013
0.278145
1.73364
1.10629
3.78323
1.7293
-0.204168
0.949088
-17.8703
2.01366
-2.66205
4.87955
-1.12419
0.698115
-8.22846
7.0224
-1.70929
-0.331385
-2.65885
-0.688701
-0.471877
0.954346
1.31137
-0.116206
-0.624986
1.44242
1.87979
-0.0617779
-0.805318
-0.849068
1.02658
-6.09848
-4.01898
17.336
-0.931314
0.210439
0.617759
-0.719358
-0.177381
2.39923
-0.469045
2.80098
9.38342
0.249748
-0.0340589
-1.75489
0.116805
-7.78647
-50.0364
0.426243
2.5322
0.14378
8.09133
0.361792
0.131121
-4.94212
1.84878
0.742261
0.266863
0.458922
-1.15605
-0.285066
0.375503
-0.37905
0.22825
-0.629907
2.11441
0.287529
0.908396
-0.279734
-1.92854
0.775171
-2.64367
0.70389
2.7815
-21.2575
-0.840768
-0.889558
0.293934
0.389994
-53.4575
-13.4558
-3.09343
-0.63386
-3.04329
1.33575
8.42707
4.61407
-0.453239
-1.09736
0.354369
0.521996
-2.12382
-4.53296
0.070177
-1.54517
3.77101
-0.956323
0.227849
-0.525686
0.38038
-0.863458
-4.62141
-29.2073
2.31599
0.471761
0.0382021
0.360577
1.49134
0.626177
113.483
0.187678
0.225854
-3.71339
-4.02093
-0.654172
-1.55092
-0.422313
-0.424092
-2.90188
1.26042
-28.3279
-3.88551
9.00838
-2.01402
-0.549361
-0.0223276
2.9347
-5.29717
2.68698
-0.912547
1.46046
0.220048
0.892695
1.26496
-1.09814
-6.61939
8.37322
0.911575
1.2405
1.33036
1.59858
-0.456394
0.147377
0.230325
-0.705818
-0.274321
0.86428
-4.89205
-0.388527
-3.3217
1.11469
1.25799
0.778439
-0.00434976
0.452648
-0.298309
-11.7781
0.607349
-0.0893677
-1.41609
-1.14875
14.895
-0.50057
1.01334
-0.141153
-0.266574
-0.351207
-3.03307
-1.49859
0.797249
0.238891
0.0160186
0.19962
0.0481163
-0.57428
12.3374
5.08377
-0.256295
-0.828552
-6.3061
-0.384854
-15.6584
-2.25931
-2.34677
7.83463
-0.570481
2.33281
3.22729
-0.877269
5.63769
0.371818
-272.555
0.431508
-0.833963
15.4914
-0.375197
14.9017
-0.668934
0.207939
0.296828
3.07504
0.118727
1.63429
0.795968
-0.368779
-1.60762
2.10877
-1.99866
-0.869639
-1.3016
3.57015
0.980566
-1.59029
0.0109629
2.10111
1.34623
-1.85781
1.99678
3.35436
2.01855
0.271324
-0.673668
0.049653
-0.272096
0.454607
0.399556
-2.17588
-2.09363
-0.713415
6.10768
0.160545
0.675031
0.751536
0.291849
1.1748
-2.50109
1.65004
0.295253
-3.45537
-0.780663
42.627
1.49431
-0.606094
-1.05949
9.25588
-0.253916
0.433514
0.536599
3.79561
-0.405011
-0.245859
-0.87218
-2.61258
-2.22155
-6.79008
-0.191539
0.155938
-1.03406
-0.32662
4.18188
-1.36587
1.69924
-0.928435
2.13698
6.88344
-0.999899
0.073394
-0.525775
6.97126
-0.26525
3.06296
2.14803
2.57737
-6.21815
0.57792
-3.40098
1.06763
-1.45572
1.34904
0.253009
-0.542955
2.6196
0.301508
-1.08844
-1.91239
0.684867
-0.062267
-0.500038
-0.621348
-2.91236
-0.191127
-0.520858
0.858049
4.19777
-0.244657
3.99806
1.63338
-4.1388
0.537358
-2.18192
2.34135
-1.95549
9.39795
-1.41351
-0.662378
-1.72197
0.0805208
0.261282
-0.646439
0.512519
-0.231231
0.580216
3.19732
-4.05533
0.408041
0.554594
-61.2147
0.324238
-0.606316
0.68513
-7.52274
-0.794273
-4.64737
-0.31293
1.03447
-1.32306
17.9896
-1.5202
0.233875
-7.088
-1.54366
-0.220436
-6.1239
-0.869089
-0.19899
2.72474
-3.66861
1.49025
-1.74544
0.500519
-0.286408
-0.32492
-0.589313
28.6024
4.57993
-1.3922
-1.33433
0.963678
11.0396
-0.555152
3.62411
-15.2533
-3.68828
-1.51642
-0.925968
2.77175
-0.157856
-1.52035
-0.662123
0.41624
-5.75115
1.71965
-0.211004
-1.47255
0.750485
-2.43491
2.03469
0.384281
-1.2216
0.465549
-0.865832
0.757778
0.981146
-0.64652
1.22307
2.7073
-4.14481
2.86136
13.4627
0.55693
-1.02269
0.419117
-1.77767
3.64819
-3.32675
-0.594281
-0.357502
2.41563
7.7241
0.567082
0.0569745
-0.959911
8.52063
13.299
-0.428076
1.30165
1.12905
-1.23437
0.402028
0.523382
2.29511
-3.60204
-1.88905
-0.356895
0.41918
0.256252
-0.173211
3.29279
-1.80991
-0.996953
5.06441
-1.31798
-1.73498
0.16336
0.510558
-0.805634
1.492
0.672678
-81.5712
0.383178
9.38074
11.8268
-3.19351
2.1445
-24.9143
-0.589053
-1.80737
-0.974343
1.35549
-1.99229
-1.74277
-2.11242
4.34074
-0.185469
1.54854
1.14987
-17.8991
0.31116
1.98407
0.590925
-3.31708
5.24776
-1.03369
-2.00379
0.406817
0.42476
-1.17926
-0.224983
0.076152
-0.411926
-0.841712
0.469354
4.87319
-1.68609
0.0174064
-1.81612
13.0104
-0.368474
-1.07307
0.210556
3.15315
0.966795
-0.118497
2.03934
-0.409421
0.290359
-0.362722
0.601846
20.3467
-5.71276
-1.46906
0.245748
-1.58238
-1.50316
-0.56288
0.744137
-0.257859
1.10567
-2.65087
0.05922
-3.87346
-0.80475
0.901885
-0.0605658
-4.74906
1.86187
1.65272
0.936356
-1.59191
-0.853951
0.107117
1.01525
16.3947
0.454821
1.46636
-0.833291
-2.7802
1.352
-0.127459
-6.50952
6.01934
-2.7991
1.21353
-0.940659
-0.918679
3.02409
0.52463
2.5903
1.79093
-0.675244
1.05811
0.608832
-2.54661
13.3602
0.940587
7.30846
0.167569
1.1016
0.737912
-0.284934
2.29299
-0.212183
-1.57827
-0.36974
1.70718
0.0306793
-0.0511083
2.80401
1.95054
-2.06469
0.163983
-0.451908
1.56496
8.39101
1.37784
2.11153
2.09235
-1.99126
1.53331
-1.6961
-2.15433
-10.6506
1.86931
1.75121
4.48687
0.975163
-0.562101
-0.971061
-0.310603
-0.8323
6.44745
0.126146
-0.117047
-1.4651
-0.383006
-1.8324
-0.539739
-0.159743
0.440329
1.21582
1.36226
3.23876
0.605067
0.484904
-0.136485
-1.69153
-1.80137
-1.65908
1.19248
-15.4519
2.22004
-2.93354
8.25965
-1.2536
-0.632063
1.44008
-9.00353
-0.275228
6.92977
-0.430975
-2.73025
-6.84709
-1.45342
-3.67087
-1.12029
0.354169
-0.389069
-0.0536605
3.03611
5.986
-0.717829
0.687036
1.55148
0.922973
0.584088
0.314867
-0.0204816
2.34564
-56.6658
-0.521639
0.752308
0.282402
-18.709
-2.46091
0.716238
-4.11195
2.31813
-1.27107
1.39088
0.0031166
2.69441
1.3886
-0.068338
1.85751
11.8614
-0.205319
1.05809
-0.251641
0.927924
-3.80279
5.4023
-0.734335
0.615379
-0.240763
-1.0402
1.48818
0.783037
2.20196
-0.984255
12.913
-3.69426
-0.454407
-2.02817
-0.770278
0.314679
0.306507
1.92391
-12.9201
-5.22368
-1.14532
0.484579
0.477589
0.94031
0.297089
0.348228
-1.03681
-0.124133
-2.31055
-0.313025
0.21026
7.24551
-0.274461
-0.361086
6.27496
0.0216981
0.804245
-3.1739
0.894844
-2.89639
0.530084
-1.63523
-0.623969
-2.29989
-0.139333
-0.0319714
1.5048
2.97809
0.414972
0.561021
-6.2628
-1.5213
4.18337
0.578666
-0.344322
0.503357
2.11225
4.78394
0.988438
-0.434338
-1.54557
1.67068
0.083558
-1.31115
-20.6355
-0.186874
-3.0511
0.926322
0.113329
-4.52999
-8.17987
-12.8465
1.47183
-0.332061
0.428733
-2.86947
-2.3202
-15.2067
-0.171084
3.23217
-0.0550952
-0.540829
-0.343023
-1.79124
0.513457
1.92145
-2.04546
-1.96281
-3.38826
-2.55508
-0.808174
-1.80261
-0.238087
17.9922
-7.68113
-1.50155
-0.412753
-8.23183
-1.26029
-0.406387
3.85434
0.0750892
0.298558
-1.90145
-73.9496
-1.03888
1.3043
1.12059
0.981361
0.261659
-0.0110256
0.815389
-2.32637
0.136447
0.681946
-2.50845
-0.492747
0.220865
-0.0727592
-1.17374
0.964025
1.12308
0.995125
1.47282
-2.23805
-6.17183
1.80569
-20.1169
-0.0560819
-0.0241796
-0.732809
16.653
-0.773863
-0.059546
-0.125132
4.91304
0.848951
10.6076
2.95229
-0.50164
-2.41366
0.494029
0.796921
1.15119
1.59162
-1.46734
1.50649
0.53199
1.3594
1.13772
0.470103
-0.599549
-0.337154
0.359242
3.41445
-1.21191
-1.70712
-0.570955
-0.5116
0.451984
-0.480799
-1.32958
-1.23454
-0.496865
-0.134361
-2.21005
1.29867
16.1387
0.24946
0.642321
35.9393
1.40489
-0.908164
-1.91998
-0.229815
0.275532
0.0794694
0.430603
0.638342
-0.350033
1.67332
-1.73708
31.334
-0.731239
0.289758
2.9478
0.883541
-1.69155
-0.697236
22.6269
-0.418582
-10.1771
-0.264335
-0.0772017
0.537875
-0.246399
0.211685
0.155201
-2.97928
27.5683
0.870561
0.148409
6.81564
-0.238147
-0.0757922
12.2392
1.04548
1.03982
-1.31335
-0.654068
-0.695351
27.9092
-1.35802
0.475866
-0.14218
-0.907065
-8.9734
2.44504
3.27981
1.82557
2.54041
-0.428878
0.840286
0.483548
0.540491
-0.0225009
-0.0395787
2.40942
1.017
0.936106
0.368295
-0.089944
0.628015
-1.24373
-0.865397
-2.07004
-0.511484
-0.770173
-0.476521
0.0948317
1.50093
0.0454761
5.27923
0.187503
2.56565
-18.3274
1.12413
-0.820724
-2.85588
2.33395
-7.61973
-0.125572
1.28332
1.22849
0.832391
0.200178
-0.331943
0.553142
0.285109
5.78219
0.00602067
-0.279171
-0.752412
-33.1161
0.83997
0.465235
-1.17441
-0.441221
-2.01499
0.198139
-2.12638
6.13914
-0.033732
0.296689
3.59262
-1.36192
-1.18971
0.0855943
0.58958
4.01153
1.34911
3.12436
-5.81809
0.233693
-0.817772
-3.20779
4.0325
13.3101
5.87058
-4.31972
0.557119
-1.37768
0.632916
-0.822565
-0.722626
2.27641
0.426
-3.84184
-4.20872
-0.0879061
0.546176
-0.245486
2.46099
-0.0223167
0.625069
-0.496005
-2.07556
0.517857
-1.90913
-4.68309
48.145
1.06947
-0.230588
-1.38792
35.5857
1.18473
0.28236
0.650012
5.81523
0.201464
0.796079
2.37601
7.00243
2.47846
1.15393
-0.745472
2.95798
0.301976
0.529196
-2.02797
-2.71321
1.46926
-0.422698
3.20057
2.26982
0.57212
-3.24715
5.40268
-0.504796
-0.355652
-1.17327
0.432644
-92.9528
4.29879
0.220056
-1.42233
-4.32193
-0.914195
-4.61189
-0.87366
-0.943241
-0.282507
0.154208
-2.481
0.437641
3.01277
-4.9732
-6.98309
-1.36509
2.43391
1.12484
-1.11201
0.495487
-0.511795
-1.41299
2.76579
-0.729811
1.3592
-2.23791
0.702222
4.25808
0.331222
11.3396
-1.12707
0.958782
-0.910155
0.779662
-1.94275
-0.371311
1.88722
-2.14027
0.432206
-0.695853
0.337982
-0.832034
-0.76295
-0.0834364
-3.68176
-3.43511
1.45796
-1.07248
-4.66079
4.13069
-0.116566
-0.273146
-0.0838423
-0.698592
-0.731043
-0.0048096
-2.29246
0.0199459
3.5392
-30.6338
0.350183
0.930815
0.333929
-7.67198
-1.26509
-0.388854
-0.852553
-0.00534504
-0.340684
0.506892
12.3082
1.06517
0.0591991
0.0288362
-0.392377
3.6272
0.0488504
1.09846
0.16169
-0.275492
34.1764
0.407295
-0.0115772
0.469304
0.518241
-2.37233
0.182758
-1.5392
-0.40031
-0.110393
-1.42455
6.93472
-0.939105
-0.36178
-0.501101
0.362852
-3.21654
-2154.19
0.516155
-0.165863
-2.9365
1.39988
-0.260193
2.59642
0.452184
-0.0831186
-0.242339
-0.0508731
1.58235
2.22058
-1.25984
0.315256
0.583171
3.26274
0.268704
0.952494
0.183984
0.445209
-7.18024
-0.315595
14.0882
-0.0454884
-1.02719
0.391679
-5.0249
-5.78361
-0.299619
0.688009
-38.6886
3.63561
0.331468
-10.0015
3.54845
-0.41607
-0.453537
-0.272915
0.646792
-0.800973
0.222623
-3.38814
5.33798
-0.978483
-1.86949
0.19538
-0.463417
0.147728
0.189386
4.07889
-5.79463
1.18015
1.90512
2.00704
-0.503036
-7.78538
2.56427
-0.476277
4.76697
0.698593
0.479529
-0.302052
0.0814049
0.71999
-0.492273
-7.9331
-0.116304
-1.58996
3.44538
0.157263
3.48163
-1.06708
-0.814854
-0.583759
0.832481
0.644323
2.06313
-0.420278
0.248615
-1.21353
-1.73364
0.33529
-0.873856
-0.438417
-1.37027
11.0996
-0.0708629
0.584688
0.517057
0.129516
0.351279
-1.94014
0.263516
6.38922
-6.16886
1.77111
-0.0700851
21.4402
-0.268833
0.238655
0.0221007
0.267738
0.184583
-0.044735
-0.822413
3.99389
0.0347473
-0.185119
0.307863
-0.568283
2.25197
9.89267
33.4032
-1.28759
-1.29538
-1.4023
2.37234
0.498809
3.2149
0.982844
-0.828612
-0.218422
-0.991564
1.0418
1.1939
-0.705429
-5.57276
0.366824
1.21798
-0.229251
2.09987
0.628436
1.26953
0.463065
-0.0490114
0.623389
-0.640691
0.334108
0.728112
-0.504485
0.324341
132.151
-0.0539277
-0.923178
-1.1944
1.33358
0.507179
0.568118
-1.13389
2.02891
1.23759
-0.788373
1.30202
0.994923
-0.828253
0.617909
0.250918
-0.474123
-0.491898
-0.563961
5.33888
15.9152
-49.4312
-6.47022
-1.4983
-1.56796
0.163642
-0.395164
-1.25734
2.01582
0.414498
5.57798
-0.455143
-0.965415
0.00257463
-0.50599
0.0423907
0.360785
6.59444
-0.785119
-2.7062
0.835726
-23.8113
-1.42128
-2.80127
-0.158623
7.1826
0.323174
-3.21532
-3.00253
0.198301
0.251729
1.68643
-0.222953
5.4772
0.735583
248.05
-0.921466
4.17299
7.15489
-0.522827
-0.442018
-1.87202
-5.26768
-0.51445
3.81677
0.581195
-0.33417
3.26756
0.664822
-1.00368
1.47469
28.3293
0.805278
-0.0406829
0.00221501
1.42771
0.647912
2.01783
3.90684
-2.19618
6.5506
-0.241369
0.459093
-3.36513
-0.610226
-5.66666
-33.5732
-0.73899
0.890053
-0.290711
-0.148405
6.70824
0.569617
21.5597
2.04022
-0.466021
-0.755753
0.438036
0.235972
-0.0492137
0.0173314
1.07266
-3.00652
-3.7385
0.568598
-2.94634
0.711556
-1.81542
3.81205
-0.0959312
0.834002
0.109301
0.465021
-1.74656
-0.266691
-3.776
-1.48726
6.50899
-4.16588
0.137963
0.208516
-17.0052
-2.02831
0.222343
-2.77127
-2.80307
0.442187
7.51853
2.45897
-5.03955
-0.575779
-0.786683
5.21705
0.40567
8.83825
32.4082
-0.997623
2.00693
1.67447
0.303163
-1.2929
0.362013
-1.83417
0.560031
-0.750937
-6.67755
0.299737
-0.0789093
1.9929
-0.288082
1.28926
-0.816512
-0.409648
1.95709
-0.764011
-0.311116
0.596447
-13.3628
-0.396039
-1.79249
0.439672
0.785982
0.0988747
1.52168
-1.97851
-1.22394
2.25436
-9.26627
-1.76998
-0.471963
-0.578298
0.551228
-0.854874
-3.37022
-0.952664
-3.90891
-0.442191
0.21255
3.66388
0.101015
2.95476
0.184804
0.556211
-1.3447
4.30495
0.771269
-5.73627
-0.695655
6.65778
-0.495582
-0.393736
-0.350442
-1.52609
-10.1108
0.744
0.946641
1.0688
-0.0657768
-0.156778
-0.359094
-4.8192
0.29109
0.3752
-2.57747
-4.33052
-2.33349
-0.250185
1.05604
-1.60378
0.0103589
1.04189
-1.13765
-1.111
-1.02097
0.581251
-2.74656
0.773859
0.265342
-3.34386
1.28131
0.730206
2.08559
1.16197
1.88893
-1.03222
-0.315905
0.218693
-0.586966
-0.47786
-5.05019
0.214623
-0.94733
-0.104262
12.0772
5.70386
0.120655
-0.494772
5.1141
-1.30917
0.120159
-4.20852
0.0539085
-2.1936
1.1669
7.604
-0.323211
-0.216287
-1.07819
-0.046081
-0.0896392
0.415182
-3.8709
-0.274653
-0.21264
3.61047
0.295545
-0.353747
0.0468241
1.84861
1.19793
-2.15066
1.38867
-2.17803
-8.64466
0.384799
0.79852
2.27319
0.792917
59.3151
0.69302
-2.15649
-0.530283
1.11572
5304.36
-0.867646
-1.86815
8.55866
-1.79052
-0.443025
-0.897822
-0.975299
1.07711
3.0531
-0.741589
1.49012
0.0903869
-0.416994
0.0563696
-0.555472
4.40397
-0.00627044
0.385275
-0.142554
11.3841
-0.180021
-1.64917
-0.740139
-2.81114
1.77209
0.988985
12.9895
0.949287
0.869147
0.904094
0.607371
-2.72514
-0.298316
-0.357505
2.12322
17.8775
-0.0924707
-2.26936
0.90018
0.504393
-2.14646
-0.133755
0.888399
-0.174649
0.921725
0.462204
0.440387
-2.02622
-0.153894
-0.0789506
15.9558
2.45946
1.09843
-8.51773
0.204716
11.6445
-0.159273
1.88738
-0.247245
-0.823261
-8.55031
-4.82704
0.156321
0.169835
2.59404
0.457098
1.21338
-0.323017
0.801324
-1.35016
-1.57844
-0.562246
-7.53972
-4.58179
1.83971
-0.184566
-0.13366
0.983184
1.01253
1.60141
-0.167377
0.271848
-2.27696
4.41584
0.287103
-1.57751
1.42128
-0.0362174
-3.11386
2.09205
0.470891
4.92307
1.50834
-0.757875
-0.297768
-25.0233
-0.380107
-0.309473
1.26703
-0.990351
1.65987
-7.48388
6.65166
2.59912
-0.432704
-1.84428
-0.701937
-1.71236
0.0940213
0.951627
0.112584
-1.87481
-0.0832058
-3.10042
0.362128
-0.491968
-1.10732
-0.904613
2.76665
-0.452638
-0.351521
4.34752
-2.00127
-1.30389
-0.503926
1.27377
1.39219
-0.224147
0.460658
0.0729075
32.1789
1.47732
5.20148
0.343745
2.16255
-0.675706
0.00955318
9.21559
0.586029
-0.109673
0.779392
-0.572536
-0.319639
-2.46642
-2.90422
-0.604907
0.93237
-0.712408
-0.982071
32.4169
-0.161455
-0.00207472
-0.0124888
-5.47911
0.608127
-4.1391
-0.916392
-5.5134
0.133063
0.68078
-4.53545
-0.252081
7.05337
0.202916
-0.388075
0.24503
-0.705525
0.350189
-3.81739
-0.99765
-0.696635
-0.0121747
1.04954
6.66348
-0.62991
0.165447
-0.0288775
2.27935
-6.54044
0.388129
-0.100078
0.291648
-0.413468
1.5782
-0.758217
-1.38173
-0.0272802
-0.778571
0.646555
0.980905
-0.842536
1.15412
-1.44981
-0.535498
-0.316637
-0.3962
1.06853
0.2087
1.38141
-0.177879
-36.5071
-0.959045
-2.05651
0.282876
-18.5467
10.8273
-5.46314
-23.7267
0.228289
-7.04869
0.153993
-0.40301
2.86383
1.08721
0.448535
19.6993
-0.155019
-0.205015
1.10051
8.62438
0.941078
0.0644673
-1.13162
-1.89853
1.4551
-6.99392
2.00284
0.366775
-0.498693
-1.08339
2.09354
-14.596
0.990193
-0.0772339
-0.979956
-0.579992
-1.07816
2.21778
-1.86142
3.40575
6.5904
0.497641
0.635872
-0.501862
1.38674
-0.308614
0.32077
-1.14341
0.0114239
-0.963072
1.58416
0.357884
1.98593
0.528926
0.939339
-8.13566
-2.12268
-0.282182
0.948161
0.360725
0.43765
12.5946
1.54963
1.34483
-3.87434
0.767302
-0.212629
-4.80336
-1.94159
-0.286503
2.0238
-2.82135
1.31828
-0.176238
-2.41759
0.789448
0.0534112
-0.786602
-3.54934
-0.887221
-7.23176
0.212473
-0.00217546
28.0786
0.592229
82.0425
2.51859
9.40982
0.292349
-9.61417
2.41847
0.287004
-0.976851
0.266014
-2.73781
0.0626322
-0.259838
0.143292
0.708556
-0.468777
2.49333
-3.89636
1.12008
6.40888
6.82979
-0.434865
-1.44171
-0.715827
-0.861139
1.63462
1.29722
1.76091
-7.46494
0.0305216
-0.139264
-0.760525
-0.714901
-6.25884
0.386991
1.88778
3.41066
-79.7761
0.0234637
-1.81291
-0.411875
1.09398
0.869206
0.0431347
0.655689
-1.4066
-0.788842
0.319329
-0.184463
-0.267332
3.18103
-4.84761
0.432167
-1.4443
-0.852228
-0.248243
3.3086
-0.196643
3.02946
-2.2129
1.57767
16.0954
0.405536
-0.306831
-0.142062
-0.422867
-1.33647
-3.23055
-0.0335647
2.12736
-0.159595
-41.6113
0.890085
-0.656239
-0.824576
-2.0374
-0.0649791
0.408258
0.362515
8.61452
-0.457272
-0.00150987
2.00322
0.427367
0.604587
-4.9155
-0.439176
0.458787
7.03211
-0.781422
-0.421932
3.07087
-0.500369
-3.41961
0.475188
-10.6202
0.308807
5.32962
-1.17123
12.0447
3.89144
-0.234746
0.652721
-3.28828
2.54742
-0.151909
-0.548441
0.773598
-1.30041
-0.622767
-0.839015
1.81121
0.303837
-6.28845
3.13172
0.208477
10.3354
-2.1362
-1.34749
-0.677398
16.5876
0.791475
-5.80992
1.81128
1.18664
-0.366907
0.862409
-0.354822
-0.468036
-2.47384
-1.0628
-9.74427
-0.129315
0.46228
0.484308
0.181428
0.682599
-0.905692
-1.29885
0.484789
0.633773
-0.58546
-0.418466
3.22576
-1.46824
0.0497568
0.0195054
3.04427
4.87395
-1.78615
-0.0742163
-1.20891
-41.2908
-2.35184
4.91344
91.1598
-1.46764
0.0793408
1.10604
0.871908
1.28492
9.46595
-0.927407
-0.577635
12.8762
-0.289388
1.18254
-0.364103
0.148869
1.10577
4.55245
3.16155
0.263404
11.0457
1.7507
-7.98824
0.518136
-0.237504
0.519235
2.11574
-0.319632
0.205376
-17.7825
0.686325
-3.37167
-0.423359
1.28929
-3.72421
-0.849767
-0.0529606
-0.457706
6.84884
-1.67149
-0.331326
-2.04687
-1.34897
-1.33428
9.75979
-0.0458803
1.0289
0.659382
13.9883
1.64324
-0.354149
0.0447945
-0.508264
0.0584368
-0.70829
4.65324
1.08269
0.906505
-0.195663
0.738589
4.36109
-102.99
-0.236786
1.12248
2.72413
-1.50957
-0.580854
-1.95647
-0.6967
1.25694
0.0528941
50.8624
-0.99207
-20.2905
-1.05916
-0.0512036
-1.81124
-2.32166
-1.90366
1.3523
1.08405
0.434145
0.654913
-71.3751
4.97116
-0.268453
-2.0701
0.526825
-2.24942
4.5623
-0.251833
-0.0980055
-0.104816
1.05054
3.26212
2.03147
3.55207
0.341058
-0.0858083
2.52631
-0.952089
0.565316
0.203692
6.55347
-0.196058
-1.16471
56.7782
-0.850695
7.73665
-63.9563
-0.644935
2.40015
1.39606
3.71917
4.39367
0.0279547
-2.50512
-0.70727
1.63911
1.74738
30.3707
-1.23075
0.467247
-1.78522
-0.665387
0.160866
0.539937
-1.1203
1.70842
2.45191
-1.93015
3.93667
1.27336
3.37261
-0.737562
-0.368124
-0.707591
2.62303
-0.936873
0.432691
-1.68745
11.0259
-0.453493
0.198747
-65.6324
3.57887
0.746999
-6.41342
1.57949
-3.94063
-7.93335
0.405632
2.37325
0.215552
0.217176
-0.0065759
-3.28132
26.6862
0.00343922
-3.89209
0.628062
-2.08369
-0.259151
0.0802836
0.706106
9.75062
-15.0006
0.574895
0.280611
-0.166715
-1.49939
-5.23027
0.608612
3.8958
0.85025
-0.656623
3.42688
3.03346
-0.616965
0.632917
1.04381
-0.0748097
0.29927
0.522085
-0.187491
1.04342
-6.99395
-2.11236
9.5066
-1.08915
1.46204
-10.8619
1.5865
-3.22835
-1.88082
0.464232
2.5746
1.53302
-1.84463
4.34754
-8.84006
0.42108
-9.29445
-8.27661
1.127
0.278957
-1.88732
-1.00012
0.426004
4.44205
-0.790712
-0.389076
-0.623977
-1.04452
-5.46275
0.820918
-0.959138
1.0502
-25.6834
0.9002
2.17182
2.50146
4.327
1.03393
-6.04046
-5.91267
0.169217
-0.239364
-0.226359
0.361666
0.262338
-0.133114
0.182259
-1.97096
4.81928
5.76955
3.45734
-1.43996
-1.38959
-0.111536
-2.20608
5.65156
-0.0171326
1.38816
-0.48088
-1.20984
0.945815
3.72364
3.52558
1.27359
1.00326
-0.0086101
1.83707
0.346631
1.37504
0.839869
-0.898056
-3.74592
-0.0783287
1.02356
2.38342
-0.0520707
0.238362
0.404567
1.66915
0.77633
-1.87078
-1.23077
-10.2714
-0.597384
-0.782227
-1.63414
2.19852
-0.50522
-0.770392
0.602002
-3.86931
-0.577548
0.498202
-1.03733
4.6855
-1.26996
0.266044
-1.86374
0.9557
1.09183
-0.807754
-3.4513
4.51613
-0.602555
0.20015
-1.55706
-1.4645
0.182694
0.107711
-3.38515
-3.75897
-2.67751
-0.724271
1.21526
5.94082
-0.038579
0.269991
-6.01865
0.657675
0.720276
-2.00525
-2.2849
14.4265
131.848
0.622388
0.23484
0.825175
2.1891
-10.2421
0.704564
-3.38273
-0.00948202
1.81665
-0.935749
28.3092
-3.93807
-1.75055
-3.8052
0.131955
0.619918
-2.83299
0.360432
0.744207
1.96623
-1.15994
0.142364
2.29339
-0.17036
1.42875
-0.704511
2.1688
7.87974
-2.1276
5.96581
-1.65289
0.847713
1.44267
-0.442139
0.42386
0.235735
-0.716627
-1.2629
-3.15744
1.1053
-0.213659
-0.240886
-0.998065
-0.64993
-0.0155009
0.704169
-1.78472
-1.22002
-0.0271897
2.72608
19.3631
1.78586
0.217888
0.549219
-2.38513
-2.01679
-14.5763
-0.68246
-2.06896
1.00284
-0.535398
1.21672
0.395878
-0.967034
0.414698
0.428467
0.0970703
-0.874875
0.868515
-1.57953
4.76777
-5.93762
-1.25023
-0.632595
0.872656
-0.22358
-3.92471
-0.469918
0.198991
-1.45904
1.42357
-0.781355
-0.158569
-6.39895
0.0609914
7.95744
-1.49592
0.269163
-0.740475
0.110704
0.343433
-0.148968
-1.38319
-1.84611
2.82893
-0.555105
0.847793
-3.16387
-0.387855
0.478065
0.664446
1.63695
0.587909
-0.293058
4.10039
-2.03501
-0.461859
-0.0285145
0.396081
-1.90643
1.36279
0.310739
0.775048
2.07978
3.16692
1.05816
0.547438
-0.648354
1.18118
-3.15407
0.829622
-22.0712
-0.231622
-1.84833
0.172555
0.50016
3.25942
0.091661
2.17722
-27.2919
1.21076
-1.05829
1.38485
2.09393
-1.14424
-9.38843
8.46115
-0.223401
-4.69705
0.295056
2.67074
0.136817
-1.40825
-1.19897
-0.036319
0.095079
0.152908
0.146787
-0.372859
19.0067
-77.5946
5.73134
0.148801
-0.192661
0.234175
-0.113806
4.03598
0.880092
-0.730114
-1.88342
0.236984
-13.6321
1.91096
0.126462
-0.110124
1.16315
-3.04235
-0.609035
-134.243
0.952219
2.93403
2.20865
14.2509
-2.45633
-0.0470802
-0.744861
-0.102283
-49.0511
0.949069
-0.749629
-0.424915
-2.58729
0.488369
0.269165
0.0706889
0.447867
0.835202
-1.62209
2.70376
2.50266
-1.85091
0.750769
0.380669
0.0664441
-29.3188
1.12743
0.57717
-0.160534
0.179943
-0.161961
-0.291547
-0.324835
1.1525
0.8755
1.37144
-0.135851
-0.742364
-0.471572
-6.10083
0.0831356
2.66021
-0.798666
16.3839
-2.39806
-1.3135
1.74444
-0.0162905
-0.720554
-5.36819
-0.747721
6.26246
2.552
-0.579411
0.0378669
-0.900607
-0.844014
-0.883173
-0.271385
-1.88298
0.173047
-0.223558
2.04933
0.0378629
14.5596
-1.35469
1.07515
1.62777
1.20931
-1.99082
0.0796606
-5.25559
-1.40525
-0.11903
1.18887
0.0917339
-1.56045
0.808176
-0.835858
0.278423
-1.46144
-1.46186
-0.679571
2.17114
0.106494
-0.205563
-1.42013
-0.285134
-2.75977
-0.219327
-0.822695
-0.822274
0.477365
-1.97169
2.07013
1.59421
0.288793
-6.85641
1.16845
-0.129385
-0.0732026
12.2333
-0.588258
1.12396
0.775667
2.09372
2.46915
1.28803
4.11064
-0.592157
-1.14287
2.89845
-0.470226
0.149387
-1.37248
0.00593038
-2.40415
1.33263
-0.853905
-0.0128107
-0.722098
0.794263
2.86106
3.23085
-3.08071
-1.17148
1.80505
1.77796
-1.54913
-0.699869
-2.02404
-3.7367
-9.10325
-0.965514
-0.696254
-0.609755
-0.400632
4.17066
-1.7145
-0.693662
-0.445433
-1.91622
0.0746157
1.84238
-6.74421
-0.33911
-2.7181
0.56309
-0.326336
0.424207
1.51427
-1.6249
0.657688
-0.0987584
-0.313237
0.434485
0.321806
-88.7967
18.8249
0.132119
-1.47764
-0.251289
13.8672
-0.803545
-0.086832
-9.51724
1.622
0.400996
-4.17652
-0.00920428
-0.849825
0.972696
-8.20599
0.891591
4.79934
-0.82582
-0.684534
0.635599
0.346907
-0.947999
0.0702075
-0.382925
0.0556546
2.1555
0.748511
-9.62301
18.5908
0.305439
-0.544487
-2.535
0.806903
-0.186017
2.13837
-0.855533
-3.06445
0.839073
0.0629488
-1.14868
0.458565
2.98683
12.069
-0.500563
-0.373483
0.121714
0.17413
0.320348
-0.696402
0.857907
-2.27418
-0.559464
0.0853364
-10.5856
-1.19483
-1.93362
0.579253
-1.58111
-5.47916
-2.54174
-0.414441
0.171239
0.520098
0.137806
2.0284
-1.21141
0.626265
0.455883
-0.889759
-9.99792
-0.403625
-0.232926
-13.1453
1.70489
2.02268
-0.780453
0.247682
-0.400469
0.0896735
1.72124
-0.262325
-0.554517
20.8733
-2.04185
0.780593
0.573079
0.978858
1.28825
-0.863812
0.842553
-1.27648
-4.92568
46.7175
-11.0258
-26.2694
-0.0399914
6.17432
-0.449604
0.564844
-0.13554
1.03979
0.436337
0.333974
0.0547584
0.278962
0.175197
0.349036
-0.75815
-3.54154
-0.227736
-0.164248
2.86441
-1.36218
-16.6616
-1.57198
-0.213389
-0.0546285
1.37391
-1.08708
-2.173
-0.481116
1.73274
-2.98859
-1.6335
1.24912
0.0157695
-1.65412
0.0388313
2.98329
-0.510441
-0.0878146
4.74421
-0.316978
-22.4197
-0.42348
0.46939
-0.788584
0.545981
0.727199
0.515402
1.33164
0.554921
5.50806
-31.0513
-1.47491
-0.0545889
0.501418
-0.220788
-1.43151
1.62194
0.63882
9.5534
0.605152
-0.589555
-1.29635
12.27
0.50755
1.73633
-57.2129
-0.70135
-3.20573
0.533775
1.43505
10.0352
-0.592859
2.04627
0.848666
-0.122275
0.326653
-4.62887
1.3036
0.433989
0.853632
-1.46777
-12.7398
1.74987
0.0352282
-1.46414
-0.193053
5.67212
-0.576989
0.590144
0.090451
0.853631
2.08123
1.42467
-0.0964313
1.86649
1.12268
0.565247
-72.2091
0.360763
83.9336
-0.312517
7.69133
-3.41284
0.86229
-0.418156
0.136671
-79.4052
-0.0626718
0.0635577
-0.464094
-11.6516
-0.699588
-0.109536
-0.245856
-1.08601
-2.92988
-0.438198
0.865436
-0.349808
-0.242212
1.11319
-5.36545
-0.120481
1.10263
1.21797
-0.137229
0.662773
-0.521792
1.01061
-0.467732
-6.38983
2.1243
-1.1738
0.424781
0.760404
-0.787902
2.01293
5.85334
-0.759591
-0.0891161
-326.79
-0.707841
5.68751
0.9048
2.91267
-5.09317
0.66159
-0.18895
-0.509416
5.41781
-1.60287
0.715965
3.03826
0.399003
-0.15474
1.39087
2.23336
0.552963
-4.21227
-0.0879088
-0.570686
0.0913174
0.08925
-0.0400139
0.263312
3.46212
-0.975949
-0.133084
-1.01821
-0.442055
0.827432
0.275053
-0.701375
5.21623
-8.90767
-4.0728
11.0528
-2.01262
-28.8951
-17.5626
2.65238
11.891
4.31769
0.20975
1.12292
0.669446
0.936875
-0.0500479
-1.066
0.48393
-0.512612
2.32171
-3.87559
4.19884
0.396056
1.39991
-0.218637
5.30816
-0.243639
2.37292
8.60473
-1.35491
5.85437
-0.286329
-0.590173
-1.41111
0.627892
-0.327275
1.50372
-0.513251
28.5554
-0.99088
1.95417
-0.58347
0.0114792
-4.44945
0.552508
-2.29215
-3.08232
-0.227735
-1.31763
-0.635559
-0.936288
8.66818
123.756
0.95409
-1.14781
1.24929
1.06625
0.218165
-1.40317
5.2608
0.888052
-11.2125
-3.03765
-1.59255
-1.54716
1.93749
0.938668
14.0402
-0.394084
0.241126
-0.193484
2.56035
-0.385028
2.89119
-5.89806
0.617736
-0.476277
1.85647
0.0752589
-0.250319
5.23007
1.71882
-2.74402
5.77363
0.769506
1.01373
3.70201
-1.72252
-1.69118
7.36639
-0.590967
-7.24377
3.1852
3.40674
0.244172
0.18815
-1.15538
-2.19415
15.8265
0.593303
6.41341
-1.21093
-0.994603
-1.50627
0.605838
0.704824
1.21155
-1.05274
-2.42601
-3.19758
1.18682
0.343277
-0.25578
-1.84665
-0.21283
0.138937
7.25229
3.23042
-3.87892
-2.45469
5.04715
-1.60695
0.265387
-2.80898
0.430158
-22.4414
-1.5763
-3.80159
-0.395589
0.854561
-0.369491
1.2307
1.05657
-1.30104
-1.5241
51.8673
-0.589271
0.126958
0.585698
-0.779
-1.63657
0.156741
0.142392
-0.410539
1.65457
0.251005
-13.7925
33.4081
-0.22389
14.7062
0.103214
-0.0211439
-1.55524
-7.82886
-3.31565
-0.435629
1.09633
-1.24169
1.7465
1.39836
0.378862
-0.495615
0.797086
-0.926446
-0.485656
0.704056
0.223864
1.07816
0.615915
1.02394
-2.37122
8.57644
0.415217
2.28258
-0.147863
-0.952174
12.2922
-0.166244
0.768692
0.878246
-1.13914
1.57037
-1.37209
0.858324
4.22434
0.308342
1.53242
20.3081
-0.111934
5.75313
5.13144
-0.14738
-68.6984
-0.106302
0.286998
-0.513658
-1.86772
-1.41473
-4.63255
0.797138
0.486728
0.220276
-5.08934
-0.535706
-0.218094
-0.760696
-0.619486
-2.90615
0.233223
1.8041
-1.43226
-1.0785
0.477115
1.00994
-3.12041
0.0151663
-2.13198
-1.7309
9.2463
1.80832
-0.07232
2.03214
2.90876
0.680679
-2.6468
3.67084
-0.403348
0.493224
0.0701975
-6.61636
0.511274
-2.59505
2.02946
0.742831
-0.236205
-0.68652
-0.185385
12.6384
-0.01271
2.81546
1.80731
-1.38305
0.511904
0.917607
-0.949248
1.12708
0.251112
1.80832
-0.579996
-1.09923
3.72349
-0.428803
-3.58112
-0.762593
-7.9469
0.31533
0.594879
-0.177744
5.78623
0.522471
-1.69975
-0.463781
0.208236
0.737841
-3.17336
0.298521
-3.09201
-0.724149
-1.63446
9.64226
0.362252
-0.294428
1.07519
3.20239
7.28005
-0.0543199
-0.363228
0.650092
0.103543
4.21909
-0.50357
-11.6553
1.64377
-0.530107
-0.316633
-4.62981
1.38296
-2.84504
-1.39067
30.1257
19.6803
0.0968472
-0.976889
3.42085
1.06276
-1.1001
1.4711
-3.35738
-0.870448
-0.0034513
-3.62922
1.06181
2.9879
3.15997
-1.33516
-0.338606
-0.11839
-1.08755
20.7153
2.11908
-6.09724
1.32845
0.12951
-3.83653
1.46306
-0.537314
-0.539906
0.328176
17.449
-2.09933
-0.539483
-0.125589
0.569384
-0.464593
1.00692
0.312343
-0.540468
2.47891
-1.05991
1.71196
-1.39145
0.079807
-0.558124
-1.65202
5.35221
-12.1733
0.190142
1.651
0.348777
-1.42615
0.509133
-0.229781
-0.139036
0.363019
-0.265838
-0.531798
0.112058
-2.12017
-1.0683
-0.124388
-1.76275
0.842775
1.35509
0.0832304
-4.38924
-0.0571692
-15.8199
1.51923
1.36264
2.20981
0.128887
-0.571031
-0.48605
0.312344
2.35715
-0.821499
2.70378
-0.429972
0.488336
2.86716
0.671827
-0.143999
-3.3037
3.74114
10.0832
0.552932
3.39683
-1.69044
0.044064
-0.602036
-5.54746
0.945451
0.256563
1.94131
-239.264
0.580675
0.86089
11.6611
-0.60311
-0.407429
-0.052091
-0.341114
-0.784688
0.56422
-0.233747
-1.32831
-9.15191
-6.15091
0.403185
-0.768613
0.347393
-1.94587
-0.304744
6.43207
0.822947
1.45622
-0.898073
-0.312087
1.9002
2.78698
5.90922
2.39608
0.114492
-2.88117
1.92048
0.168095
-0.581631
-0.816982
-2.29759
-1.5003
1.58949
0.248699
-2.65293
-8.65346
-1.21971
0.86718
-6.08058
-0.626165
-30.9029
54.4424
0.306996
-2.46891
-1.98669
0.492337
0.146222
-0.62532
10.6341
-0.659408
0.118787
5.22519
0.544696
-0.472299
-0.326778
0.432973
3.52903
-0.85547
0.0699466
0.136967
0.114968
-0.623175
-6.78168
-2.17061
0.60096
-5.00049
-0.696503
-1.08274
-0.705072
2.62021
-0.13592
-0.0660275
-1.70831
8.5052
-1.79183
0.059172
0.911061
0.425896
1.03589
0.19228
-1.20254
-1.29239
0.225735
-0.86496
-2.12247
0.170246
-3.61991
-1.30389
0.475871
8.14532
-35.2484
2.19959
-1.2392
-2.41671
-1.30422
0.374617
-0.593361
-7.41734
-3.43239
1.56111
2.65901
-0.470824
0.406189
-1.22574
7.22853
0.457641
-1.08787
-2.02962
98.2896
-4.09574
-0.932762
-0.336233
-0.172417
0.887416
1.07428
-11.1589
1.7617
-0.378476
318.836
1.67821
3.36133
1.42672
2.40699
-2.37121
-0.506708
0.107095
1.87137
0.863051
0.978672
1.63863
-0.653055
0.250866
0.357324
-0.0063072
0.391056
-0.447174
0.114002
0.158474
-4.43771
-119.277
1.429
1.73538
0.848436
-0.0883249
-0.652454
-5.64039
1.91197
1.17501
-1.48169
-3.16186
-54.0702
-1.58856
1.26145
-1.54019
12.9509
-1.25846
-1.16762
2.10351
-0.352158
-0.726036
0.226639
1.15548
-0.183096
12.1429
49.8575
-0.0800528
2.89853
-0.589793
0.866713
-1.06614
-0.886614
-3.38124
-0.48923
0.34168
0.177029
0.591421
-0.856981
-1.68589
0.904361
-0.136149
4.38063
-0.247244
-0.651931
-0.986973
-0.104818
-0.749162
1.15503
0.887557
8.74344
-5.69871
-147.169
-0.584755
-1.19573
1.11664
0.11777
-0.359956
2.07883
0.135561
-0.0973844
0.258583
-1.06797
2.66161
0.331617
-0.921702
1.78034
-0.0793133
1.64539
-10.711
-0.301252
0.396927
1.00555
1.69092
-0.870777
-1.11349
-3.97688
0.509097
-1.52867
-1.12439
-3.43854
-9.9898
-25.0445
1.10526
3.68202
-0.306237
0.432465
0.91435
-2.51303
1.04509
-0.765399
3.74847
0.864583
0.038818
0.764846
0.313663
-0.347296
4.48662
-16.4572
0.502525
-1.1578
1.46376
-0.715604
5.02981
-1.1856
0.93995
-1.12883
0.425781
0.436504
-1.737
-0.269591
10.8407
0.797539
-1.09141
-0.302584
0.831774
-2.3348
0.699205
3.21536
-1.70197
1.23458
1.62069
0.746324
0.808121
-1.12914
2.28522
3.73901
-0.0952604
-4.38249
-1.58987
-4.60821
65.6505
42.9803
2.65358
-0.00813751
-0.402987
-1.13597
0.299877
1.95593
1.86254
-3.89495
0.764325
1.17628
0.0521705
0.445667
-0.485474
0.0781272
-0.397726
1.62753
-0.429737
-0.50167
0.23213
-0.214619
31.175
-0.392473
-0.154273
-0.450211
1.70409
0.409854
0.728577
0.663453
5.93912
0.354973
0.62044
0.236299
-0.516397
0.202698
-0.071083
0.378635
0.379611
0.205469
0.611039
-1.3404
0.849906
0.148856
-3.429
-1.06022
0.493046
0.384793
1.27318
-3.34425
-2.76834
2.16039
-2.6705
-1.19375
0.213827
2.59883
-2.64686
0.35251
-0.0042194
-1.84297
-0.0877773
-0.0438527
-1.71222
-0.534097
2.34746
0.0931117
0.699302
-2.41733
3.89948
2.8148
-0.960872
-0.128832
-0.148695
0.226801
-14.9292
-2.66279
1.41736
2.2229
0.0284045
0.682822
-0.558184
-2.14039
-0.298069
1.0663
9.98213
3.52699
-0.314812
3.55214
5.5847
-3.14853
-0.657495
0.0352599
0.403204
0.146103
-17.2166
-1.90947
-0.527988
0.0680792
0.219254
4.5178
0.661511
1.83637
0.117055
-0.663256
0.433921
2.94486
1.33217
1.80071
-0.323971
-3.33457
0.652771
3.72906
0.292295
0.923452
-1.76335
1.25136
45.5105
3.54542
-0.494469
-0.429951
0.0881916
-0.52061
-7.35406
-6.33976
18.9309
1.75763
16.0397
0.745174
-0.216499
5.28628
-1.21863
1.18359
-0.61214
0.14183
3.74469
0.124902
-0.618816
-0.537421
0.836609
-31.2952
-11.8637
-2.18026
-1.44894
0.0463131
-1.72092
-0.0259211
-2.34055
3.4114
-0.614826
3.82161
-3.28525
-3.41599
12.2913
-0.105165
81.2762
0.705693
0.484909
1.35525
1.23955
0.330046
-5.18272
0.288592
-5.23387
-1.5418
-20.6314
0.0902278
-1.15609
-3.80044
2.54531
-2.18207
-0.626117
-0.726965
0.660938
-8.75006
1.84131
0.894601
0.467176
0.367185
26.5137
-0.555654
5.06197
0.215732
3.05039
-2.3346
-0.758685
-1.17225
-0.198054
1.03045
0.495217
0.665647
-1.95346
-2.36447
5.83125
0.639901
0.0814928
2.81443
-0.520085
0.61242
4.45679
0.515209
60.3236
-0.226413
-0.708377
1.13226
3.2532
-0.0781887
0.63556
6.61341
-0.925943
6.50851
-1.11892
11.6055
-3.53229
0.471952
12.9244
-0.369197
-26.2145
0.475713
1.37475
0.257387
0.778579
2.33647
1.89974
-0.230582
-4.48741
0.614064
-0.899851
-0.770051
3.16824
1.64226
1.57146
-0.227942
-1.36928
1.70901
55.8063
-1.27022
0.482081
-0.253319
1.19062
5.51598
-198.827
5.00001
0.644561
0.946227
-2.0125
-9.89925
-4.51217
0.817359
3.76565
0.827067
5.26143
0.312938
-0.820995
-1.63085
-13.8379
-1.38463
-2.83799
-0.0437657
-0.0820157
0.194274
-0.0851583
-0.356421
1.84032
0.160538
-0.0928976
2.67178
-0.991669
1.24755
-0.14419
1.68153
0.371955
1.31591
-1.85896
0.907976
-0.193053
-0.172346
-0.551361
-0.0301749
-0.672554
-0.616909
-0.791361
1.21486
0.254584
0.149684
0.489334
1.50217
6.5072
-20.0022
-1.24289
1.87873
0.660584
0.695034
0.579589
1.23038
-0.07187
0.288948
-0.161309
2.3056
1.59599
0.829735
-2.13547
0.0541023
-0.578098
-2.44673
0.760664
-6.66355
0.192051
4.85093
1.10378
0.793646
1.5834
0.301171
-0.472577
-0.282626
-0.174767
-1.30228
-14.1422
-0.588126
1.39307
-0.413991
-0.98267
0.155103
-2.10276
0.2527
-1.23562
0.661748
-0.860341
1.24854
0.0740906
-23.7073
0.523079
-1.4124
-4.11577
-0.301753
0.502476
-0.0547569
0.650202
3.97395
11.4172
-2.55664
-0.350965
-0.996218
-0.779539
-0.0410911
-0.386899
0.0477787
0.229885
0.807137
-8.92409
-0.745001
0.754576
0.295879
-1.16477
-0.590062
0.00763583
1.5735
1.12701
-3.08054
-2.59922
-0.0823511
0.644393
-3.66761
1.14801
-3.10903
0.340121
-0.457924
0.825742
-0.0748451
-0.062592
1.26045
-0.0897711
0.929255
-0.980867
-0.755515
-1.63598
1.03783
-1.70528
-2.66014
0.0533168
-1.04877
-0.955877
5.01284
-0.406028
-0.131925
-4.04657
0.495738
0.493066
0.562819
0.639956
0.393599
-0.403716
1.66968
0.060383
-8.71415
3.0315
-5.56112
-2.81737
2.01302
0.724293
0.818771
9.51567
1.60122
-0.698188
0.031754
1.65309
0.16509
-1.90981
-6.68327
2.69591
1.35114
1.37575
-0.92901
-0.195927
-0.817505
-0.403798
-26.2819
2.81876
0.450851
2.39512
0.0660513
-0.904217
3.9046
-1.74967
0.459052
1.01918
-5.00582
0.148716
-1.79805
2.67621
-27.4188
-10.0555
0.618247
-0.371058
2.95034
0.0632928
-0.761723
-2.33334
-0.163364
-1.32307
-0.785324
-4.32629
-0.0829249
-1.26439
0.016482
-0.138338
-7.86972
-0.240619
-0.290377
-2.98198
-3.97104
-0.643936
-0.21898
1.61702
0.00495233
-1.3507
-0.437696
0.272018
-1.78552
-0.5175
6.23463
7.27749
0.219531
2.1802
-5.47781
42.3293
-0.0470241
-0.215278
0.0333996
-66.3017
0.0165745
-0.230275
-3.9754
0.206147
-1.09765
-0.603727
8.13002
3.09721
-3.72408
0.126885
-9.64361
2.54485
2.16439
-0.8885
-10.6252
5.09665
1.18899
-0.366744
-0.609035
0.150481
-0.985872
0.549719
2.53747
-1.13078
0.394178
-1.8404
-0.101278
0.497712
2.25047
-0.498305
1.82917
-2.51538
1.06976
-2.67404
0.987849
2.62434
8.83176
-0.285311
-9.37719
-0.181333
-1.01718
1.32642
-0.210409
-3.11154
-8.60779
-0.587363
1.77799
-1.0137
0.0914028
2.63273
1.61099
0.208765
-0.934224
-3.1288
-7.99672
-1.35165
-0.544457
2.09734
-0.346293
-2.49867
0.1345
1.95541
-2.04021
2.01344
0.862828
-0.715145
1.6553
6.91723
0.775366
-0.00334868
-0.204001
0.582328
1.48191
-1.39776
0.720302
24.5521
-0.00899663
-0.737797
-1.38633
-0.548453
-2.82182
-0.208963
-0.563417
1.52005
4.75978
-2.63153
6.31439
3.09855
2.6435
0.571682
-1.34077
0.755757
1.05003
8.37006
-1.63878
-0.528282
1.86989
6.86936
0.141903
0.749263
-0.636542
1.18704
-63.1359
-0.635214
-1.00069
2.85027
0.647965
39.5027
0.291769
-0.629925
1.26364
15.1034
-1.00751
0.719238
2.42209
4.84712
2.82028
-1.14471
0.231659
0.992371
-1.28567
0.644939
0.934555
1.23406
-1.09936
1.76293
0.711991
-1.51392
1.02836
0.474197
-4.98085
0.736319
-5.7472
0.0368804
0.87722
0.5347
0.370118
-0.728261
-7.59244
0.407945
4.46015
4.05249
-0.0389201
0.84224
-0.801292
-0.977261
72.8723
-0.152836
2.23598
0.965395
4.14902
18.4124
1.26892
-37.1242
-0.442401
-0.0391833
1.3782
0.903741
0.230877
-2.32653
1.40658
-0.327198
1.14964
0.377381
1.4058
-0.815286
-0.449114
-3.46991
0.606783
-0.40313
-0.309536
1.86526
-0.344609
-0.0632716
-0.583279
-2.01517
3.54629
-1.6596
2.69188
-0.843775
-0.534698
0.535928
-0.331498
-1.58214
-0.00754192
1.84908
2.22072
1.30548
-1.81589
-0.241032
-14.6336
0.365445
0.113094
-1.51302
1.31164
-0.56699
-2.89104
-1.94235
0.640767
0.314801
0.555169
0.00229713
-0.573174
-0.965734
1.20059
0.000551186
-0.698088
-2.52218
-0.795552
-0.585558
0.0674653
80.1288
-7.81673
0.109805
-0.382521
-0.0219885
0.122044
-0.753599
-2.92808
1.55946
-0.260906
-0.957311
90.6378
-1.60658
0.498209
-1.00155
-1.42339
-1.04832
-1.71386
11.6484
0.146567
0.155122
-3.46486
0.387121
-0.563152
-0.21512
-1.29472
-2.04519
3.92209
1.99388
0.906463
1.96775
1.11787
2.43453
-3.92398
-4.10223
0.13284
-6.87865
-0.329207
24.1065
1.13587
8.86857
77.2171
-0.0115627
-0.786628
-8.14844
1.25026
-1.25048
-0.651714
1.57944
-2.89139
-4.55783
1.52841
-0.818294
-2.41331
0.565297
2.38921
-0.526671
3.0175
0.932025
-7.19638
-0.739937
1.54539
4.21636
20.4639
7957.22
-0.361513
0.514606
2.88642
0.127371
-1.39853
-5.81272
2.2128
-2.06848
-3.81822
1.33864
-4.83191
-0.0984996
0.57984
2.25893
0.321377
5.24535
0.237433
-0.548566
0.811456
-1.86766
0.518428
25.6744
5.13885
-19.8717
0.397347
-0.0505038
-0.522445
-2.61857
0.360468
-0.0113825
-0.439929
0.45534
0.75897
0.642527
1.51521
0.743582
-1.05985
0.0154922
0.366945
-0.40834
5.64801
-3.20256
0.208361
-0.602237
0.828211
0.693757
0.405959
2.23335
1.64456
0.0742137
-1.39983
-0.75713
-0.927894
-0.294352
1.04782
0.589872
25.9469
-0.273193
21.9962
1.12148
1.33517
-0.535312
-4.67332
-3.42854
8.44392
2.97404
0.383722
1.50995
1.86197
-0.393123
-0.715371
-0.822448
0.398885
16.3537
0.536849
2.29972
0.449812
-5.13915
-1.01087
-36.7419
-2.69036
1224.33
-2.47081
11.629
-0.229396
1.34564
-0.433185
0.226392
-0.267871
3.37507
1.83076
5.59637
5.07001
4.50345
-2.42428
-5.42608
-0.39491
-0.859016
0.422216
-2.39066
-3.83124
0.945675
-0.997977
-1.01016
-0.865184
-1.23836
54.9992
-2.13294
-3.72398
-1.67568
-1.32734
0.507296
-2.31118
5.58873
0.263139
1.2279
0.123319
0.440486
-0.220673
-0.160813
-1.35204
0.485399
-13.4739
-0.672059
5.47249
-0.686798
-2.01696
0.834677
10.0474
0.832409
-0.562147
2.79514
2.89423
-6.74685
-0.339987
-1.29787
0.486471
-2.04729
-0.689091
0.012349
-0.352994
-1.2456
2.59311
-0.337457
-1.06747
23.8702
-0.183065
-2.93134
-1.68804
-0.759529
1.59391
0.831875
2.13364
-3.54542
1.22708
0.569963
5.3912
18.9191
-0.339007
0.0920381
0.256141
5.77743
2.7775
4.93301
-0.254174
-0.173331
-1.12238
-1.14696
85.805
1.00419
-1.27
-0.837541
-0.60783
0.805175
-0.350722
-0.310917
6.61014
-0.302509
-2.60516
-7.77269
-0.439878
-1.10773
0.117007
0.830955
-1.31443
11.0446
-1.47167
-3.19136
3.57099
-0.121848
-3.01286
-0.446629
-3.38765
-0.884489
-1.19457
-1.90467
1.03154
0.743781
0.0859062
4.29569
0.709841
-0.736179
-1.1344
-1.01217
2.1158
-1.45279
1.22128
-0.147343
0.267845
1.81784
-1.63545
-1.09026
0.134244
1.20572
-1.07723
0.214368
0.0269128
0.404351
-0.881929
0.582064
-0.433644
0.500907
0.413801
29.303
3.02583
-0.0339985
-0.193084
-1.97446
0.800087
-0.0940617
6.56958
0.23339
-0.555369
0.299848
-5.04925
2.87142
0.308711
1.23021
0.143568
-0.445923
-2.68615
11.0012
-1.63679
-2.04567
0.741003
-0.0747148
0.787706
1.25183
-2.38254
3.1442
9.41924
-1.00453
-0.27344
0.314556
-0.467653
-5.72451
-0.906579
0.655741
63.0296
0.428662
1.22437
-1.12341
1.01916
-3.01366
-0.593876
-17.5239
0.533321
1.08516
0.884487
-0.121766
-1.76348
-1.59713
0.656717
1.95383
-0.878468
1.5728
-0.548067
0.396303
-2.04933
-8.85765
-0.480666
-0.231677
-10.3274
-1.07494
-7.03404
2.42554
8.13783
-1.28968
1.93888
-0.158784
3.71631
-0.0755082
2.54346
-0.260571
-1.30767
0.915374
-6.67887
0.760369
2.87702
0.0225519
-0.141265
-5.16847
-6.56037
467.984
-0.460527
0.204418
0.757113
-1.04329
2.46982
-0.110856
-2.77426
2.90544
0.159654
0.181458
-0.502364
0.00702608
0.329982
-0.212493
-99.6056
-2.06183
-0.326138
5.42565
1.05921
2.8758
29.4907
-2.00164
-0.851754
1.10474
4.71111
0.033048
0.733477
1.54042
-2.26159
-0.00260562
-2.73693
3.04669
0.928259
-0.256284
0.211453
-0.465294
-1.71823
1.93215
-2.7046
1.42251
-3.28469
3.95214
1.05415
1.65231
-0.472008
-1.28269
-0.0995963
-0.328035
-1.22335
-3.78317
0.651352
0.544636
0.233216
-0.494005
-0.617697
0.970973
0.937745
-1.09183
-0.0994199
1.14169
0.257668
-1.03316
0.582325
-0.588266
0.85104
-2.52479
-0.687579
0.988608
-0.687075
-6.95669
-1.33346
-1.44624
-1.46208
8.36534
1.2576
0.775145
0.276798
0.628236
1.23815
0.909047
0.15529
-1.67672
1.00889
-1.8401
1.77696
-1.66138
-24.2095
-1.7028
0.301877
-4.70459
-1.24024
1.10713
-2.1923
-0.11775
1.47927
-0.428537
0.620159
2.93702
0.183176
-1.15971
0.548533
1.84477
1.37329
4.67166
-2.54145
0.0740051
-3.67132
-1.9598
0.364151
-0.749576
0.012643
-4.1592
0.831124
-2.14844
0.328553
0.43837
2.50213
-1.3529
-3.10803
0.209657
-7.66629
-1.79078
1.88388
0.435859
0.281974
-0.0148864
23.1543
0.606594
-1.73506
-1.09542
-0.174279
6.8042
-2.97159
0.0853332
-7.33046
-1.3678
-0.941659
12.8538
14.212
-52.0833
-10.127
-0.420159
33.608
-1.64087
-9.22406
-20.129
1.12637
0.205877
168.142
-0.696856
0.495813
2.63363
-1.18242
1.85738
6.78533
0.654369
0.805316
-0.192922
-2.43415
-2.16238
-0.00926986
1.17535
0.343701
1.01201
0.89353
-2.50078
-1.01353
-0.187077
1.42822
0.322263
1.82038
-2.00599
2.43776
0.0446578
-0.278458
0.278174
0.245634
1.04741
0.754603
-1.14448
2.09103
-0.144592
-3.47137
-1.25231
-0.585617
0.146951
0.147409
-2.06543
-0.411972
-0.605035
1.68541
0.609011
-1.04725
0.979127
2.75767
-8.5333
1.60415
1.18766
1.17573
-0.119629
-0.144978
-0.17255
2.89724
0.0132738
-2.58822
0.737675
5.89753
1.07737
-0.109273
0.745661
0.274027
0.256654
-0.531047
0.432339
-0.758421
0.0599329
-0.8646
2.0133
-22.0224
-9.59299
0.874161
-1.47716
5.19081
-0.922844
0.216867
0.322719
0.188278
-1.57561
-4.74463
-10.1816
2.08405
-1.60042
-0.0942836
0.193811
1.10556
-0.699519
0.0534573
-12.1724
-1.32152
-0.312602
0.17624
1.70939
-0.909748
0.384395
-3.88793
-10.1324
-0.0482942
1.38276
0.112275
-0.835434
-1.65161
-0.247019
-0.600952
-0.406357
1.25256
0.441169
2.47679
-0.282439
-0.8352
-2.37508
-2.6355
-0.0328513
-1.20004
1.53657
-0.310257
0.348894
0.487584
-0.525429
1.2961
4.07691
3.8505
-1.29396
-3.07663
-1.44124
-0.0355372
-7.01929
-0.0431519
-0.235657
-0.151724
7.85271
2.07219
-1.53893
2.00362
-1.58911
0.440195
-0.0188041
1.07175
-47.243
2.68866
-2.47706
-0.150111
-0.41072
-0.972189
-1.88281
0.0793809
-1.01302
-0.353109
-0.840614
0.691269
0.0315641
-0.866152
-0.295907
-1.77912
-0.227893
-0.758464
-0.4444
1.74326
0.602866
-2.72912
1.41427
-0.240247
-0.751035
-0.251914
1.04655
2.21962
0.674784
0.206644
0.311392
-0.439748
0.0247348
-8.26368
-34.2481
-0.411111
1.0739
0.602288
0.412169
-4.18417
0.845412
-0.237377
0.240773
-0.590701
3.04756
-2.00762
0.330885
-0.299956
1.17384
-5.29443
-2.09356
1.38058
0.781882
2.51167
-0.504035
-2.14687
-0.864932
-2.45672
5.39796
-1.3108
-9.31473
1.62226
2.31425
-1.25785
-8.51633
1.14984
0.456862
-0.205887
-7.81985
-0.359371
-8.21578
0.440019
-0.443254
0.283911
0.0115237
-0.198748
-3.82817
2.55438
-0.953656
0.522347
0.643287
-35.0704
-1.30138
2.99264
19.9194
4.65482
0.844357
0.409394
-0.212244
0.655415
16.0933
0.10846
-0.444473
2.13709
1.04382
-0.438246
-0.0591627
0.113215
-14.0698
1.03846
-0.0495746
0.225883
-0.271178
-1.18385
-0.180577
-1.72868
0.421981
-0.818756
-0.305364
-0.180734
-0.73911
121.348
-2.82273
1.22736
-0.25619
-0.943474
0.0314019
0.130304
1.62739
-0.0455458
-1.86092
-0.640526
2.33775
0.876546
0.0685704
-2.84287
-11.4245
-0.339261
-0.326891
0.824224
0.729715
-0.782621
-0.401702
-0.368282
4.1804
-2.82873
0.401006
-8.64147
0.614078
0.0212436
-0.0721235
0.778802
1.72395
-0.735948
39.5557
0.75471
1.63344
-3.22282
15.3617
-9.03408
0.575735
-4.18229
-6.12921
0.521785
0.377769
0.0438427
-0.78518
-0.131341
0.623547
-0.0589228
-1.7
0.341058
-1.46178
1.3864
-0.460606
0.277067
0.713365
-4.73833
1.06099
-1.88647
2.0281
-0.211596
-0.304664
0.0969125
-39.7386
-56.627
-0.344841
-10.043
-0.119073
68.2567
3.19908
0.0354944
0.858
-0.642836
-2.94254
1.6501
1.16301
-1.11253
1.25918
-0.0980045
0.739397
7.10561
-0.14086
0.698005
2.91079
-1.82815
-1.24629
-0.719431
2.9396
1.26136
-2.4596
0.438549
-0.594678
-0.080705
1.10844
-2.02422
0.115452
-1.45121
0.0930539
-1.9555
1.1036
-1.26627
0.395564
-1.66592
3.55075
3.22769
-0.346355
-0.479065
-1.97162
-2.34301
-2.6748
0.0754169
2.26996
-0.15179
0.166993
2.55912
-0.161565
0.506501
0.351795
0.976859
0.321172
1.02725
-0.836175
-10.8876
0.0422022
10.9663
2.86626
8.36327
5.38951
-0.69357
2.39531
0.961922
0.586049
4.8158
0.447813
0.0689
-0.960559
-0.442752
2.66129
1.14535
-1.3478
0.151481
0.930832
0.878561
-4.04801
-1.14509
1.11239
-0.0654944
-2.22346
-0.566016
-3.55986
-0.287697
0.894738
-0.677359
-2.28223
1.83198
-9.67631
0.311457
4.58111
4.1935
2.14671
-2.77176
3.09797
-0.374533
0.0643778
-0.198312
1.42361
0.0972057
3.67165
-5.05426
0.318006
-0.670377
0.057904
0.147744
-2.53157
4.28844
2.10961
-9.93461
0.99902
-5.54576
2.59047
-0.277332
0.245987
-0.30547
1.02759
-0.571254
-0.239098
-2.75092
0.379815
-0.575274
-1.39577
0.83628
-19.4639
1.93587
-0.250014
-0.202909
0.67854
0.228269
-5.23583
-2.4534
0.288935
-0.984782
2.39394
0.770466
-0.471047
0.50513
-3.72491
2.58931
-64.1945
-0.197141
-0.379089
-4.56867
-2.13524
-8.51232
-1.55047
0.226331
0.495625
0.786808
1.77111
-0.251504
-1.81854
-0.19038
-0.112857
-1.0523
4.03818
2.50765
0.758387
2.28515
-1.02279
-1.04984
-20.826
-0.393998
0.932727
0.427874
-5.654
1.37956
0.314929
-0.0989806
1.51402
2.35542
-8.10647
-0.351844
0.145775
2.07463
1.12434
-0.312793
0.0435886
0.123871
0.22593
0.751473
1.83289
1.65668
2.03277
-3.09171
0.0013773
0.709008
-0.990214
-0.700552
-0.00545795
-1.47538
2.14843
0.083611
0.555344
-5.20918
1.85725
3.05248
-1.58469
0.703361
1.29306
-2.40496
-1.98532
1.69993
-3.51263
0.138823
0.00105639
1.66655
-2.35321
-0.114146
0.987126
158.247
-2.44554
6.823
-0.364313
-1.25909
-2.48473
-0.606273
3.52411
0.156154
-1.26799
-0.474093
-0.255213
0.104413
-0.604447
0.394037
0.235272
0.6148
-0.605325
1.98361
-4.12139
-1.92513
1.13717
5.8882
-4.99873
1.47317
-1.27962
-0.0977576
-1.9207
0.520758
-1.88653
3.19364
1.62342
0.546601
0.277066
-0.521718
-0.213892
1.63963
0.718848
-1.84501
-1.08803
-1.49353
-1.00443
-0.593236
-0.585463
-0.110055
-0.0252049
1.22615
-1.01196
-4.50361
-0.492463
7.20739
1.83298
0.120074
1.20012
-0.890945
26.0692
-7.23156
1.43414
-8.53639
-0.807643
-0.0207324
-34.8558
-0.47454
2.92905
0.328942
-1.23809
4.65382
6.10987
1.58572
0.858003
-0.0160423
-2.35244
-0.882799
-3.35813
108.169
0.0938526
0.967959
-2.27189
-0.139154
0.032529
4.42155
-4.549
-1.31582
-0.676594
-0.0463502
0.942084
-0.288013
1.81526
-1.0572
-3.44689
-3.1987
-0.480636
10.3279
1.94434
-1.55994
30.1508
-3.21495
10.303
0.861532
-1.98168
0.788961
-0.904898
90.749
6.52308
-2.76345
-0.737295
1.58549
8.23772
-2.65942
-0.391629
0.657699
1.91982
-2.29298
-5.62229
0.196227
-1.87096
0.149871
1.36634
-4.91201
-82.8385
0.185167
0.0735392
-2.89931
0.145186
-1.03821
3.85213
-0.8093
0.502311
0.24457
0.877614
-3.2087
1.28052
0.723256
-0.576029
-0.380453
3.337
1.71127
-0.0775802
-2.48276
3.87513
-0.867376
-4.42134
2.73585
-4.33019
-1.05668
-0.502426
6.5052
-39.9661
0.462313
-1.10186
0.927787
-0.22949
-0.960182
-0.469219
0.16964
0.259771
-0.00849691
-0.243257
-0.75492
4.037
12.0634
-1.53611
-5.28927
0.565704
-0.977952
0.144875
0.121049
-0.977041
0.468874
0.391405
-18.8966
0.801738
-0.088504
0.681265
-0.764119
0.309224
0.998587
0.194738
1.65252
0.382599
2.5613
1.94818
0.220059
-1.48398
0.62302
1.26791
-3.64542
-0.212208
-2.78113
-1.48552
-0.212313
-0.385447
1.36752
300.078
0.181019
2.10008
-3.49154
-0.891283
-1.239
8.37597
4.17938
-2.75271
-1.20511
-1.56682
-0.121492
2.89493
0.103166
2.30405
-10.0351
4.54322
0.134438
5.11752
-2.68173
-1.34375
0.0558491
-0.219263
-1.61624
0.85298
-2.27261
0.645421
-0.819431
0.33311
-2.42167
0.703004
-0.505454
0.440246
-0.667217
1.7523
-6.71331
0.17357
-0.571122
-0.613274
0.023916
1.44655
246.671
1.02935
-0.834938
-0.51123
1.2225
-0.897972
-0.304697
1.0636
-1.04033
0.0868366
-0.566369
4.9059
0.364232
2.37032
-0.288604
2.04148
-0.139397
2.00242
0.218166
0.785703
-0.285586
-5.11393
-0.620874
1.99339
-0.544502
2.12255
4.63664
57.9176
-0.451508
-0.348468
-0.80167
10.0124
0.132716
0.68774
-6.1613
-1.88275
-1.7577
0.495532
-2.87801
-39.7447
-2.55989
-26.3172
1.14094
-4.40084
14.2653
5.46091
9.19511
-5.52304
-0.626166
-0.835189
-3.87548
-11.5118
-1.27751
-0.732417
-3.25081
-1.60354
-1.37341
-1.61496
-0.338778
13.3971
-1.75982
5.38012
-1.08085
1.76614
-2.05757
4.71509
0.149215
-0.281677
-0.294533
-1.71333
2.70213
-0.826839
-4.16927
-0.342561
-0.596431
-0.25462
-0.821233
-0.848036
-3.52634
2.99714
-0.681298
1.04208
-2.09639
0.766873
2.33345
3.42508
0.499573
-0.256791
-0.0351957
2.02101
-0.967964
1.08133
-1.29911
2.87548
3.31632
-0.799998
0.474108
-10.8081
-0.179059
-0.326161
7.3814
1.41867
2.62668
-0.207955
0.0572537
-0.453894
-0.317724
-0.26701
-1.98113
-0.680232
-0.0699708
0.510132
0.0663368
3.15679
0.495744
0.0417241
1.13299
2.11503
1.066
-0.885476
0.646963
-2.59109
-0.37524
2.18909
-0.442377
1.58084
-0.330459
-1.53819
-1.52036
0.33785
-0.625659
-2.6401
-1.56826
-0.305727
1.65695
0.218014
-1.06117
-1.88193
0.280433
4.09007
-0.409322
2.1206
-0.053894
-3.56588
-1.92511
100.901
-3.89358
0.139568
-1.03155
298.096
-0.458599
2.07987
-0.035981
-1.12711
1.20213
0.0384796
0.636184
-0.687841
0.664971
13.4625
0.915069
4.44801
-0.725693
1.69441
-160.048
0.213117
-0.102672
5.99703
0.0945494
0.927166
0.261417
20.0881
-0.0715617
3.91981
0.286611
1.10998
-0.817713
-0.0328095
-0.973519
0.0756502
-1.73722
-78.1672
-0.672525
6.79434
0.177066
3.16265
2.11271
-0.751838
0.266064
-1.26558
-4.87275
0.275965
-0.67186
-4.85889
-1.49747
0.486338
0.0396912
-0.229106
0.366057
1.76419
-2.72728
0.242474
-2.31968
-2.34302
-0.115821
-0.748521
7.05214
-0.221064
0.565921
12.7917
-3.84603
0.379982
2.49902
-4.77058
0.550326
0.627533
-0.0940617
1.86342
-0.310023
0.000732011
0.441892
-0.149805
-28.7181
0.839861
-1.40973
0.934479
1.19585
-2.41776
-0.555508
-2.82203
10.072
-0.465795
3.16026
-2.02953
1.14205
0.177985
-0.0369064
-0.145245
0.818635
-1.42378
1.35361
0.776463
0.00294135
6.16852
0.382909
0.451314
6.27389
-0.0435651
0.363985
-16.3219
0.626537
-0.317113
-1.92625
-0.692148
-2.93159
0.858833
-2.51431
0.659512
-0.347425
0.429369
0.659589
-1.27375
0.724891
-0.476215
1.72802
-0.328389
-0.275545
0.33796
1.62245
0.32736
2.33148
-0.460055
-14.4806
-9.5989
3.98985
1.34138
-0.691333
0.853783
-0.358259
0.226028
0.0718245
-1.6609
-24.5028
0.0654743
0.640961
1.7533
-7.2085
-0.11306
-1.12684
-0.652211
-0.328314
22.8705
11.648
-0.976584
-0.160378
2.24393
0.613482
-7.11254
0.375542
-1.67977
-0.666814
0.507464
-1.50464
4.93134
-0.125468
0.192426
-0.502489
-0.477035
1.11747
-0.337312
1.41151
-0.764746
0.103749
1.84518
-1.15375
-1.88998
5.44635
0.597137
0.550257
-0.606774
1.99714
1.51172
-1.70844
-1.80707
-0.18024
-0.118463
1.96224
-0.770711
1.6
-0.000950151
-0.961351
0.322962
9.91889
6.0281
-0.567493
4.83448
-0.0991821
-1.54218
-0.877159
-0.738496
5.56874
0.142048
1.14601
0.390593
0.529987
5.02804
0.520275
-1.19319
1.5183
-0.336708
0.47846
0.571472
-1.74768
3.02602
-0.669745
-0.503379
0.084719
-2.50305
1.27237
0.330647
0.138334
-0.849791
-0.025084
-0.825958
0.0366243
-0.160476
0.591583
0.354588
-0.811101
-1.47066
-2.03453
0.382444
0.152295
0.344205
184.731
2.5216
-1.53136
0.74141
-2.13842
0.200092
-7.65064
-1.5771
1.57584
0.473029
-1.29781
-0.250726
1.38486
0.356111
0.0602374
-4.9232
0.423566
0.00405845
1.9076
-0.203388
0.0968096
-1.64531
-1.50272
3.01736
1.94566
-1.31701
-1.91268
-2.52416
-4.82627
-1.98149
-0.254682
2.00481
5.13562
-16.1077
0.00153619
1.48534
0.281716
-0.635092
-0.832881
-0.0307714
0.1428
-4.5172
-0.611163
-0.00731435
2.27937
-0.333636
4.49432
-1.61914
1.26549
-5.13138
0.272042
1.89917
-0.439113
-1.36571
-2.89421
0.923927
0.620708
-0.63119
1.48191
-0.978453
0.639872
1.13711
-0.853917
-0.387465
1.51834
-1.00545
3.52992
1.45742
-0.567375
1.59364
-0.45831
-0.210663
-2.33236
0.0435058
3.52828
-14.566
1.05327
-2.55995
19.9196
1.06209
0.158646
-2.82258
1.61534
-0.282283
-1.20034
-2.99744
-0.753954
2.5547
41.0191
-0.768205
0.6532
-0.398662
-1.91781
-8.72966
0.7355
-4.36678
-0.704618
0.4468
0.0754271
0.64956
0.67667
-0.319752
0.176709
5.58927
-1.38734
-0.314545
1.65342
-1.97429
2.52616
0.0441675
0.692676
-24.4901
-1.88733
1.43357
8.43325
-19.0115
-1.2751
-0.567984
0.545552
6.35766
0.676528
-0.488171
-1.14652
1.83971
1.19271
0.880229
1.636
0.121221
-1.19991
0.706991
-2.84161
-0.304409
-0.834683
-0.611503
0.2743
-1.04454
-2.96132
-11.6917
112.809
-0.36611
-1.79755
0.943516
1.88496
-4.38388
11.0705
-1.94711
0.215465
-0.9899
0.924655
0.0765537
-0.0540748
-1.09821
-0.379766
-0.905502
2.72869
-32.487
-0.436763
-0.183207
-1.37997
-0.382337
0.33471
-2.25218
35.8552
-0.284227
0.551883
0.818708
-0.352776
-3.22559
-0.120851
-0.623327
-1.73584
1.39191
1.40165
-0.230291
1.8926
-8.93615
0.283192
-0.419722
0.805867
0.320746
3.26663
-2.22048
-1.45041
2.67426
0.415009
-2.95691
14.1737
0.442009
0.191452
-2.71144
0.00200726
2.06876
-9.05451
-5.83725
4.90868
-0.192352
-476.501
-0.776998
3.60215
-0.306357
-4.76757
-5.60329
2.00657
4.53929
-0.205519
4.29808
-1.57676
-0.966363
1.61214
-1.82688
-1.09476
-0.923536
-0.0918661
-17.7605
-0.341633
0.25454
-180.584
0.868687
-3.29939
-40.6706
-0.715687
0.181927
6.38654
-0.564036
-0.136281
-0.643094
1.12519
0.612128
4.94805
0.618281
-4.78404
66.2121
-0.819398
6.05512
-3.40175
0.296776
3.16292
-0.893558
-0.925037
-46.5273
0.423983
-3.48727
-3.7179
2.61164
-2.02062
-0.19735
-0.205031
-1.25239
-1.21788
1.55761
1.00729
-1.88408
0.914978
-1.06876
0.452315
-1.1603
1.25725
-13.9073
-1.55553
2.14187
48.4451
0.546672
-0.646716
3.70523
-1.04892
-1.81138
2.79439
-0.588716
1.32047
0.521066
2.37838
-0.19973
1.68388
0.901857
-0.618014
0.968876
-0.469255
-0.300868
7.0253
1.44305
33.6281
-0.685988
0.0836343
-0.863286
0.143253
1.473
2.18422
1.46234
1.08636
0.536927
-5.32791
-1.32763
7.57935
0.216194
-0.839067
0.156744
-1.00196
1.0488
0.906646
0.671941
-1.804
1.34073
0.0603412
2.09361
-2.35956
-1.58932
0.195575
-1.00327
-8.42393
-2.29463
-0.23416
-0.376847
1.02342
-0.102795
-1.41232
0.211527
-0.499195
-2.91674
0.122391
-1.24474
5.44153
0.527111
-0.746783
2.75054
0.431931
0.458264
-5.74445
0.485725
-0.488511
0.112977
-0.295106
-4.2715
-2.67183
-0.521679
-3.52815
1.28857
-0.727372
5.86511
0.954986
-0.681925
-0.506128
16.6551
7.82723
1.80674
2.4922
0.852141
-0.163512
-6.2074
-0.232173
-1.88693
5.63845
-1.926
2.53811
4.54757
-1.18593
1.79937
0.0166638
2.36637
0.240335
0.233638
-6.3871
0.0535192
-0.171954
-3.4441
-0.012012
1.07584
-4.17347
40.8195
-2.57457
-0.209586
19.5106
0.416094
1.03425
0.502116
-0.263252
2.20665
-4.04083
-8.27522
0.154867
-0.940191
2.63731
0.660432
0.0487554
-25.3483
0.180769
0.143981
-0.476786
0.649542
5.95128
1.3042
0.196914
-1.35
0.460521
0.213182
1.13857
1.66437
-3.19313
0.173677
-0.191182
2.80955
-0.924973
-0.206444
-0.622713
1.90058
3.13312
0.0670713
2.05218
1.22888
0.626043
-0.667785
-0.680379
-1.09903
0.237134
-0.963547
3.1017
-1.82768
1.67782
0.353458
-22.3536
-0.399808
-7.28037
-1.23438
-1.12453
1.15189
2.19925
2.89303
0.439922
3.84373
-3.22752
0.550801
-0.273814
-1.75513
2.91421
-1.23228
8.8974
1.69566
0.277941
-0.460118
0.300203
-0.437515
1.30548
-0.375477
-0.339499
0.713577
15.3033
3.08897
1.54108
-3.25809
-0.0186816
0.47103
-0.468065
0.980581
-1.45571
0.342364
-0.710774
-32.813
-0.728368
-0.556494
-5.62099
0.132108
-0.577228
1.02493
0.103894
-1.68893
-15.0179
-0.551241
0.0448752
2.27769
1.81805
0.883769
-8.02342
-1.35138
-0.558862
1.19089
-13.877
0.781279
-1.04181
-26.0099
0.51796
0.693499
-0.53735
1.38277
-0.984691
1.52371
-0.52312
0.377304
1.48521
-4.6622
0.160812
-2.21977
1.17039
-0.860306
-0.81988
1.19153
0.396715
1.27537
-0.998457
-0.0736115
-0.32488
2.33366
-1.83158
-1.86348
1.83565
-0.247963
0.231332
-0.621888
2.297
-72.5113
-0.61324
2.19885
0.72336
-4.03387
1.12732
-0.783135
-1.28782
0.154653
0.647545
-0.731308
0.0914172
-0.723071
-0.0813768
1.33564
-0.449988
-0.111352
0.00393464
-2.43705
-0.622605
-0.840363
-0.241535
0.0347182
-1.55565
0.857854
-0.698042
0.0158526
1.97776
-2.38928
9.29302
-4.58488
-1.45798
-1.39427
0.210483
0.294938
-3.65821
-0.856006
1.96959
-7.01999
-0.994765
-356.683
-1.18674
-5.58787
-1.68129
1.91917
12.2912
-0.516127
0.457659
5.01059
6.59015
-0.102612
-0.511859
-7.00384
0.443075
1.86662
3.00766
2.65428
0.344427
0.904163
-0.155169
61.2034
-1.90686
0.310193
0.353169
-1.73086
1.36503
1.64221
-49.563
-0.259168
-2.52659
0.626591
2.92329
-0.794662
28.8004
0.0724142
-1.3123
-0.958236
-7.68555
3.18358
-4.96193
3.73309
0.341542
0.357359
0.892854
378.785
0.451665
0.357326
1.16911
-0.873085
-0.0310315
0.565928
18.5278
-0.903553
1.96116
-0.704125
-0.1022
-0.303083
0.715162
-1.00858
1.59013
-0.501873
7.91732
-1.19229
3.68184
0.235578
-0.151841
0.503816
83.3651
-1.01717
0.971668
-3.89087
-1.98312
0.472525
-1.75133
-0.107204
-2.03593
-0.989057
-0.569186
3.87809
-1.86415
0.310526
-6.26868
-8.87296
0.754511
-0.40374
-1.14908
0.873951
-5.00187
-9.95208
-0.10396
-6.49635
-4.62997
0.659107
-0.201859
7.89394
-0.53186
-0.246242
2.83494
9.25361
-0.542613
-0.393582
-1.00587
-0.435104
-0.439394
0.750363
3.90979
-0.91024
0.305767
-0.700622
0.094486
-0.129781
-0.405073
-0.0204237
1.99445
0.551691
-2.09403
-0.217212
-0.197641
-0.826011
-1.18555
0.771791
-0.972789
0.444905
2.12286
-0.437147
0.00334344
7.72777
-1.49412
-5.47498
-1.7167
0.894481
1.44502
1.55435
0.378207
0.324635
4.3241
-0.249236
0.493615
-0.539412
-2.10349
1.16104
-0.194917
-1.08568
-0.0539314
1.19071
-2.73684
106.132
0.287922
0.105575
0.518617
-0.546898
-1.34856
-0.670633
-0.746389
-5.82698
2.7914
1.05065
0.0231423
1.43936
-3.19776
0.688751
-0.898159
-0.912365
-5.34998
0.185325
-0.770347
-2.26047
-1.25921
-4.53697
-1.7881
0.76047
-1.40279
-0.0220258
-1.6147
0.51901
0.620986
0.835058
0.983053
-0.280252
10.1491
3.10769
-6.7164
0.13157
-3.06453
0.207007
0.00697728
0.851051
-2.6537
-0.71463
0.269686
-5.86307
6.78964
9.15986
0.888203
1.77785
-0.0708114
9.42432
4.49834
1.41621
6.06886
25.2876
-1.12057
0.917968
1.59901
-0.148657
-2.10379
3.72417
-2.24052
-0.0943812
0.0505646
-0.891171
0.573953
-5.36561
0.647203
-0.139055
0.731288
-0.196208
0.379918
-5.96805
-1.02068
-0.09952
60.4237
-7.4898
0.228892
5.52159
0.729579
-1.12342
0.479666
1.35587
-0.0422053
6.00611
-0.737117
-3.88495
-13.0022
-0.10014
0.190201
-0.215815
-3.20097
-0.398528
0.289667
0.607006
4.04082
-0.192611
0.412799
-0.612493
-1.52553
0.740542
4.87157
6.62041
0.497374
1.18247
-0.769711
-0.0636122
-0.865691
3.50048
-0.297777
1.31584
-1.35342
5.59992
-1.04137
0.231018
0.742172
1.14851
-1.73492
-4.99271
-0.0803354
6.80471
-2.01639
-1.4837
-0.952508
-0.510651
-2.8564
80.7956
3.38144
-5.39337
-0.429314
0.875488
-0.261016
-21.745
28.625
-5.72893
-0.382587
-3.49333
0.0121204
0.700615
0.594418
5.39107
1.36421
0.584108
0.72674
-1.3457
-0.582048
6.47546
2.32165
11.8874
0.804045
4.20595
1.71431
0.267833
4.75197
2.33261
-0.638123
-0.0997565
2.12593
-0.511039
-0.624885
1.80105
0.472561
0.769076
-0.779266
-0.286424
-3.66435
4.36093
0.586662
-0.151102
14.4572
2.02077
1.94406
-2.31064
0.913235
0.929605
-0.522448
15.2978
5.60708
2.26822
-10.2138
-21.0558
-2.82656
1.09098
-0.634313
4.12553
-0.885092
0.0832286
-0.744068
-4.71517
1.20738
7.89123
0.132604
-0.718068
2.69181
-0.67157
-3.44245
0.782382
8.26413
8.41711
1.41583
0.142458
1.86239
-1.47764
-0.605003
1.10749
6.89172
0.22639
2.95444
-34.0605
0.321392
-5.26024
-0.389771
0.0419353
-16.8657
-3.17769
-0.836468
-0.899957
-10.8694
0.843692
0.350312
-0.583167
-2.41489
-0.23144
2.94228
0.158686
-0.638714
-5.8229
-0.267614
1.26694
0.697843
-0.385459
0.27031
-3.85725
1.40217
-2.77447
0.0441877
-1.76806
3.03164
1.01494
-1.38007
-2.90622
0.982474
-0.745041
3.00105
0.323794
-0.110521
6.06893
-3.99533
1.35825
-1.47946
0.105328
0.748537
0.64806
1.68751
-5.5658
9.23578
-1.38559
2.46639
0.357163
-1.12466
-1.35668
11.7031
-2.14224
-0.305239
0.308034
2.71948
1.61549
0.946776
1.188
-1.01315
1.56361
-0.639339
-0.226905
0.475401
2.29716
2.01409
-0.391753
-0.0114203
0.173767
1.62926
-0.344064
1.72761
3.3695
-2.36184
0.524154
-0.358587
0.0768164
-0.116076
0.00871822
-3.21992
-5.03085
2.1762
2.70776
-1.39782
1.23923
0.630648
3.62245
0.225179
-2.2051
2.92047
0.141954
1.25368
0.491104
1.27497
2.01757
-0.541952
-5.58934
1.14005
0.3348
-4.76415
4.14809
2.14282
-0.238935
1.76251
1.05782
-1.55029
0.376967
2.68127
-1.65704
-5.77918
-2.07073
-0.131653
-0.812186
-0.915175
-1.92118
-0.453706
0.451915
-0.825568
1.10392
0.594664
-0.09246
0.73506
-0.364327
-0.0492627
-4.59992
-0.349538
0.775416
0.477562
-0.327817
-1.5671
-4.93937
-0.251875
-1.30256
-0.402077
-0.38237
0.20521
-0.235929
-0.799717
-0.718637
0.909638
-2.6439
-0.702584
1.14137
0.404685
-2.62953
0.76451
-0.781618
-4.54806
1.06518
-3.47834
0.0541937
3.68066
0.724891
-3.72606
-1.01357
-0.505113
-0.187618
1.03266
-3.10183
-0.928787
0.0470301
3.57299
-0.571167
0.281981
6.42001
2.85592
0.593536
0.889859
-0.68807
-0.993534
-1.69213
-4.09531
-6.24663
-1.20664
1.23631
-0.678855
-0.154609
0.978589
1.86611
-0.179601
0.0815103
0.640074
0.649461
5.385
0.156612
0.868747
1.14922
2.7128
7.82413
-2.51005
0.740678
3.59778
1.74655
-3.23765
0.404503
0.305191
-1372.1
0.972189
0.242124
-5.86593
-20.8276
0.192813
0.599144
0.683056
1.53212
0.0131362
-7.71001
0.640737
-1.00704
17.9028
0.362654
-2.17379
-780.586
0.343122
4.65219
4.31015
-1.46896
-3.05523
-0.0461015
-0.299794
-0.651892
-0.72362
-0.700754
-0.341638
-2.99142
-1.01852
4.2718
1.34735
-0.373574
-0.424312
2.29153
-0.0075582
46.385
-0.591429
-0.605562
1.37608
-0.459963
-1.59507
-0.245078
-2.62112
-12.2457
2.82975
1.01994
41.4578
1.42657
-0.606839
1.04595
0.803024
-1.62182
1.05842
0.344086
-0.237838
-0.718899
-1.62402
-0.366664
0.248867
-24.9456
-1.01644
-0.136841
2.68269
-0.706995
9.3579
-0.0393289
-1.67419
-0.501589
2.66629
0.0542653
-0.969897
-3.85569
0.700883
7.02317
-0.833582
-0.512506
0.419883
1.50852
1.00572
0.637555
-3.39039
-0.72507
-0.657415
-0.139555
0.73334
-2.32541
-0.740407
-0.637807
-0.187773
1.9711
1.05606
-0.36803
-5.73455
-0.842413
1.08426
-1.30111
-1.62293
-0.791476
-0.794468
0.295478
-1.78729
49.5773
-4.7243
0.707653
2.64029
-0.506228
-0.865117
-0.565484
-0.153356
-3.99248
-4.5262
0.707017
0.0408801
1.80282
-12.8542
0.037769
-7.17251
-7.76267
0.26006
-2.01067
20.8015
0.0135942
0.559479
8.44956
0.143839
0.859035
-3.47775
1.48468
-0.221488
1.5385
-17.4143
-1.96515
0.537671
-1.93794
1.70347
0.0630582
-10.3546
1.83888
0.606966
-1.0278
-5.94351
1.7581
0.252237
-0.657934
1.25045
-0.832999
-1.19171
0.781797
-388.779
-2.59559
0.501191
0.528542
-0.653555
0.540803
3.78196
53.3789
0.36323
0.145685
1.23308
0.0975627
-1.33314
0.700247
1.02629
-8.96328
-1.07694
4.26165
0.386436
0.982813
2.90429
1.35333
0.244169
1.4547
-0.796143
-1.49413
-1.07349
-0.755869
0.934127
-0.218428
6.06963
2.03082
0.0276747
0.281956
-0.201825
-0.907698
0.950527
0.505381
-1.81726
-0.0514064
4.52783
-1.09455
-1.20842
0.0621056
-0.0821417
1.91544
1.73569
-57.574
-0.239463
-1.91332
0.787461
-1.25725
-2.78821
0.218053
0.775734
9.93016
0.0103312
1.53201
2.50975
-0.232858
0.352121
2.08523
0.898129
-0.43399
-1.71634
0.819798
-0.656379
0.0250719
-3.33334
-6.51754
-0.692754
-0.458921
-0.0190843
-1.67905
0.834419
0.909701
3.03352
-1.4937
6.20845
5.71896
-2.91672
-1.07022
-1.68262
-0.303528
-0.0817756
0.950334
-0.409343
-0.935869
-0.604479
-0.655287
8.16331
-0.0506115
2.44678
-0.251078
-0.266489
-1.6667
0.212145
-4.78582
-0.143555
2.18042
-1.317
0.136344
-3.07046
1.40687
-0.0247313
-2.47405
-2.53826
0.0651942
-0.36474
-0.314827
-0.228991
9.58382
0.338253
0.44743
0.834259
0.250513
1.96287
-1.45711
1.1146
22.2561
0.395954
-1.03201
-5.73376
0.14919
2.56974
-2.81146
-1.10378
-0.65238
-0.235803
0.637005
-0.986279
0.916698
2.90553
0.448289
-0.832934
1.22435
-29.4655
0.0247298
-6.49116
0.877122
0.170125
0.899
3.02024
2.2383
1.15929
0.731561
0.749272
-0.680228
-0.602845
-12.8918
-0.915235
8.87491
0.157329
-6.72532
1.46683
3.76035
0.802098
-34.1549
-2.05084
0.799953
-2.74351
1.4234
0.0900476
6.17224
-0.514914
-1.45345
-0.952032
-1.64375
0.264647
-0.356666
-6.55192
1.56054
-3.91907
166.947
-1.13693
-0.995046
-4.65506
-0.158436
4.14996
-0.245951
-1.44715
2.12409
-3.35363
-8.87198
-0.216367
0.875584
1.07284
2.04232
0.508235
-0.834468
0.73338
0.520132
1.53504
-0.0985292
2.14836
-1.89024
0.47425
-1.65999
2.18795
0.476334
-1.1981
1.03299
6.85886
-2.70227
0.562419
-8.95264
0.198252
-0.630149
-0.046494
7.38391
-0.693443
-9.63837
-0.0778914
-2.0826
-0.974612
0.0759269
-0.162582
-0.711183
0.100094
0.0243956
-1.45326
8.83302
4.0885
0.182619
-6.41249
27.4681
-1.9744
-0.575623
-0.150097
0.395276
1.35995
1.18249
0.961403
-3.61148
-0.48494
0.518418
2.10389
0.607867
5.78804
-14.0767
-0.439709
-0.469183
0.448432
-2.97243
4.44441
1.99942
4.61605
0.319715
1.33264
-0.562397
0.129132
0.316387
-0.609614
1.79497
2.23571
0.755585
0.144371
-3.23743
2.01405
0.499204
0.0769869
-0.195849
0.315827
-2.2004
-4.32319
-0.887308
-1.28374
0.627996
0.192008
0.737215
2.57901
-0.150421
0.47684
0.0282962
0.127596
-0.921607
0.737305
0.349444
-0.606111
1.69837
2.47591
-4.70539
0.558278
1.20584
0.332394
-0.420653
1.65015
1.61296
-0.138807
-0.276044
3.04643
0.158899
-0.250631
0.644224
0.146534
-0.731865
1.39589
-5.30145
0.0621908
-0.601221
1.30384
3.62916
-2.14768
-0.813664
-1.05014
0.017933
-0.570758
-12.2647
1.21766
0.0700266
2.7052
-1.04237
0.110037
-1.16671
0.295597
-0.16349
-0.166915
1.12134
0.0577872
0.198378
0.666538
7.79835
1.67318
-8.08031
-0.13374
0.453991
-0.268029
-2.32242
-5.05439
3.80782
-6.47915
-0.535067
2.7273
-1.17304
-7.5931
-7.39834
0.227051
0.832556
1.56197
-0.4272
0.495425
-1.18619
-0.2697
0.607976
0.798411
-0.318716
-0.0966048
-2.0528
-2.99007
-0.823918
-17.3925
-1.08555
0.721077
-0.611007
-3.62839
-0.695738
-1.03034
3.06163
0.118362
0.365473
-8.75694
1.17483
2.10649
-2.01387
0.792669
-0.208221
0.80076
1.02479
-0.470335
0.37855
0.0748159
-54.401
-2.41195
0.311068
-1.7891
0.249147
5.54383
-4.85806
-0.172298
-0.626453
8.23727
-6.29589
-4.40113
-2.54265
-1.08346
0.361607
-0.804932
-1.26719
6.23068
1.45615
-1.3671
13.9299
-0.518902
-0.320345
1.17545
-5.61099
-3.70233
0.0829555
0.358014
16.8995
-0.536664
0.532834
27.4205
-2.1762
-0.76134
-0.546405
-0.281362
0.718217
0.199393
1.25306
-10.2885
-0.417548
-3.6882
116.684
-1.47064
25.3704
-0.0984572
-1.47066
-5.05019
0.0308984
-3.07794
-5.17216
0.0777274
-0.477204
-143.731
-1.09827
0.78676
-0.262383
4.93396
0.465992
3.50499
-0.162009
1.19949
0.0220277
-0.931947
0.0281622
0.272656
-0.128627
-0.053629
2.8224
0.940759
-0.168808
0.950329
-0.257765
0.461694
-0.390904
0.842478
-0.596021
0.653
-0.396374
-1.47696
0.609804
-1.01707
-94.3111
0.710599
-5.70432
-11.6475
-0.770132
-2.05533
-0.151389
-0.550342
-0.0133871
1.57195
0.711051
0.00297636
-2.21587
11.1155
-0.831367
0.136878
2.46293
2.20777
-0.657392
-0.130408
-1.2095
0.617626
2.06305
-0.721061
0.823758
-0.0766201
-0.0158625
0.0213822
-2.46906
-1.51126
0.00644586
2.94232
-0.32039
-1.31869
0.479909
2.52232
0.124147
0.629751
0.134509
-0.777365
0.303067
0.320554
0.686748
-0.0554518
-1.50258
18.5751
6.32995
-2.72154
-1.70561
-13.9021
0.463686
0.318431
-1.06626
-0.922726
-0.325622
5.86245
1.01915
0.154396
2.95408
1.17709
0.341042
-0.508432
-0.370431
-0.632269
-2.19767
-1.55948
2.3631
0.281552
-0.135097
0.933814
0.541449
-0.242169
-0.101386
-0.122221
0.119038
-2.17331
-1.14059
-2.28329
0.278045
-24.3828
1.31693
96.6044
-4.51961
0.95293
1.90413
2.87283
1.03302
-1.46491
-4.39243
-3.62807
-1.27047
0.255037
0.160144
-5.7183
-0.836165
-0.656759
-1.53562
1.19963
0.898062
5.1501
-0.512692
-0.976018
-3.4992
0.911439
0.0220884
8.95477
-0.28049
3.38696
-0.382773
0.619358
-1.41926
3.83572
0.270035
-2.01612
-2.45393
24.9019
-0.997273
0.373406
12.4418
0.0989118
-1.46142
3.63949
-1.82878
-0.652614
0.369606
-0.313312
-0.664119
-3.09739
-4.37411
-1.57642
-7.23128
-0.608838
0.724755
-4.22849
0.830357
2.02233
-2.5676
0.590791
0.209959
-1.14326
-1.96879
0.247162
-8.15418
1.34551
0.407938
0.465222
-2.97464
0.355352
0.0264269
-47.9808
-0.417412
0.183366
0.455826
0.468949
0.313745
1.31528
-19.1073
0.874688
-0.350119
0.878278
-0.248035
16.2853
-0.574136
1.10036
-0.341828
0.726935
-0.71107
0.779263
1.58641
7.64119
0.0264275
-0.930631
-1.42366
0.462736
1.27126
-0.480943
0.408358
-12.3791
-0.753396
2.56441
5.40667
-1.02552
-3.05834
-1.33738
0.398665
0.126554
-0.451031
1.87463
-3.81419
-8.36565
-5.1838
-0.260967
-0.339387
0.636675
1.11885
21.7503
0.883103
-3.97412
0.484649
-1.1324
2.48151
-0.232266
-0.836322
-6.17018
1.31685
0.838986
-4.41187
-1.85197
2.04751
0.608831
-0.169357
-0.610791
5.3296
1.73919
1.49535
0.212152
-7.55837
-0.312561
-0.301987
0.390923
-1.52517
-0.664506
0.735296
0.0199627
0.523135
1.29512
9.23806
0.305639
3.35392
-0.554653
2.83792
-0.0470443
-0.159743
-2.17002
9.16088
-0.060553
-0.476808
-6.93937
-3.70413
-0.0505214
-0.00864441
1.57183
0.261264
-4.76732
30.7369
2.27785
1.73415
-11.6394
0.19015
-63.147
0.340302
0.24747
-1.14054
-0.637888
1.42858
-0.238685
-0.708595
-6.99394
0.446366
0.997939
-2.91605
-58.2293
0.0494076
1.62609
-0.00116407
-0.508592
0.891761
0.627705
0.608878
-0.0545986
2.47125
-11.1867
-5.64125
0.481585
0.650906
-0.82885
1.68027
10.7253
-2.21715
-1.23531
0.418988
1.18949
-12.3029
9.09117
-1.46228
0.697236
-1.6001
-10.3643
-0.957225
1.33341
0.253106
1.11822
2.02728
1.6689
1.83848
-1.5135
-0.384436
-4.02651
-40.3261
-0.406963
2.97245
35.5745
0.335742
-2.43271
-0.597444
-0.29804
-2.04818
-0.281067
-2.44831
-0.306537
-0.383098
-1.77524
-0.547936
-0.36401
0.579236
0.476317
0.312787
0.772242
-3.14418
-169.604
-5.65919
2.13647
-0.402923
0.400546
-0.0557492
0.262659
0.652567
0.630551
0.180759
0.938543
0.796849
102.115
-0.881895
-0.711138
0.957372
-0.804794
0.0647503
-1.93918
0.640445
0.0793743
0.573542
0.931642
-1.29757
0.433271
-6.86872
0.0777274
-0.152582
-0.660268
-0.913984
7.48964
-0.884053
-8.1833
0.808799
0.8163
-0.442595
1.13604
-0.775508
-0.364775
-1.73837
-0.217869
0.669341
-0.51267
0.0761819
1.48934
4.84589
0.497798
10.3648
-1.79061
4.51661
1.93433
-0.044561
-0.312872
-1.19748
0.215127
10.6236
-3.12332
-0.416622
-1.32303
-0.797549
-0.355341
0.133158
-2.79969
1.39966
-0.0750712
-0.186365
0.454336
0.481999
-0.78173
0.331004
0.517861
-0.228042
-1.45706
0.135918
0.216122
-0.752274
-3.55944
6.85372
-0.717657
0.709488
-1.24043
9.95646
-1.70318
0.968423
1.99022
45.8207
-0.0294013
-0.0916487
1.89458
1.03528
-0.305451
1.81244
4.31129
0.617174
-0.459371
-3.63999
0.286498
0.153296
2.95255
-0.171713
1.47114
0.584445
-1.65444
2.3514
-0.547524
-5.064
-361.403
-3.19776
-25.5442
1.27894
-4.63977
-0.347229
-0.799527
-1.61139
1.41194
-1.8197
30.4553
2.5822
2.24688
1.31462
-8.82592
2.72402
1.71471
2.74917
-0.243963
1.21502
-0.48648
-1.08736
-0.299921
0.622644
1.24609
0.805697
-1.32194
-0.526148
-2.45015
0.873555
-0.32773
-0.143298
-0.278219
1.27302
-12.7473
-1.00779
0.750529
10.9211
-0.230193
1.95258
-0.95835
0.526518
-0.981122
-19.2138
-0.0340223
-2.00672
-0.0542944
-0.18483
-0.979704
0.223251
0.321726
-0.886556
1.0045
-2.08291
-0.135646
1.19849
0.1492
1.49059
0.00150227
-0.40973
0.373519
0.407915
-161.066
4.29576
1.14591
1.68588
-0.780722
-0.348933
-2.2397
0.318452
-1.08804
5.14225
1.75526
-1.30671
-0.705075
-1.44879
1.02154
-1.11106
0.569665
8.60671
1.25637
-0.181018
-1.63281
-1.27832
1.87964
-1.54302
0.458382
3.50036
1.84405
0.272965
0.225534
0.589346
2.0828
-0.584497
11.979
0.844904
-0.317611
-0.0164368
-16.8235
5.84028
2.13528
-0.070446
-1.36343
-1.45561
1.00568
0.0535484
-0.738358
0.978336
-3.30075
-2.37385
-0.275346
0.500719
-3.08034
-12.8629
-0.523706
1.1139
-1.48743
0.0926202
1.12058
-0.832428
4.67305
0.0965951
0.870144
-1.57371
-3.29586
2.51152
-0.198401
-0.132245
-0.368144
-3.0705
-0.133336
1.10248
0.0263769
0.401742
-2.94218
-0.31228
0.379777
-0.374691
1.6071
461.778
1.07501
0.0164705
-10.8045
1.69704
-0.838113
-0.52552
-4.1041
0.158028
18.3376
-2.07289
-1.01939
1.49598
-0.111557
-3.83813
-1.32492
1.85644
2.48498
-2.19386
-0.76693
-3.10757
0.814023
0.145316
5.10556
20.9552
1.84231
3.81691
-0.668159
-0.363604
0.335638
1.38919
-9.15426
-0.237964
31.1087
-0.690735
-0.0155158
-0.741469
-1.3703
-0.301918
0.505829
-2.2423
-0.40402
-0.0738155
-17.0119
0.247122
0.449874
0.327772
-0.299999
7.06567
-0.0787344
-0.0526847
-1.02678
2.47609
16.4187
0.36149
-0.73872
2.08851
0.128214
0.103693
-1.33759
3.93715
-3.44355
-2.11475
-4.29598
-5.3904
0.602037
-7.11951
-5.56167
1.21783
0.547743
0.00865819
-1.7951
-1.15475
1.05004
-2.36856
-0.280459
-0.684106
0.731254
-0.157595
-0.441675
-0.892583
-0.742316
-1.98862
0.0193785
-0.638159
0.156269
26.4012
-0.735432
0.666271
-0.160942
-0.048776
0.393873
-0.275058
1.47959
-3.53186
2.35273
-0.744156
4.77272
-0.995279
0.5373
0.880394
0.855136
-0.794541
-1.36331
-0.290673
-2.25201
0.085889
0.687147
-1.55914
2.8591
-2.13451
3.38279
-3.04315
1.05798
0.338376
-0.762235
-18.3667
2.5309
-0.6741
-1.03937
-1.54707
0.505826
0.332466
-0.640055
0.250385
-0.44221
-2.96553
-0.679022
0.91611
0.204669
2.05407
0.714002
-0.034141
-1.24654
-0.317194
-3.17631
-0.754958
-1.85612
0.41073
11.4496
0.139484
-2.20447
10.2074
0.317318
1.39521
-1.97511
0.194133
0.730543
-1.79887
-0.741408
-1.50353
0.0439141
3.89658
14.9487
0.656
-0.0789432
-0.439607
-0.247507
-2.77768
-1.03252
-0.880639
-6.83402
2.34467
-9.86971
1.01304
0.610612
-4.25905
-4.9021
-2.26586
0.403242
-0.852887
-13.716
-2.46886
-0.330599
-1.18409
4.38901
1.45112
0.319609
2.14585
39.7643
-1.80646
0.830615
-1.58285
19.9128
1.25149
1.52098
-1.7887
-18.8189
0.227441
0.112208
-1.73269
-1.83706
0.22268
24.5507
-0.534253
-0.0569241
-0.0269726
-1.3838
-5.47651
-0.0734152
-390.427
-8.12262
0.502446
-0.10267
8.864
0.472144
-2.3696
3.89323
0.379404
-2.0612
1.61223
-0.0893476
-1.01193
0.63593
-0.624749
4.67789
-3.59386
-0.0281726
1.41839
-0.0874683
-2.44797
5.23115
-0.447216
-5.9944
-11.9019
0.219464
0.0374202
0.010593
-1.63789
-0.727406
0.404541
1.94955
1.3478
-0.453779
3.16974
1.01277
-1.7236
-0.64284
1.40558
0.105236
-0.599018
-11.6193
-1.04285
-1.54904
-37.0989
-4.99488
-2.25064
-2.23791
1.49901
0.468134
0.314917
-0.156844
0.349232
0.165002
-0.0331501
0.356095
-72.1938
-0.122764
0.364957
-2.16628
-0.469577
4.89576
0.0198344
-3.2348
-0.496762
-6.6771
1.41932
0.385333
2.14395
-0.751998
-0.367398
-0.0102502
-1.84579
-4.46046
-0.551934
3.49756
0.323415
-0.442318
-1.37529
2.539
-2.18268
-2.44172
-1.23858
-0.487813
0.0527996
-0.00603938
-0.736771
0.680919
-0.21628
-0.592115
2.76786
-0.476636
-0.404735
0.0811476
0.756339
-1.88712
-1.25307
31.5975
-0.851015
0.843933
-7.93124
1.41324
0.972312
0.59294
-0.8639
-2.63595
-5.03294
9.09888
3.13102
2.15658
0.337684
1.76589
0.0426385
0.118334
-0.156316
1.48471
-0.471827
6.22149
9.50419
-0.564105
0.934076
-0.0367478
-2.08869
-21.0614
-0.7053
-1.87807
0.00757034
0.0308772
2.15746
-1.37828
-0.0851559
-1.40441
-3.04587
-0.818233
-0.388699
-0.454125
-0.602138
-0.89461
-0.521915
0.148764
2.44034
-0.834683
0.66338
-1.70285
-1.22209
1.21561
0.578695
-0.693241
0.378691
-0.474769
-1.34877
0.254198
-0.349532
0.265079
-0.739181
-1.33251
-0.982558
10.8077
-2.18772
1.76054
1.4184
-2.90148
-1.2055
-6.05627
-0.993716
2.97851
-0.115733
-0.450804
-0.0632961
19.5312
0.444798
5.94871
-1.10358
-22.7512
-3.70244
-1.1805
-3.23025
0.48819
1.61792
-0.392763
0.143525
0.0418899
4.32528
0.00997214
-0.476395
1.784
-1.92373
0.186808
-4.23904
1.43734
2.22491
-4.83692
-0.32485
-3.48329
2.24028
0.582024
1.29914
-0.926963
1.20203
2.04578
-0.899376
-0.0964775
-3.4038
-0.117035
0.00654524
-0.416209
-1.08579
-3.8076
2.0841
-1.48406
1.93924
0.244554
1.16523
0.112358
13.2301
-0.920498
-4.66233
-3.80053
-0.798052
0.42552
2.85059
-2.19672
-8.06592
-0.187384
-2.19501
-3.09581
0.703192
-1.26481
-2.40233
-2.41752
-11.7205
-0.843769
0.38525
-8.57421
0.630144
-0.2714
-0.295198
5.98903
-3.24741
0.700053
14.3167
-0.393141
0.0814372
0.262438
-1.68276
5.14995
0.131095
-0.37361
-1.72633
3.75319
0.735178
-0.150778
0.242671
0.0265034
1130.13
0.692069
0.231548
-0.944735
-1.56715
1.11438
-1.17943
0.927803
1.69757
1.51981
1.23748
-1.28164
1.08109
-1.07706
2.48298
0.431755
0.866333
1.43792
-1.60429
-0.288368
-2.63719
0.999494
-5.16729
0.25796
3.06736
0.457454
-1.78178
1.69214
0.8321
1.1601
1.29758
1.53779
-1.78569
-1.64029
0.00582545
-1.82998
2.21343
-1.73953
-0.23528
0.493303
-3.88737
0.723559
0.564853
0.137902
6.74948
0.443857
9.27071
-1.94537
-2.3681
-0.34046
-4.59226
0.517655
1.9694
-0.990177
0.788881
-23.2479
-0.322602
1.22199
-0.379777
0.368205
0.839903
-0.962284
-19.0795
1.55041
1.50777
0.272961
0.0590474
-0.484646
4.64129
-0.303981
4.68764
-1.63672
-5.33256
-207.634
2.03158
-0.00836421
1.32886
1.86342
-0.208687
-0.176061
0.029968
-5.02575
0.953889
-1.26931
27.7283
1.13633
-0.767688
1.34584
5.00082
0.118058
7.31175
-0.461016
1.74224
-1.85689
0.60074
0.430238
5.78663
0.179496
-5.20927
-0.121808
1.19924
0.564768
2.24363
26.7155
-0.406358
0.907842
-0.221718
1.81184
-0.55723
-0.55722
1.54367
7.69715
-0.296506
-0.285758
2.24066
0.60651
-0.656065
0.702783
0.522327
-5.45278
0.176038
2.56944
-0.117551
-0.566099
-1.48038
1.05933
8.14236
-0.550703
3.00243
0.512652
4.69292
-0.334464
1.85831
-1.84816
0.225107
-2.54008
1.24762
-28.8776
1.12306
-0.282172
5.09637
-0.704163
0.801136
1.8453
-0.453851
-0.291377
0.235905
0.34561
-0.730657
-1.99634
1.64238
-0.637204
5.77549
0.290526
2.11838
5.56476
0.753935
-0.203423
0.19242
0.0670665
-19.0314
14.3444
0.363164
5.08754
-0.678412
-0.768905
0.369367
0.808279
0.700847
0.0264037
-0.526016
-1.79548
0.56608
0.301039
-1.24024
0.54557
0.483841
-0.156328
-1.43442
-38.8965
-7.78265
5.81771
0.337013
-0.937381
-1.92696
-2.51903
-1.48789
1.1653
-0.174066
0.767551
-2.65369
-4.80422
3.78957
-1.39212
-4.54722
0.826448
4.44298
-0.463957
-3.67656
-0.399043
0.709042
-9.18542
18.1801
0.0128929
-3.08454
0.31551
-1.94843
3.15443
-0.644484
5.15663
-0.466549
-0.108214
1.4278
-0.245601
-0.245506
-0.398118
0.549649
-0.770719
-3.57389
-2.91472
-0.317194
9.29031
3.28524
0.90993
-3.99931
-7.98726
-1.47562
0.758249
1.45179
-1.41977
-0.895586
0.557763
-2.33503
-0.102087
-1.5978
-0.39408
-0.887456
-10.7403
5.73534
27.0896
4.00093
-0.158949
0.378617
-4.38798
4.89115
-1.70334
-1.10403
0.405822
-0.643153
-1.70467
-0.707698
-1.67486
1.02716
-0.200226
-0.37117
1.52881
0.0486942
0.240994
0.166532
8.4967
1.19681
1.65155
-0.670184
0.423281
2.146
0.370806
-1.61336
0.45217
0.183003
-0.364831
-0.028213
1.56227
-1.75694
5.9334
1.17097
-0.80846
-0.179195
-0.918537
0.452431
-0.69848
0.162564
0.139492
-0.904098
0.830684
-2.8785
0.261278
-1.30838
-2.75189
4.88566
-1.81946
-0.174113
-1.58557
12.9562
5.85506
-6.08804
0.954361
-1.23815
0.127223
-4.26203
0.078193
0.915894
-0.519976
-0.575246
-1.5011
0.69686
0.338183
-1.80519
-0.922137
-11.5044
-0.527153
-0.904223
-1.06299
1.19336
-0.127788
0.249437
2.03775
0.484037
-0.747594
-5.13376
1.27948
-0.898158
-0.0310796
2.24196
0.187441
-3.93841
1.40274
0.530998
-73.1122
1.58456
1.68651
0.18663
-2.63703
0.900228
3.66478
-3.68406
0.327157
-1.25257
2.23708
0.462738
-3.47674
-0.418141
0.0319149
1.26119
6.92795
0.335587
-0.985967
0.169863
-1.35155
0.91623
-1.30282
0.0355919
0.530173
1.55124
-0.457558
-0.990855
-0.213106
-0.846885
-3.68914
-1.82223
-3.57817
1.20258
0.438171
0.194909
1.17978
-0.766649
3.49918
9.44803
1.63033
3.15415
0.551395
-0.530751
3.78709
-0.332707
-0.230496
27.8658
-1.90791
-4.27078
0.658654
-0.0384234
0.199307
1.98758
-3.13493
-0.614351
-1.40234
-8.28209
-0.0999827
-0.327278
-3.47228
-0.0752907
1.62336
0.875529
0.45342
-0.991632
1.84906
1.87465
-2.66649
1.85138
1.47787
-2.33108
0.103544
0.767886
2.25221
-0.316173
-0.717773
-2.02473
-1.69031
-4.35108
0.522135
-0.45844
1.30381
2.0123
5.0273
0.208586
-269.907
-0.437582
0.136434
0.0696316
0.062633
-0.0832793
-0.349734
-7.94101
3.62045
0.899391
-0.559422
0.373954
0.134118
0.724772
-3.4258
1.54241
-1.51935
-3.08545
5.34196
0.580551
-0.389721
0.595334
-0.840527
-0.234142
2.38735
-12.7873
-0.178285
-1.47869
-0.259098
90.7748
1.09208
0.533038
-7.43429
-0.179341
0.297621
0.0526268
-1.63477
9.31646
0.0501071
3.05303
2.44095
-2.49818
-1.25084
1.22089
-0.979682
0.347818
0.816864
23.681
-1.21956
0.545482
-0.968603
2.83232
1.18492
-30.6158
1.23848
-0.490066
0.09251
-1.78727
-3.63425
0.0890149
13.9621
1.02234
0.0728088
-0.835307
-0.460517
-0.419593
1.69388
0.792303
0.172364
1.06916
4.29737
1.52487
-0.06876
-5.33676
0.226744
-0.739157
1.97676
-1.10472
-1.17755
0.109406
4.235
1.06893
-3.75165
-0.652318
1.80688
0.174065
-3.27775
-1.51731
0.922519
-1.40066
-5.12022
-0.674753
-0.196774
1.18949
-6.47607
1.09274
3.11976
1.37833
2.03156
-0.610807
0.0837794
-3.19154
-0.91767
0.188852
1.50003
1.1707
-0.188001
-2.65431
0.0522263
80.3245
-0.0341789
-2.7316
-1.61502
1.4678
1.14456
-5.70322
-0.207711
2.17096
2.65399
-2.26295
0.00794166
-0.873033
1.3502
-1.00463
-2.16626
3.19187
0.770075
0.253865
0.7503
0.902169
-0.552634
-1.73886
-0.281424
-0.384147
-0.273924
1.41501
0.956031
0.766229
-0.554397
-0.992599
-0.620435
1.44413
9.17456
-0.498863
-1.1553
-0.00762289
-0.315619
0.651923
-1.37992
-3.42596
0.102681
-0.654745
7.3829
-0.779846
1.94217
-7.8909
-0.304287
-0.112161
1.54459
2.3035
-1.4957
1.1418
1.22187
2.79921
2.85435
-0.189842
7.55269
-1.72144
-0.527852
0.291744
-0.478945
-0.0557893
0.172073
0.303002
-6.01787
-0.041131
0.94371
-1.90097
-1.05956
5.04376
-0.0120272
1.84511
-0.68574
-0.289217
-0.715847
1.18902
0.619991
-0.0233588
0.0913667
-1.99417
0.85356
-0.0112198
61.0888
0.527648
0.754924
11.6912
0.10787
0.808987
-165.183
-0.165739
2.23707
-1.48037
1.77367
-0.574904
3.07629
1.29015
0.247532
2.61655
1.06639
-2.28409
-0.191227
3.9945
0.536406
1.99013
-0.089967
-7.78407
-1.91112
-1.49231
10.8591
-0.749969
-1.24697
2.38783
-0.384681
0.180238
-0.0020212
0.649097
-1.66492
1.28181
-0.757977
0.238088
1.07748
4.84678
-0.164584
0.199044
-1.80617
-0.626352
0.390585
-0.313362
-1.84357
1.13581
0.413998
1.62146
0.190219
0.300834
0.865254
2.01473
0.870076
1.03812
-0.43824
-0.661073
0.706327
0.775428
2.33638
-0.184709
0.122481
-0.873018
-0.0394158
0.867638
0.179734
-0.0870803
24.6176
-0.607929
-1.16774
-1.64841
3.14878
1.25924
-0.566708
2.64753
0.544483
2.629
-1.9806
1.51997
0.937844
-0.827049
-9.10833
3.79695
0.80268
1.28731
56.4951
0.781097
-0.762793
0.140511
-5.73192
-0.12425
-0.013613
-0.827191
-1.66686
5.8169
1.86542
0.94768
-1.40772
-1.00859
-0.376119
14.003
-0.648302
-0.39764
0.80773
1.88679
-1.04889
-40.2271
-2.25902
1.0376
0.400243
3.11938
0.561764
1.87797
-2.50065
0.0247468
-0.544059
-0.325958
-0.871226
0.509546
-1.0649
-0.791182
-1.84631
-0.00795865
1.10604
5.96014
0.37687
0.850424
0.93956
0.0403133
-0.608299
0.260095
-1.22737
-0.729421
-0.474279
0.632679
-0.94743
-5.16058
0.0285216
-2.62395
-0.123096
3.22408
-0.55649
0.32297
0.467899
0.777925
-0.330634
-3.49617
2.37392
-0.551523
-2.93836
0.920117
0.123835
0.754113
2.68719
-1.0768
-0.580071
-0.703276
1.97231
0.508155
0.915227
6.59827
0.039853
-3.658
1.25128
-2.31596
-0.950349
18.9512
0.356053
3.5716
0.0401732
-1.91277
1.8764
-0.844706
0.557404
1.36553
0.682872
-2.37001
0.738524
0.751558
-0.755429
0.964715
6.65221
-0.173253
-131.059
-3.47971
-3.75757
-0.778438
-1.8817
2.34682
1.37868
0.22235
0.1855
-0.00740485
-1.4618
0.907472
10.8141
-0.0300902
-0.0578043
110.906
-1.29311
-0.394813
0.755642
330.314
0.606233
1.5532
0.0162143
-1.86353
-0.364747
-0.718706
4.51111
-1.91925
-9.56542
-0.0888194
2.71733
0.113723
0.0698926
1.38001
-2.70863
0.297973
-0.249357
7.95955
-0.107611
-2.45025
0.635023
-0.862368
1.96418
-0.0242175
6.14473
0.239005
-0.701224
0.280822
-0.00598032
1.43121
0.575206
-1.14606
-1.09919
-0.231324
1.091
-0.799335
1.23057
-0.778799
-0.950059
-0.497798
-44.6279
-0.282964
3.51676
-0.6438
-1.46094
1.71662
-0.326012
-0.0514108
0.242792
0.579095
-0.13155
7.83933
0.84541
-1.22961
-0.092004
2.20398
-0.972712
0.683596
-0.683287
0.458899
-0.433365
-1.4442
-0.0457951
-0.768341
-1.68986
-0.391714
6.08673
0.592196
-1.58656
-0.915291
0.40311
1.57104
-0.089023
0.39139
-0.0851024
-0.784162
-1.42511
-12.5289
-4.00235
-0.663968
-0.722952
-12.2456
4.13722
-0.471222
-0.0758818
1.6208
3.53663
1.55397
0.997015
-1.51038
-13.1342
1.06713
-2.16995
-2.58411
-1.21475
-0.214613
0.537856
0.642512
-14.7429
-0.966819
-0.266708
53.7183
-0.0564091
3.38077
0.234381
1.61534
-4.36607
0.0879963
1.06953
-0.758019
-3.82139
1.19224
-0.988996
-0.424101
-1.71292
0.661991
1.75257
0.30295
-0.0804589
1.34521
-1.58101
-0.764771
-2.54695
0.94442
1.54076
-0.135317
1.36703
-1.14936
-2.69682
1.22528
-1.24601
-8.10942
-3.67709
-0.0446894
0.178604
1.3896
1.09344
1.74426
0.605906
0.819993
1.66835
-2.0562
-1.16902
0.218975
1.06912
-0.172582
1.50826
0.0712217
-1.01425
-11.3145
0.441148
-3.74758
1.98992
-1.12961
-0.607415
1.64777
3.68841
-1.85963
-3.36829
-1.92615
-24.505
0.0225956
-0.113196
0.444065
1.15353
0.669633
1.90853
-0.179932
0.935615
0.632846
-133.87
2.03474
-39.088
-0.728773
2.99268
-8.79839
0.696848
2.95622
-0.00579868
-0.189123
0.865196
0.14303
-5.86105
1.77645
0.540243
1.62739
-0.00652888
-0.43762
-1.13396
-0.919913
0.210507
0.567354
-4.5437
2.5377
-3.95611
0.936032
-0.0301262
2.27416
2.66659
-0.444799
0.3781
-124.641
-0.61832
1.18169
-0.408949
-1.53296
-1.37386
-0.333158
0.972255
-1.32686
-1.8002
-39.3046
-0.127729
-1.03197
0.139478
0.0717339
1.05675
-4.79702
0.0163823
-3.07202
0.722397
-1.70698
-5.11401
-5.78669
2.50388
1.468
-0.268225
0.717467
-0.902643
-1.05785
-0.970299
0.369598
1.15382
-1.49309
-1.56255
0.367916
-0.30082
0.73493
-0.174539
-1.65543
-1.52525
-0.343461
2.7619
1.15129
0.829564
-0.093759
2.71616
1.22851
-0.864204
0.121324
5.0337
-0.599625
-3.59851
-2.12032
2.00279
0.105434
-3.3472
-4.57417
-9.01651
1.89425
-1.42741
-0.395369
0.242492
0.423371
-0.416048
-0.659596
-0.283682
-4.20838
-9.95278
0.444586
-0.279748
-0.156404
-0.355766
-0.261767
-2.20274
10.2187
-1.86989
-1.24476
-1.83349
-0.0755643
1.29656
1.74407
-0.131374
1.39072
-1.53609
1.22809
-0.78698
-2.39894
0.681768
-0.314216
-0.723844
0.389993
1.53429
0.437747
1.92642
-0.21831
-1.49499
0.106428
10.2305
-3.06412
1.2196
-0.504083
-0.046799
-0.761144
3.26424
-1.11027
0.34571
-0.434864
-2.75327
-3.0643
0.164359
-0.830202
-2.98789
0.987086
-1.76678
-0.00574759
0.380191
-3.89318
3.05593
0.17059
0.651275
2.0954
-0.713034
-3.23363
2.03266
-1.10566
-29.6743
-0.184882
-1.02901
1.11097
0.269206
23.1131
0.405684
-0.149357
0.253102
0.549107
-0.0905194
-2.84319
-2.18496
-0.277424
1.16489
15.1623
0.647273
-0.0398681
-1.9444
-0.296628
2.4236
5.25299
-1.06184
-2.61588
-0.836023
-1.3792
2.6251
-0.36344
11.8274
0.180954
-0.0420828
-0.025734
1.50224
-0.90896
8.53446
-10.0872
-0.523445
1.63525
-11.3477
-2.66128
-0.558524
3.25102
-1.54086
6.73017
-0.369398
1.77986
-2.93702
0.169025
0.979627
-0.131302
-0.171288
-0.680603
7.86947
-0.352659
3.37313
0.973723
3.77067
0.275731
0.209218
-3.56393
0.740988
0.516904
-0.0163342
0.122319
9.25743
1.59001
1.31899
0.633195
0.964032
31.3321
-1.48579
3.4927
-0.418907
-0.265922
0.653609
-0.298106
-0.291692
-0.251332
-1.36953
0.183781
0.576557
0.0896484
0.389762
0.262203
0.280876
0.233865
-1.98462
1.24601
0.994932
-1.38569
0.0602935
-0.588676
-5.42629
-1.26416
2.02353
1.04503
2.49235
0.280315
5.39155
2.08179
-0.322437
-0.364573
-1.40285
-0.832101
-7.07586
2.93475
-8.57217
4.55994
0.743265
0.589344
-0.5402
0.443003
0.539191
-0.356985
-1.00515
0.5313
1.24922
-2.74822
-1.18739
2.1141
-0.21291
30.9127
-0.873467
1.17479
-8.49222
-0.950192
-0.0844956
-6.72533
1.10981
-0.327056
0.0642504
0.771211
2.56493
-0.11234
0.120917
0.550337
-0.895884
1.09509
0.314732
-1.85668
-4.4814
0.204855
-0.10719
2.39479
0.625816
-0.857374
-1.11677
0.267155
4.1156
2.84036
0.398624
4.21763
-1.27127
-1.33193
9.84524
-0.334649
-0.403278
-1.69098
-1.47376
50.4817
-272.652
-0.16248
0.150032
2.04214
-1.44447
3.2657
0.460132
-0.291361
0.0845121
-2.74177
-0.375277
-0.29822
1.34803
0.481817
0.911012
-1.29432
2.96545
-4.19436
2.66436
-2.92208
1.45593
3.68125
-0.153596
3.26648
0.511275
-7.75446
-0.400124
0.757583
-0.275946
3.04224
0.0838005
0.909085
-1.95997
6.03511
-0.274656
4.74331
