0.892522
1.18208
0.718719
1.23764
1.0076
0.867059
0.97285
0.967217
1.11909
1.13998
0.973905
1.09699
1.02104
1.00031
0.940419
1.24922
0.970465
0.993655
1.02171
0.952184
0.931791
0.945022
1.00044
1.04544
1.12043
0.961045
1.15018
0.976957
1.05091
1.0436
0.938708
0.934426
1.13876
0.870626
0.910451
0.972339
1.13406
0.979933
1.00567
0.929979
0.931329
0.979042
0.949491
0.944501
0.966735
0.997315
1.01673
0.993945
1.07629
0.943735
1.04525
0.925673
1.04651
0.916443
0.927941
0.946745
1.14665
0.887809
0.925957
1.06049
0.84363
1.1712
0.969443
0.978485
1.05583
0.976943
1.32522
1.00906
1.1143
1.20448
1.05065
1.01133
1.04858
0.821051
1.00904
1.11511
0.799269
1.08479
1.15312
1.09306
1.16412
1.05116
0.903554
1.05047
0.80994
1.016
0.914266
0.797672
0.879547
1.05691
0.740543
0.888478
0.925094
1.07958
0.877018
0.890079
0.989135
0.919575
0.901835
1.1516
1.01018
0.811493
1.05839
0.880525
0.906062
0.920814
1.09154
1.05494
0.987648
0.977537
0.97546
1.05492
0.98781
0.958132
0.932993
0.998009
0.967531
1.15873
1.03993
0.995852
1.11347
0.965349
0.99744
1.01965
1.09284
0.936201
0.944602
0.909773
1.12842
1.23459
1.02214
0.97478
1.11149
0.836591
0.98337
0.942416
1.02002
1.08399
0.864677
0.949859
0.91825
1.0727
1.07349
0.785575
1.22957
0.90343
1.03016
1.07917
1.01355
1.03865
1.09883
0.998435
1.07463
1.17152
1.09298
1.12444
1.29375
1.09168
1.076
0.950006
1.0119
1.05366
1.02768
1.07812
0.969384
0.939577
0.973123
1.02768
0.956069
0.982344
1.09024
0.944123
1.17113
0.939403
1.01056
0.825679
1.04996
1.08099
1.03619
0.931722
0.956295
0.916001
1.18683
0.967895
1.06219
0.979
0.935019
1.20327
1.11065
1.02903
0.836399
0.927958
0.831479
1.00382
1.03727
1.08957
0.956591
0.99517
1.0957
0.958567
0.92144
1.10003
1.05919
0.933654
0.867788
1.05334
0.963645
1.01964
1.05912
0.958815
0.989621
1.24488
0.953199
0.972873
0.970386
1.13087
0.982698
0.902405
0.983541
0.949646
0.963743
1.06137
0.92086
1.18715
0.978162
0.920834
1.10914
0.858937
0.751266
0.937846
1.09612
1.04226
0.938966
0.887543
1.05956
0.899557
0.96702
0.899689
0.779012
1.01037
0.948546
1.15153
0.916514
0.872199
0.894702
1.23462
1.13638
1.15208
0.993081
1.06396
0.852421
1.04185
0.924045
0.985208
0.898033
0.941503
0.853906
0.917793
1.01255
0.864262
0.924542
0.958265
1.05879
0.95405
0.946993
0.853588
1.09451
1.10949
1.0525
1.10692
1.05416
0.925356
1.16698
0.73909
1.03612
1.00951
0.871843
0.968128
1.2289
0.958449
1.02521
1.10134
1.01371
0.816275
0.883814
1.04445
1.10083
0.883579
0.936042
1.12141
0.876791
1.0429
0.997648
0.952504
0.928345
0.919301
1.03513
0.957698
1.09644
1.03479
1.0401
0.95912
1.07824
0.890507
0.764503
0.952674
1.00685
1.07512
0.879222
1.03445
0.98806
0.967858
1.00668
1.00436
0.983513
0.987383
0.983299
1.13412
1.02348
0.88429
0.818938
1.12842
1.14594
1.09748
0.991607
0.903125
0.933378
0.980237
0.968738
0.868647
1.10186
1.06107
1.04636
1.05351
0.973396
1.07251
0.886593
1.06888
0.883044
0.93167
0.92235
0.947792
1.03762
1.00402
1.125
1.13187
1.21862
1.14063
1.118
1.00832
0.873
1.15305
1.14511
0.827908
1.02598
0.915374
1.12161
1.00308
1.04729
0.85859
1.04803
1.0162
0.810885
0.832414
1.12692
0.940797
1.07349
0.965043
1.14051
1.05715
1.19704
1.01961
1.07086
1.01482
0.949862
0.995086
0.984579
0.871015
1.0007
0.873683
1.0488
0.931779
1.08281
0.910103
0.952102
0.982183
1.05002
0.954594
0.94936
0.955309
0.987501
1.13604
1.05394
1.10298
1.09189
1.095
0.92746
0.83518
1.00142
0.969251
1.03785
1.12544
1.09191
1.04533
0.878447
0.964962
1.12305
1.07594
1.06119
0.937762
1.03492
0.944682
0.922807
1.12342
1.16073
1.14233
1.11918
1.07267
1.07043
1.00969
1.1004
1.06676
1.26052
0.989991
1.12698
1.01103
0.995293
0.989508
1.01808
0.805901
0.887199
0.918294
0.978364
1.17905
0.95544
0.948771
0.86861
1.1159
1.15202
1.04077
0.80155
0.891499
1.15713
0.964995
0.939607
1.04211
0.998734
0.845195
1.0871
1.08049
0.959743
1.09469
0.925717
0.997297
1.05225
0.998231
0.863739
1.08954
1.01137
0.910285
0.94106
0.884701
1.04177
1.24427
0.973265
0.932913
0.966054
0.964231
1.19918
1.00205
1.16501
0.946648
1.02088
0.845189
1.05541
1.01866
1.08721
0.936233
1.06116
1.13957
1.0597
1.05469
1.09857
0.965592
0.873846
1.03188
0.947492
0.897176
0.963246
0.904665
1.19775
0.967583
0.879723
1.0493
1.1707
1.04584
1.17903
1.00996
1.14233
1.07471
0.878179
1.19267
0.987502
1.02173
1.08342
1.10382
0.871932
1.013
0.987391
0.822587
1.07908
1.01113
1.24098
0.956206
0.966351
1.28232
0.921172
1.07947
0.87987
0.831006
0.849013
0.957368
1.01007
1.14246
0.9934
1.11788
0.987432
0.962517
1.03364
0.918522
0.951288
1.07019
0.987806
1.03902
0.995167
1.01963
1.08073
1.20395
0.970048
1.14032
0.947536
0.97044
0.953561
0.979996
1.03172
0.942077
1.09649
1.04079
1.24133
0.844331
0.868204
0.968665
1.14109
1.08302
1.07677
0.881248
1.08196
0.929518
0.949056
1.04786
1.06344
0.951088
1.09947
1.23389
1.06489
1.14863
1.16446
1.10958
0.993393
1.02817
1.04328
1.20608
1.03735
0.85731
0.980899
1.04976
0.931439
0.883395
1.23129
1.09974
1.17738
1.03521
1.13016
0.888777
1.07973
1.17713
0.989063
0.91337
0.918614
1.07021
1.33611
1.07631
0.872732
0.952365
0.904796
0.933519
0.972692
1.11516
1.04852
0.959357
1.10871
0.942304
1.05206
1.03574
1.06338
1.09608
1.15345
0.93144
0.939329
1.08425
1.07471
1.02223
1.0012
1.03509
1.12636
1.19553
1.20356
1.00757
1.03455
0.923136
1.09908
0.956962
1.02333
0.883327
0.968815
0.956872
0.975466
1.25066
1.14294
0.913675
1.04423
1.04754
0.96231
0.909045
0.964721
1.08576
0.874911
1.0447
1.06474
0.992944
1.09296
1.02562
1.11851
0.938383
0.996936
0.921187
0.946994
0.938011
1.07285
0.893466
0.983275
0.867077
0.893864
1.08089
1.161
0.837628
1.09678
1.06688
1.11634
1.10168
0.96874
1.13262
1.05777
1.16915
1.01974
0.942149
1.08728
0.901038
0.9396
1.07908
0.947559
0.814393
1.10558
1.02032
0.89152
0.952423
0.77561
0.943856
0.918737
1.12972
0.913611
0.922866
1.1509
1.1569
1.11146
0.923612
0.924955
0.803022
0.996473
1.16293
1.07407
1.1273
0.90817
1.09555
0.817167
1.10075
1.15171
1.06673
0.921505
0.930598
1.10735
0.938691
1.14124
0.886357
1.03584
1.03082
1.08418
0.838747
0.988203
1.09383
0.889573
0.838994
0.902482
0.786526
0.891943
0.911914
0.945763
0.974071
1.11575
0.875506
1.11802
1.24884
0.90266
0.962105
1.03221
0.8948
0.885896
0.855135
1.00273
1.04676
0.999553
1.18175
1.04371
0.990712
0.961079
1.12812
0.813756
1.05353
0.998959
0.964011
1.01748
1.0486
1.06841
1.21861
0.983523
0.973938
1.03128
0.945669
1.05492
0.691313
0.952871
1.19158
1.08186
0.823275
1.14209
1.00231
0.895267
0.9606
0.922543
0.838609
1.15782
1.06027
0.931502
0.909308
1.0413
0.947947
1.05252
0.854222
1.0436
0.984606
1.00549
1.03717
1.04959
1.0527
1.0843
1.25072
0.845502
1.06378
0.909057
0.874323
0.93783
0.90671
1.00029
0.992618
0.965977
1.01573
0.973716
1.08594
1.1462
0.934936
0.985
1.02321
1.02882
0.872989
1.10721
1.18261
1.01986
1.05159
1.13872
1.15409
0.981216
0.780445
1.03883
1.04566
1.01444
0.973164
0.859409
1.04817
1.00123
1.08206
0.991237
0.815823
0.908359
0.956324
0.956531
0.911309
0.85751
0.992714
0.917996
0.916691
0.895814
1.00292
1.12219
1.14389
1.0796
0.905666
1.10275
0.871689
0.973043
0.894215
1.05814
0.977689
0.83166
1.00407
1.00232
0.840376
1.01701
0.937167
0.884072
1.01606
0.989305
0.901292
0.822229
0.986352
1.02602
1.00715
0.898087
1.15107
0.927826
0.89403
1.09613
0.901123
1.07084
0.947508
0.974616
1.08605
1.10947
1.04576
0.973867
0.956668
1.07422
0.910104
1.01067
0.84396
0.869071
1.14871
1.15196
1.27996
0.871141
0.938949
1.11608
1.10328
1.10475
0.939791
1.00183
0.946636
1.12936
0.964143
0.990988
0.968355
0.865369
1.18856
0.956386
0.990351
0.82031
0.899036
0.970712
0.890939
1.19213
1.03108
0.813258
0.978776
0.943734
1.19723
0.957234
0.849573
1.26644
0.998724
1.04815
0.942668
1.06872
1.00169
1.10535
1.25524
0.957781
0.962205
1.03184
0.907922
1.03321
1.10767
0.957901
1.05992
0.806606
0.974102
1.01307
0.957504
0.999012
1.01181
0.8775
0.933807
0.967147
1.03661
1.0118
0.95927
1.01369
1.09638
0.942215
1.01705
1.15409
1.01467
1.09981
1.03151
0.958821
1.00695
1.00982
0.966224
1.15582
0.893404
0.976794
0.967648
1.00303
0.924368
0.9199
0.862475
0.898682
1.06167
0.826852
1.21613
1.13488
0.923449
1.00313
1.0717
1.00254
1.04575
1.03256
0.947631
0.875241
0.989016
0.89104
1.03102
0.910269
1.1717
1.07781
0.908102
1.16848
1.03645
1.01856
1.15454
1.0052
0.91256
0.949127
1.29635
0.858258
0.860699
0.970649
0.912124
0.975576
0.889163
0.877682
1.03607
1.01096
1.14358
1.12605
1.12569
0.989124
1.13416
0.934814
1.04563
1.01757
0.968582
0.829077
1.12919
1.15
0.792869
0.848501
0.981585
0.957961
1.12858
1.04129
0.855492
0.932271
0.943548
0.908421
1.04493
1.06342
1.22513
0.933202
1.02048
0.966406
1.06433
0.934672
1.06794
0.918314
0.846007
0.983015
0.990314
0.867021
1.18653
1.11449
0.847031
0.869893
0.853059
1.12621
1.00922
0.919371
0.937718
0.913549
0.957804
0.962261
1.00472
1.06255
1.0203
0.902928
1.04396
1.00348
1.01568
1.01291
1.08275
1.03097
1.09824
0.953457
0.919639
1.00429
1.02824
1.03403
0.969467
1.1918
1.05424
0.954929
0.952804
0.872705
1.17843
0.932832
1.02152
1.07245
0.936999
0.919874
0.948349
0.736165
0.974989
0.908438
1.00872
0.950027
0.792874
1.12145
1.20841
0.847595
1.09322
1.07842
0.94575
1.10669
1.01465
1.17294
0.774619
0.985699
1.08774
0.969196
0.739054
0.939433
1.02346
1.07721
1.02096
0.828369
1.05164
1.03103
1.03818
0.991408
0.926695
1.12289
1.0666
0.957758
0.975586
0.943045
1.08497
1.08844
1.08087
1.30865
1.12288
0.817746
1.01268
0.964703
0.850018
0.948578
1.11428
1.05641
1.04729
1.14917
1.01989
1.11175
0.817217
0.86315
1.05739
0.932118
1.17654
0.877325
0.844204
0.990427
0.975718
1.0163
0.95045
1.0616
0.95113
1.07224
1.03264
1.01632
1.05196
0.936608
0.850583
0.954887
0.86948
1.0765
1.09699
1.03981
1.02067
0.960043
1.05593
1.16511
1.14732
0.982538
1.03994
0.902797
0.970138
1.00167
0.982893
1.05616
0.89321
1.14932
0.967086
0.892038
0.936536
0.953155
0.809206
0.892781
0.900366
0.952436
0.828263
0.908302
0.964552
0.842842
0.962318
1.12414
1.00953
0.985436
1.21181
0.878666
0.881792
0.987689
0.99052
1.01744
0.980808
1.07322
1.05583
0.934014
1.10154
1.02463
0.834284
1.05141
0.948039
1.16657
0.980794
1.01797
1.06799
1.0183
1.0771
0.953249
1.10234
0.997328
0.928509
1.06065
0.93294
1.08695
1.05378
0.969362
0.942703
0.98519
0.911398
0.928711
0.98235
0.984427
1.04067
0.866318
1.05296
1.04914
1.03733
0.948323
0.903732
0.888869
1.12045
0.970533
1.0479
1.06922
1.06256
1.04519
1.04029
1.16148
0.930712
1.01948
1.11515
0.962461
0.915913
0.905886
1.10983
1.04157
1.10579
1.03303
1.0553
0.987415
0.920702
1.08731
0.871343
0.97173
0.910512
1.00931
1.00426
0.902396
0.993581
0.910753
0.991798
1.07159
0.735057
1.10615
0.916676
0.915784
0.837049
1.12459
0.910207
1.0193
1.11655
1.20316
1.13653
1.05843
1.02546
0.874405
0.988959
1.18173
1.06802
0.918039
0.928329
1.02636
0.935026
0.947195
0.98284
1.0939
1.06298
1.21991
0.843642
0.906151
0.94572
1.06572
1.13583
0.99038
1.09683
1.1079
1.01809
1.25108
0.893596
1.11569
1.05247
1.01419
0.901268
1.20761
0.986763
1.0829
0.985573
0.985858
1.11131
0.801212
1.06055
1.21261
1.01094
0.941089
1.01155
0.934444
0.974136
1.03144
0.808975
0.918156
0.96439
1.04093
1.06108
1.13027
0.941009
0.896787
0.941626
0.994617
0.966177
0.816853
1.07629
1.18292
1.08402
0.917987
1.06368
1.13805
1.00423
1.01477
1.20661
0.970325
0.938367
1.13355
0.926937
1.01878
1.02962
1.05397
0.95719
0.972393
0.996152
0.980059
1.00822
0.937294
1.14816
0.951427
0.970407
1.11863
0.876485
1.00649
1.15688
1.06245
1.01008
1.0487
1.07492
0.870188
0.956394
0.896799
0.934159
0.874873
0.929341
1.18653
1.09265
1.06465
0.997386
0.899361
1.02203
1.14979
0.969671
0.766116
1.16994
0.96689
0.902364
1.06494
0.797966
0.953997
0.967618
0.879446
0.75279
0.868655
0.870076
1.14156
0.899092
0.950114
1.25329
0.995574
0.910915
1.11451
1.06644
1.10051
0.945757
1.08164
1.20263
0.79686
0.96523
0.911125
1.03384
0.907018
1.13758
1.08175
0.8628
0.933697
0.929852
1.07898
0.810429
0.915791
0.99715
1.14328
1.0836
0.885234
0.956692
0.909546
1.07779
1.17508
0.986162
1.08342
1.09522
1.0783
1.04985
1.26007
1.14246
0.839874
0.912487
0.850941
0.971943
1.24904
1.28164
1.06004
1.08123
0.995853
1.01924
0.836911
1.05489
1.18451
0.909894
0.95095
1.06768
1.01003
0.995715
0.955414
1.05057
1.04203
1.05563
0.90543
0.974576
1.14909
0.929918
0.894154
1.04059
1.18233
1.06075
0.878959
1.11005
0.854835
0.925081
0.899062
1.07585
1.00589
1.10641
1.07122
0.810002
1.04975
1.08574
1.05664
1.05043
1.05104
1.0894
0.837181
0.859063
0.899331
0.989623
0.98755
1.1086
0.897407
0.984422
1.09187
0.908582
0.928182
1.08511
0.959756
1.01826
0.837108
0.973623
0.951037
1.14786
0.860254
1.02927
1.04492
1.12606
1.00201
1.02724
0.886316
0.993274
0.857348
1.08435
0.841034
1.1537
1.06818
1.03392
1.0812
1.09178
1.20016
0.90547
0.811691
0.925122
1.09176
0.961285
0.958502
1.1743
0.933701
0.958739
0.972431
0.998163
0.924224
0.91535
0.918467
0.932038
0.921857
0.970316
0.807652
0.981141
0.89749
1.20861
0.990057
0.977276
1.03696
1.17845
0.835846
1.02843
0.987253
0.753112
0.875972
1.13112
0.994144
0.961437
0.92243
0.925601
1.01129
0.883076
1.07686
1.30477
1.02674
1.04692
0.962348
0.950244
0.874105
1.02161
1.05862
0.95793
0.974043
1.02351
0.882023
0.936847
0.983182
1.07072
1.09996
1.07556
1.1338
0.905593
1.01537
1.01315
0.908454
1.00276
0.917562
0.849292
1.00688
1.00755
0.920243
0.945336
1.03618
1.12073
0.981852
0.924836
1.07655
0.809645
0.944677
1.00993
0.977815
0.991309
0.9312
1.00157
0.908249
1.01686
1.1819
0.967785
1.07975
1.0182
0.948421
1.03357
1.12942
0.998638
1.03979
0.962171
1.05995
0.916244
1.0122
1.15696
1.07484
0.920176
1.00698
0.968324
1.00503
1.00824
0.92276
0.925141
0.998116
1.02161
0.972962
1.21665
1.0059
0.958081
0.992351
0.933704
1.13938
1.02978
1.00667
1.16568
1.05109
1.06103
1.05253
0.933046
1.15068
1.10938
1.06661
0.952135
1.13647
0.951555
1.0123
1.02483
1.02874
1.11933
0.979695
1.15024
1.03042
0.877962
0.99935
0.976832
0.792221
0.95629
1.00551
1.04472
0.92648
1.26963
0.909988
0.888405
0.772423
0.976134
0.973122
1.05126
1.08276
0.961766
1.0313
0.960842
0.915005
0.822733
0.853487
0.886867
1.12378
1.17264
1.09928
1.03369
0.931238
1.03891
0.976155
0.978052
1.01879
1.16024
0.926931
0.90493
0.867374
0.888659
0.943357
0.952586
0.897169
1.03271
1.11286
0.933663
1.01778
0.930473
0.968869
1.10362
0.906927
0.941282
0.961565
1.08549
1.0736
1.17316
0.923827
0.972273
0.932232
0.937037
1.04164
0.959748
0.980284
0.853259
1.04025
1.00291
1.10582
0.96317
0.914475
1.12551
0.981713
1.15994
1.10538
0.916779
1.00453
1.11151
1.10194
1.04024
1.08304
1.14088
1.07341
1.0242
1.20392
1.01779
0.952187
0.936782
0.888808
1.03493
0.97616
0.88991
0.925135
0.968153
0.941431
1.17108
0.914819
1.08932
1.0905
0.794859
0.915725
1.03622
0.996433
0.989629
1.06111
1.00155
1.04328
1.17869
1.06707
0.925461
1.07597
0.923926
1.01224
0.77336
0.80327
1.0588
1.17003
0.985508
1.0508
0.899583
0.731809
0.856985
1.09796
0.961494
1.07337
0.843226
1.0209
0.905564
1.05785
1.06123
0.870376
1.17158
0.958564
0.99509
1.126
0.884061
0.913546
1.15588
1.12658
0.936385
0.937761
0.932614
0.980578
1.00263
1.02056
0.98669
0.890765
1.02515
1.15908
1.01984
0.889359
1.22675
0.849113
1.0534
0.899671
0.85202
1.03947
1.1301
0.896633
1.13191
1.0036
1.06668
1.31832
0.957355
0.897457
0.955632
1.09563
1.05125
0.996087
0.992357
1.01792
0.881404
1.02343
1.00408
1.14389
1.08763
0.909236
1.01541
1.04025
1.2397
1.084
0.869951
0.905145
1.10563
1.06782
0.863796
1.00603
1.07905
0.950996
0.943672
1.09487
1.04916
1.13128
0.962032
0.919433
0.994524
0.993319
0.884831
1.04436
1.10775
0.891653
1.17889
1.07085
0.951322
1.02018
1.00224
0.962904
1.09628
0.854301
1.02809
0.971929
0.956487
1.0384
1.12733
0.900942
1.03596
0.953185
0.910843
0.989096
1.11352
1.04302
0.959787
1.01556
0.973029
1.10522
1.0269
1.03249
1.096
0.932515
0.957939
0.903112
1.06374
0.853792
1.01138
0.983771
0.999626
0.820473
0.937748
0.946166
0.999648
0.875314
1.01947
0.974118
1.14821
1.22989
0.880049
0.99834
1.023
1.08746
1.14311
1.04846
1.20975
0.92306
1.12098
0.812254
1.06584
1.09591
1.21619
0.903676
1.20374
1.06012
1.04083
0.96804
0.958799
0.87425
0.934285
1.10451
0.907555
0.91147
0.975757
1.00359
0.926215
1.17835
0.950901
1.04252
1.04908
0.972272
1.28124
0.783463
0.995912
0.961821
0.959431
1.02772
0.89994
1.01682
0.856896
1.01085
0.914037
1.12811
0.915737
1.26553
0.830289
1.11131
0.993326
1.04803
1.23339
1.05717
1.07119
1.0888
0.925885
0.913184
0.989456
1.05882
0.99146
0.986063
0.970534
0.957493
1.10638
1.03124
1.13587
0.992724
1.08196
1.0036
0.923334
0.972745
0.860901
1.08955
1.22593
1.3064
0.840992
0.992475
0.942007
0.959824
1.03246
0.859845
0.901656
0.884928
1.14832
0.970483
1.10645
1.1
0.914884
1.10843
1.02695
1.01102
0.966564
0.941979
0.993761
1.02296
1.0439
0.862678
0.882897
1.13954
1.11661
0.885771
1.029
0.994866
1.01764
1.01358
1.0783
1.09012
1.10544
0.951802
1.08052
1.10126
1.13679
1.12447
1.00802
0.98644
0.953082
1.08926
0.928246
0.890916
1.05338
0.98157
1.00817
0.97973
0.952117
0.955732
1.0367
0.855494
1.13238
0.928127
0.949022
1.04232
0.942628
0.963579
0.969665
1.02895
1.03165
0.983538
1.0102
1.13528
1.03395
1.20154
0.887384
0.978014
0.890995
1.02268
0.984133
1.01847
0.893981
0.972544
0.964451
0.984914
0.989416
0.929489
0.983322
1.06766
0.855694
1.03589
1.02051
1.01524
1.0441
1.1143
1.00207
1.04134
1.14074
1.19171
0.963983
0.812985
1.05785
0.939317
1.07931
1.0224
1.07771
0.936209
0.959979
1.10889
0.943857
1.04839
0.996606
0.991192
1.15465
1.12163
0.90407
0.873407
1.03308
0.829626
1.00254
0.966061
0.908582
1.03468
0.907111
1.03127
1.22988
1.01759
0.921264
1.08186
0.93641
1.10417
0.895912
1.01752
0.939952
0.834055
0.92754
0.972294
0.954446
1.10886
1.0552
1.13651
1.07946
1.10315
1.04501
1.17826
1.08938
0.96462
1.09368
0.990933
1.08883
1.12824
0.980302
0.972249
1.00849
1.05161
1.01394
0.937238
1.05067
1.17886
1.02489
1.03966
1.19395
1.0556
0.954322
0.866327
0.827433
0.961119
1.19602
1.01508
0.808017
0.99773
0.998844
1.21273
0.88798
1.06985
0.831105
0.951047
0.999075
1.15601
0.997362
1.21379
0.93426
1.05778
0.953647
1.04585
0.943013
0.758241
0.942588
0.830106
1.09813
1.10488
0.851156
0.942799
0.95413
1.13151
1.07502
0.908156
0.894941
0.945771
1.04173
0.997075
1.00931
1.00264
1.06488
1.0264
1.04115
0.91721
0.877095
0.948153
0.787291
1.10634
0.872834
0.976743
1.1705
1.01621
0.983661
0.901127
0.841167
1.29266
1.04926
0.945551
0.965191
0.822165
0.981033
0.927659
0.961075
0.836949
1.03645
1.22387
1.00555
1.06118
0.968435
0.952477
0.977924
1.05129
0.914799
1.05232
0.937719
1.1095
1.01384
1.222
0.975855
1.05439
0.985383
0.959406
0.991337
1.06507
1.13938
1.1476
0.866963
1.0506
0.981445
1.2168
1.06761
1.11194
0.99245
0.795654
1.00676
1.1033
0.935835
1.18089
0.935307
1.09283
0.908836
1.07638
1.07792
0.958714
0.993249
0.884963
0.86532
0.853499
1.09689
0.86651
1.07241
0.94933
1.1112
0.913561
1.22961
1.01236
0.885435
1.01974
0.810609
0.853928
0.852266
0.912122
1.12106
1.15553
0.962927
0.882208
0.961777
0.898056
1.05953
1.05521
0.974739
1.07213
0.985497
1.06434
1.01903
0.978178
0.982617
1.08325
0.795244
1.0567
0.905569
1.05171
1.06797
0.946023
1.0656
1.16027
0.920579
1.18488
1.03824
0.955783
1.07111
1.03285
0.886438
1.01211
0.960767
0.951165
0.947256
0.903364
1.1076
1.12847
1.10846
0.909808
0.854021
1.19213
0.870164
1.06555
0.746502
0.973449
0.992402
0.91053
0.974595
1.05904
0.915341
1.11651
1.02393
1.05922
0.980652
0.886373
1.1102
0.877126
1.1107
1.02527
0.93815
1.08626
1.0232
0.936844
0.967197
0.994562
1.02782
0.967706
0.904752
1.12336
0.800215
0.900475
0.969344
0.92222
0.958652
0.954208
1.01584
0.924197
0.988141
0.913392
1.12335
1.02682
0.897727
1.04427
0.931301
1.01397
0.838021
0.814529
0.877274
0.896363
1.06488
1.08045
0.883084
1.05068
0.891422
1.0275
1.06012
1.04825
0.956829
1.0694
1.16889
0.945216
0.849896
0.940587
0.961652
0.964073
1.13266
0.950096
1.08368
1.19536
1.20153
0.905685
1.0068
1.12933
0.960776
0.983088
1.10503
1.0412
1.02798
0.836791
0.868567
0.958501
0.882147
0.921779
1.04897
0.937207
1.09252
1.14926
0.853364
0.954356
0.98963
0.869428
0.935871
1.02567
0.971123
1.09058
0.83249
1.18055
1.10863
0.88385
0.962821
0.939824
1.06383
1.17958
0.963117
0.810334
0.909043
1.06089
0.948124
1.15581
1.04646
1.0655
0.819112
0.88266
0.951093
1.02621
0.903114
1.05781
1.08421
0.772988
1.00973
1.17763
1.23884
0.968216
1.05928
1.10449
0.91566
1.07971
1.14859
0.947891
1.06642
0.966697
1.22077
1.02012
1.04288
0.98486
0.973336
1.08746
1.03234
0.886385
0.904204
0.884769
1.01098
1.02831
0.953136
1.34739
0.996572
1.22355
1.09756
1.00629
1.08137
0.931448
1.03178
1.01657
1.09508
0.960201
0.966345
0.865548
1.19806
0.895814
0.997469
1.14612
0.973699
0.956667
1.0171
1.03138
1.01841
0.908711
1.03359
1.19311
1.10838
0.930798
1.06475
0.99272
0.881017
0.852025
1.12779
0.882202
0.919581
0.985684
0.979082
1.00736
1.08971
1.03739
0.873574
1.07306
0.801979
1.06234
0.940516
1.33072
1.03891
1.10935
0.846284
1.27601
0.931408
1.07307
0.93914
0.970519
0.893044
1.18909
0.891996
1.22814
0.981702
1.07197
1.05463
0.907359
1.07091
1.1636
1.0105
0.966991
1.12015
0.953915
1.02412
1.00034
1.04628
0.99234
0.999823
1.0832
0.844775
0.945496
1.04488
1.26989
1.20871
1.03518
1.05628
1.00631
0.806364
1.01163
0.916172
0.99571
1.04855
0.965696
0.981475
1.13387
1.19153
0.906171
0.8599
0.985949
0.81154
1.01154
0.916284
0.943121
0.974037
0.96215
0.938438
1.16363
1.00534
0.998576
1.0369
0.936273
1.06712
1.19482
1.03935
0.921467
0.863741
1.02167
0.904431
1.09892
1.03725
1.13574
1.07956
0.948821
0.888302
1.07419
1.06339
0.944038
0.793508
1.08519
1.15307
0.807341
1.22453
0.972537
0.913359
0.91755
0.903382
1.03693
1.19549
1.26798
0.975208
1.09639
1.01186
0.953159
0.916772
0.913568
1.03827
0.932916
1.09853
0.896956
1.00634
1.11398
1.11173
1.13546
0.760523
1.07457
0.953808
1.044
0.907886
1.01263
1.04377
0.882372
1.13391
0.963041
0.871458
0.938738
1.1324
1.03731
0.810096
1.12165
0.951735
0.906768
0.710886
1.06493
1.01464
0.974435
1.07535
0.950746
0.885753
1.11098
0.926736
0.87645
0.780178
1.01363
0.977465
1.03152
0.906471
1.04523
0.839479
0.996407
0.854182
1.02131
0.957533
1.00799
0.845332
1.0452
0.956467
1.06352
1.05155
0.992752
0.877828
1.23271
1.1036
1.00464
0.962563
0.98865
1.04156
1.07348
1.07722
0.899444
1.03274
0.921184
1.04962
0.82666
1.30202
0.972847
1.11016
1.09607
1.01417
1.11462
1.01828
1.11874
0.932593
1.00994
1.13281
0.967317
0.844202
0.990785
1.05822
0.856152
0.928987
1.08991
1.05813
0.89481
1.03761
1.07776
0.987043
0.98976
1.08274
1.08595
1.00154
1.02144
0.953631
1.19394
1.12668
1.03133
1.02002
0.848564
1.04006
1.21085
0.981663
1.14125
0.857143
1.25891
1.15657
1.02018
0.912511
0.97539
1.15521
0.94817
0.987976
1.19727
0.920457
1.00953
1.03425
0.944943
0.775204
0.9522
0.933572
0.896775
1.07747
1.0751
1.05085
1.35264
1.04828
1.0157
1.16749
1.03716
0.993646
1.06135
0.947647
1.16762
0.979539
1.01429
1.03474
1.05178
1.00856
1.11633
1.389
0.969096
1.06625
0.873615
1.07252
1.0001
1.07518
0.994365
1.02626
0.914677
1.17862
0.98887
1.00882
0.951172
0.817079
1.06797
1.07456
0.932056
1.03146
0.933199
0.956687
0.989465
1.02275
1.0518
0.927465
0.71713
0.978036
1.13086
0.85576
1.01595
0.954227
1.03392
1.17039
0.954592
0.835318
0.877384
0.985473
1.07108
1.05297
0.933462
0.850715
1.19842
1.07877
1.04959
1.09594
1.08816
1.03546
0.977105
1.15476
1.00386
1.15397
1.03549
1.19359
0.965323
1.14476
0.865737
1.09156
1.01052
1.12178
0.958689
1.10448
1.17858
1.14802
0.93358
0.90044
1.0236
1.13414
0.988702
1.09881
1.09449
1.05829
1.10669
1.11386
0.932897
0.925154
1.00471
1.18317
0.920414
1.09043
1.00021
1.14022
0.923262
1.20007
0.961912
1.18786
1.1426
0.989986
0.898714
1.02114
0.903776
1.02068
0.943315
0.979817
0.976411
0.990089
1.03063
0.864027
1.00295
0.999372
1.10239
1.19982
0.975659
1.06872
1.16768
1.03708
0.958017
0.987485
1.14807
1.08982
0.945255
0.827364
1.07157
1.13949
0.992471
0.945258
0.95871
0.994667
0.825567
0.930274
1.11604
1.04323
0.909416
1.02488
0.917929
0.929964
0.886127
0.942805
1.02706
0.717666
1.04483
1.26303
0.863031
0.942097
0.943121
0.935788
0.954673
0.967775
1.13147
1.06669
0.935033
0.816874
1.15142
0.762286
0.991639
0.941292
1.00656
0.944101
0.902277
1.04159
0.920275
0.928368
1.19363
1.04369
0.913622
0.920833
1.22094
0.885046
0.955274
1.13882
1.15185
1.14776
0.962384
0.880235
0.978206
0.924363
1.03932
1.2703
0.968948
1.15969
0.926323
0.947718
0.983012
1.00781
1.14211
0.992996
1.03544
1.0211
1.12389
0.849188
0.808399
0.892453
1.07294
1.27636
1.16976
1.16079
1.28928
0.943138
1.05865
0.903421
0.902385
0.996068
1.1391
0.932239
1.04985
1.048
1.09038
1.16148
0.847233
1.07295
1.10652
0.700315
0.923591
1.02055
1.06299
1.11474
1.06407
0.907154
0.873781
0.998907
0.952593
0.892555
0.849527
1.19887
1.05036
1.03045
1.03715
0.976615
0.979094
1.03694
0.982467
1.14377
1.07145
1.13862
0.962096
0.94943
0.98129
1.0201
1.00758
1.0272
0.851627
1.04214
0.961352
0.985853
1.04807
1.1044
1.06402
1.15168
0.905125
0.925487
1.12449
1.12612
0.965386
0.922494
0.987661
1.08428
0.965216
0.968339
1.00132
0.989319
0.994407
1.02081
1.03303
0.985228
0.874654
0.898051
1.09927
0.882438
1.11772
1.02454
0.841264
1.0386
1.15059
1.09179
0.885929
1.06688
1.03173
1.18739
0.944889
1.18429
1.13322
1.01626
1.00836
1.17915
1.05588
1.0378
0.945575
0.912342
1.08587
0.937031
0.935454
0.970965
0.883268
1.02687
1.01565
1.1343
0.969
1.1559
1.0177
0.99702
0.920995
1.34681
0.943851
1.02823
1.03035
1.1243
1.0759
0.909616
1.00583
0.878623
1.12505
0.859786
0.873888
0.887392
0.987377
0.866846
0.872005
0.958927
0.943977
0.849432
1.082
1.04962
1.191
1.03679
1.14687
0.795544
0.965941
0.935397
0.906976
1.27464
1.04501
1.01684
0.886306
0.931673
1.16698
1.09603
0.934646
0.899447
0.938307
0.94382
1.00109
1.2075
0.772621
0.903481
1.05206
0.850307
0.916916
1.1099
1.03321
0.92822
0.860046
0.890932
1.10666
0.948769
0.944949
1.04553
0.970145
0.877062
1.1866
0.937308
0.845079
1.03262
1.2699
1.0951
0.90174
0.851894
0.904204
1.11551
1.01498
1.0951
0.937222
0.863236
0.937171
1.12224
1.09096
0.997752
1.09428
1.16091
1.11023
1.03856
0.948616
0.97531
0.922453
0.952342
0.997444
1.13995
0.980824
1.04526
1.01685
1.07706
0.966592
1.0452
0.96992
1.0118
0.984985
0.903184
1.03492
0.822083
1.0342
1.06804
1.03217
0.96749
0.982256
0.929149
1.06528
0.949175
1.00372
0.913545
1.10648
1.08401
0.930605
0.905811
1.15036
1.2023
0.820452
0.876313
1.05028
1.12491
1.10419
0.904956
0.852749
0.904852
0.975596
1.01068
0.904709
1.05148
1.03631
0.995233
0.964446
0.873646
0.86846
1.08352
0.937846
1.05493
1.09147
1.05011
0.983913
1.07358
1.07702
1.03098
1.13948
0.865567
1.01569
1.01487
1.03455
1.16416
1.00459
0.789572
0.970421
0.910369
0.883299
0.81596
1.00613
0.984472
0.954958
0.912785
1.04525
1.05597
1.22654
1.06709
0.926355
1.01653
1.06188
1.10862
0.983148
1.10787
1.01793
1.22405
0.957792
1.02176
0.895611
0.853468
1.12292
0.849683
0.846305
0.947402
0.955218
0.976501
0.774325
0.934002
0.920257
0.837761
1.03642
1.01524
0.818412
0.873846
1.21648
0.958252
0.946273
0.992755
0.971949
0.98124
0.818753
0.929863
1.00093
1.11969
1.13528
1.02605
0.962732
0.899207
0.827147
0.980263
1.02372
0.824317
1.02834
1.17936
1.05697
0.695262
0.931853
1.06618
0.930058
0.966009
0.959217
0.914398
1.0339
0.951811
1.01247
1.05514
1.08044
1.05497
1.02143
1.1516
0.973703
1.02409
1.00698
1.11428
0.976043
0.845436
0.913087
1.1136
1.04061
0.835651
1.03357
0.985025
0.966677
1.14288
1.05766
0.977709
0.979292
0.898561
0.847996
1.11631
1.04924
0.962013
1.03146
0.97614
1.0281
0.953665
0.914747
0.976271
0.984909
0.818096
1.11051
0.938199
1.15245
0.804501
0.826478
1.06281
1.00798
0.908859
1.06558
0.97322
0.985474
0.764472
0.874747
1.13278
1.04061
0.934844
1.05913
0.983157
0.996652
0.963509
0.991901
0.884791
1.02692
1.0281
0.899869
0.968579
1.12297
1.0162
0.780117
1.05194
0.864255
1.00962
0.803491
0.913135
1.04667
0.978469
0.96628
1.03387
1.10632
0.973967
1.13316
0.942595
0.967104
0.977671
1.07227
0.883543
1.16656
1.01793
0.936021
1.09701
1.05531
1.08004
0.874425
1.18455
0.935241
1.07259
0.89413
1.02209
0.99598
0.915773
0.801392
1.04404
0.972709
0.92726
1.02444
1.00397
1.07729
0.942307
0.977626
0.986271
0.801453
0.966249
1.0247
1.07544
1.10476
0.93439
1.10907
0.920227
1.01634
0.900972
1.04593
1.0527
1.04649
1.21979
0.888342
0.818552
1.07495
1.22603
1.01571
0.908219
0.772462
0.891459
0.98555
1.2132
0.922342
0.926727
1.02054
0.957817
0.964062
0.996306
0.871706
0.917535
1.04095
1.00742
0.827016
1.03594
0.947232
1.18084
0.864012
0.983966
1.21664
1.02213
0.924727
1.01219
0.87456
1.06238
0.766338
1.02881
1.27366
0.942182
1.32134
0.843382
1.13924
0.855124
1.0028
1.02929
1.07145
0.802117
0.92344
0.966478
1.06067
0.972137
1.05674
0.957583
0.901618
0.896312
1.04816
1.14381
1.14614
0.896131
0.982997
0.892449
1.1029
1.03856
1.05191
0.980868
1.00093
0.971581
0.997673
1.06916
0.790616
0.952397
0.933766
1.18661
1.03727
0.923728
1.14319
0.846766
1.09366
0.894657
1.13865
0.945027
1.03034
0.837896
0.989408
1.07359
0.9064
0.815966
0.996496
1.06789
0.887968
0.945333
1.07523
1.00556
0.811833
1.22789
0.984436
1.09766
1.02488
0.86162
1.17244
1.01782
1.08255
1.05438
0.920606
0.745653
1.02649
1.10108
1.10511
1.06531
0.958247
1.0142
0.898519
1.03668
0.777623
0.96046
1.0726
1.03438
0.990054
0.932051
1.03179
1.11881
1.26422
0.921123
0.872836
0.981287
0.903675
1.02298
1.17886
0.91082
1.13917
1.10761
0.859428
0.805472
0.874651
0.993756
1.04567
1.08032
0.847992
0.944966
1.06103
1.02801
0.940235
1.05783
0.90028
0.962447
0.930244
0.907213
0.784531
1.09366
1.04914
0.905189
1.09698
1.07664
1.144
1.06288
0.835123
0.953079
1.00721
0.914329
1.04649
1.03378
0.881163
0.881487
0.860066
0.989179
1.04318
1.07918
0.928555
0.901766
1.11405
1.10536
1.04442
1.34563
1.02996
1.05636
0.950575
0.969059
0.872067
0.934688
1.16896
1.07252
1.06978
1.10181
1.16051
0.905362
0.999178
0.781211
0.888456
0.970328
0.861916
0.941388
1.02007
1.09198
1.03749
0.865436
0.881521
0.886231
0.9511
0.818099
1.04508
0.940166
0.970978
0.920723
1.05232
1.03614
1.03879
0.903456
1.02917
1.07986
0.972669
0.918384
1.00859
1.08831
0.944263
1.09264
1.04336
0.988044
1.09407
1.08254
1.14348
1.14468
0.910839
0.964954
1.05321
0.984758
1.07574
1.01042
1.11441
1.09349
1.04522
0.873938
1.13824
0.935099
1.03882
1.05642
1.08067
0.86531
0.96464
1.08126
1.05316
1.03168
0.895973
0.966829
0.945991
0.877415
0.94758
1.05628
1.03741
1.05592
0.672127
1.1937
1.08545
1.09109
1.10373
1.08732
1.06945
0.919602
0.85078
0.982466
0.908399
1.15515
1.19601
1.00303
0.980714
1.00382
1.15941
1.00308
0.96885
1.16922
0.933556
1.08128
0.915168
0.968846
1.06339
1.00537
1.00825
1.03185
1.124
1.01734
1.05483
1.01038
0.972818
1.08737
0.908495
1.13237
1.06521
0.963465
1.03954
0.960476
0.997729
1.01874
1.06034
1.00358
0.939281
1.02663
1.03413
0.93153
1.15798
0.875914
0.838306
0.988424
0.915686
1.06754
1.06806
1.04591
0.881634
0.928021
1.03688
1.0499
1.15158
0.870311
1.0144
0.964587
0.93005
0.939979
0.986546
1.15508
0.916364
0.93269
1.06664
1.03614
1.00353
0.927001
1.02434
1.04807
1.00326
0.97983
1.12035
1.02679
1.06062
1.22954
0.872505
0.949014
0.965049
1.01912
0.821789
1.06961
0.969009
0.947331
1.08272
0.975569
0.918756
1.01046
1.0935
0.857077
0.892724
1.17245
0.98672
1.01708
0.973374
1.07054
1.06623
0.955209
1.01682
1.15334
0.95166
0.992868
0.974651
0.92834
1.02034
1.03757
0.885445
1.04113
1.09896
0.884883
0.965547
1.00042
1.01192
1.05266
0.891046
0.786968
1.07074
0.972823
0.860901
0.939778
0.944012
1.12277
1.00678
1.076
0.991803
1.21265
0.969063
1.01218
1.01871
1.24121
1.20726
1.01625
0.999067
0.949528
1.18011
1.12867
0.822932
0.906262
1.06518
0.972213
0.990709
0.99716
1.15352
1.18569
1.03904
1.06198
1.05413
1.00675
1.25453
1.17158
1.13923
1.1273
0.990987
1.1389
0.910954
0.967019
0.914118
1.03303
0.989673
1.12627
1.0295
0.934185
1.02778
1.05176
1.02905
1.07128
0.988196
1.07831
1.04976
0.833302
0.992739
0.938616
1.01795
0.935189
0.936439
0.961098
1.15379
0.941108
1.06725
0.874376
1.02254
0.941569
1.06965
0.83104
1.03468
1.0392
0.909162
0.834743
1.08946
1.18435
1.02415
0.879737
1.01414
0.945278
1.09021
0.933535
1.01051
1.023
1.00276
0.81812
0.900239
0.935904
0.957252
1.20861
0.895693
1.19383
0.872418
1.08694
1.23582
0.8968
0.998743
1.07365
1.1223
1.00098
1.11413
1.02814
0.840143
1.10882
1.03165
1.02983
1.06456
1.10058
1.06574
1.05308
0.96713
1.01546
1.02183
1.00037
0.990395
0.933073
1.01451
0.902188
0.836727
1.01936
0.970012
0.820982
0.98894
0.999192
0.970693
1.03955
0.957184
0.977408
0.895528
0.957756
1.03443
1.16641
1.03593
1.02994
0.901511
1.03204
0.949977
0.939333
0.962149
0.897968
1.19242
0.954592
0.96265
1.33322
1.11473
1.1951
1.12988
1.11121
1.02017
1.08381
0.97414
1.08966
0.820945
1.01563
0.939133
1.09104
1.00699
1.10663
1.08466
1.08568
1.12187
0.93465
1.15983
1.00833
1.07029
0.987643
0.822088
0.780144
1.12653
1.13702
1.07701
0.99248
1.09329
0.968212
0.957794
0.831307
0.871152
1.00895
0.834339
1.18019
1.10667
1.05898
0.944466
1.17598
0.980026
1.21706
0.919796
1.14844
0.928056
1.00551
1.34013
0.926927
1.18765
0.942994
1.00298
0.99572
0.974407
0.987923
1.0121
1.0287
0.949595
1.11037
1.09132
0.813674
0.987222
0.794676
0.8332
0.934926
0.973133
1.05911
1.03606
0.939996
0.808511
1.01179
0.852703
0.916377
1.09385
0.872456
1.03862
1.0107
1.01609
1.03694
0.968564
1.011
1.00797
0.895349
0.93312
1.04201
1.1136
1.03183
0.929036
1.00137
1.15298
1.10143
0.967413
1.07702
0.965073
1.18229
0.939499
0.988922
1.00385
1.07938
1.15151
1.13956
0.999484
1.03798
0.895814
0.894652
1.1579
1.13626
0.933547
1.07223
1.20741
0.993172
1.00697
0.890359
1.002
1.08475
0.989863
1.02175
1.1166
1.09442
0.949381
0.901566
0.960406
0.979089
1.01338
0.883487
1.03198
0.986316
0.973475
1.03188
0.934866
0.896406
1.00518
0.869794
1.16406
1.05973
1.13151
0.918241
0.973967
1.07284
1.21716
0.931549
0.889056
1.11349
1.1598
1.04198
1.02176
0.876201
0.890531
0.961041
0.984422
0.982926
1.29089
0.958105
0.886911
0.942881
0.85536
1.00408
0.954124
1.01968
0.962341
0.864427
1.02269
0.81272
1.1908
1.06684
0.875164
1.12714
0.899581
0.90912
0.889343
0.886868
0.965925
0.863535
1.01977
0.974285
0.884441
0.923718
0.915414
1.16625
1.16613
0.893373
0.869335
0.973453
0.947211
1.05375
0.981856
0.976889
0.926884
1.01965
0.879935
1.12966
1.05401
0.879653
1.10621
1.04501
1.08022
0.995445
1.0897
0.972241
0.998059
0.993858
0.863309
1.00907
1.04699
1.05312
1.18738
1.08454
0.871478
1.15911
0.840852
0.900761
1.11856
1.04393
0.901451
1.05788
1.0958
1.0379
1.05964
0.983007
1.02105
1.03756
0.937989
1.09996
1.04209
1.03392
1.12381
1.24634
0.846762
1.14756
0.861792
0.805699
1.17679
0.81495
1.05122
0.908259
1.01692
0.956918
1.11722
0.940409
0.899605
0.99624
0.920977
0.90429
0.918086
0.989066
1.10298
1.00509
1.09233
0.913939
0.981751
1.02531
1.03406
1.01969
0.847626
1.19737
0.81548
1.05671
0.982885
1.02308
1.13014
1.00706
1.09093
0.939124
0.695943
0.943734
0.923431
1.00008
1.11815
1.00988
1.01638
1.24863
0.980876
0.88921
0.916329
1.16881
1.00456
0.998372
1.03873
1.09272
0.989485
0.988789
0.960807
1.18254
0.913209
0.967681
0.861327
0.870325
1.06045
1.09567
0.93014
0.936582
1.1662
1.06567
0.945053
0.995491
0.788609
1.07111
1.14658
1.09908
0.987046
0.904305
1.13937
0.984139
1.01422
1.15707
1.11029
1.13599
1.15339
0.850696
1.13266
0.993899
0.823366
1.0748
1.11937
0.954079
0.784899
1.05518
1.07501
1.00171
1.02336
0.868047
0.959432
1.11304
0.996305
0.929971
0.917025
1.01427
1.0301
0.876993
0.923731
0.85249
1.06083
1.12939
0.958521
1.19352
0.969877
1.00076
0.846479
1.08978
0.92531
0.800079
1.14365
0.906743
0.925164
0.994713
1.15765
0.837852
0.950079
1.00678
1.01243
1.01859
0.936105
1.14657
1.02098
0.953479
0.954163
1.01589
1.1534
0.950935
0.95477
1.12127
1.23103
0.835495
1.04021
0.974083
1.08608
0.930684
0.949534
0.923898
0.996289
1.06577
1.1063
0.971883
1.05521
0.960619
0.941465
1.01703
1.02145
0.94398
0.944484
1.14939
1.12863
1.11709
1.00305
0.974255
1.25536
1.00019
0.938986
0.863845
0.977696
0.998672
0.99455
1.15315
0.906139
1.07102
0.991036
1.11494
1.01154
0.837862
1.09128
1.03453
0.99152
0.969641
0.968959
1.06089
0.86546
0.984668
1.04284
1.00647
0.94363
1.05602
1.06376
0.771419
1.06062
1.01303
0.86431
1.04688
0.949887
0.914781
1.18323
1.08937
0.832562
0.964307
0.951468
1.02089
0.999297
1.16026
0.953154
1.09809
1.10533
0.898055
1.06068
1.01135
0.872298
1.1408
1.04324
0.988622
1.14011
0.857562
0.969804
0.926749
1.08611
0.846169
0.85578
0.98786
0.984086
1.01139
1.0719
0.915513
0.988818
0.805773
0.875675
1.25227
1.07982
1.08243
0.903483
1.07037
1.07312
0.903561
0.92905
0.914316
1.01704
0.998319
0.997781
1.0814
0.945098
0.954381
0.852753
1.00226
0.987864
0.959791
0.952524
1.09134
1.12213
0.940388
1.03927
1.02741
1.0895
0.925533
1.00086
1.04705
1.20488
0.877852
0.918066
0.976778
1.06764
0.835448
1.02558
1.23281
1.00463
0.885002
0.891757
1.05698
1.22659
0.938736
0.858167
1.11871
0.728473
1.07115
1.01334
0.742819
1.02854
0.900498
1.05655
0.996155
0.956075
0.941398
0.77252
1.00512
1.19782
0.951938
0.853314
1.09226
0.882377
0.967971
0.992145
0.900881
1.06951
1.11472
0.970894
1.10938
1.06198
1.06617
0.966069
0.925958
1.02135
1.08036
0.985704
1.07076
1.22516
0.871291
0.868642
0.921578
0.896541
1.01251
0.849526
0.962557
1.0308
1.048
1.01724
1.06387
0.889085
1.01098
1.10875
1.00968
0.936442
0.908445
0.904719
0.794128
0.957114
1.07892
1.10592
1.1999
0.906276
1.19692
0.990123
1.02262
0.973601
0.938334
0.859895
1.09444
0.967519
1.09586
0.992635
1.08996
0.989229
1.07655
0.996248
1.05143
0.858083
0.992833
0.994807
0.974846
1.07801
1.04448
0.975333
0.877522
0.927292
1.04861
0.984389
1.0037
1.02067
1.02773
0.959994
0.952581
0.917642
0.830129
0.880807
1.10723
0.895885
0.970131
1.12581
1.04869
1.23667
0.953019
0.868435
1.00978
1.03672
1.06169
1.04224
1.09926
0.900017
0.972679
0.935825
1.00205
0.829089
0.974168
0.931153
1.25853
1.02975
0.909536
1.12795
1.03972
0.871084
0.986516
1.13443
0.881977
1.10418
1.18168
1.07709
1.08045
1.00323
0.963593
0.928466
1.17709
1.07864
1.12473
1.00186
0.971631
0.889558
1.04017
1.06085
0.996614
1.01047
1.2198
0.944168
0.996016
1.05627
1.08182
0.874424
0.829784
1.04082
1.10681
1.01698
1.04589
1.21766
1.06439
0.933411
0.896323
1.00264
0.99764
0.937633
1.1748
1.00631
1.03445
1.22387
1.05151
1.136
1.00355
0.917944
1.07638
0.99379
0.887775
0.819296
0.92279
0.900332
1.41437
0.948502
0.943035
1.09481
1.21252
0.945856
1.15562
1.07118
0.947043
0.951192
1.03112
1.17305
0.970775
1.03025
1.09417
1.13545
0.957807
0.934332
1.03206
1.18846
0.892412
1.14739
0.870972
1.15201
0.929531
1.07922
1.11096
1.02917
0.979094
0.999653
0.931611
1.07156
1.17836
0.867082
0.890605
0.857969
0.89883
0.915254
0.985651
1.21442
0.875921
1.15787
1.02845
0.955981
0.94884
1.00358
1.09074
0.99402
0.992902
1.01881
1.22421
0.928621
0.932306
0.970077
0.964279
0.914021
0.937841
1.07646
1.01676
1.04276
0.920111
1.03678
1.06419
0.866231
1.08195
1.11805
0.984283
0.977661
0.969329
0.853397
0.992593
1.06462
1.20124
1.01259
1.07497
1.10254
0.874478
0.924452
0.932409
0.987165
0.916895
0.878285
0.889019
1.02771
1.09772
0.969921
1.07613
0.959186
0.856916
0.784955
0.817664
0.885144
0.906062
0.971974
0.921309
1.08862
1.02938
1.07709
1.0111
1.03217
1.08189
1.08989
1.02052
0.985976
0.974874
0.989309
0.868735
1.06122
0.790114
0.895937
1.02273
0.997467
1.03763
1.0539
0.956987
1.2318
0.855642
1.03164
1.09881
1.06499
0.907078
0.851765
1.1651
1.02121
0.981645
0.883555
1.02704
1.08001
1.09208
0.86234
0.859101
1.05181
0.992495
1.14096
0.883593
0.848404
1.0647
1.06424
0.967204
1.19876
1.05138
0.964329
1.06427
0.769564
0.974058
1.03914
0.984935
1.0413
0.896287
1.11726
0.885773
0.95167
0.887716
0.914592
1.05095
1.08314
0.822923
1.05054
1.0834
1.08719
0.944279
1.10559
1.01754
1.01836
0.934788
1.03594
1.01147
0.947696
1.07689
1.05171
0.986999
1.00778
0.998777
0.971269
0.895192
0.851906
1.03138
1.00591
0.928702
0.976119
1.05384
0.842682
1.04651
1.01037
0.976294
1.0352
1.01462
0.912599
0.952952
0.872725
1.30474
0.889843
1.09175
0.921954
0.913362
1.10807
0.893566
0.898619
1.18396
1.00428
0.915582
0.991142
0.891721
1.13199
0.863955
0.945557
1.09095
1.00392
0.887703
0.861273
1.02544
0.870322
0.898244
0.926491
0.895408
0.968931
0.992253
0.873546
0.869937
0.903453
1.09991
0.979588
1.30087
1.08959
0.989357
1.16648
0.943615
0.901229
1.02533
0.895822
0.924539
0.91386
1.14132
0.83335
0.994953
1.04267
0.983465
1.08205
0.976396
1.01979
0.935119
0.943963
0.998942
0.90536
1.00151
1.03141
1.06066
1.03754
1.01928
0.936354
1.01114
0.910936
0.885575
1.00637
0.839698
1.02888
0.997881
0.88764
0.935802
1.01088
0.881107
0.870015
0.839463
0.91268
1.08299
0.870585
0.934619
1.05938
0.986814
0.988552
1.01694
0.927387
0.86407
0.981608
1.14117
0.9365
0.896579
0.951987
1.10187
1.03519
0.977411
0.933103
1.0899
0.836238
0.922016
0.996878
1.07707
0.986457
1.01509
0.803004
0.999141
1.08484
1.10505
1.098
0.982585
0.974574
0.86799
0.940884
0.950967
0.967733
0.99906
0.976078
0.895727
0.878905
1.09751
0.984507
0.981434
0.895301
1.01597
0.93934
0.960554
0.858914
1.00248
1.0361
1.12705
0.992174
1.10018
0.912583
0.972958
1.0145
0.814863
1.04943
1.03157
1.10599
0.858844
0.950952
1.05366
0.962098
0.985352
0.942094
0.862853
0.943951
0.777218
1.22081
1.09857
0.805825
0.959629
0.962565
0.869969
1.1773
0.964814
1.1674
0.895766
0.95105
0.977835
0.980482
1.00598
0.951779
1.13294
0.860312
0.74795
0.921454
0.94674
1.0515
1.06965
1.05201
0.898428
0.938663
1.04936
1.01952
1.02102
0.966306
0.798801
1.0941
1.03075
0.861572
0.842722
0.914083
1.19537
0.999323
0.999579
1.04699
0.949594
1.04521
0.951259
1.14116
1.07403
0.854965
0.909512
1.02235
0.803176
1.10795
0.893975
0.914737
1.07554
1.1271
1.00137
1.0547
1.11523
1.09135
1.08886
0.946753
1.03547
1.05841
0.994801
0.887868
0.884875
1.10821
1.01124
1.03748
0.994788
1.10854
1.07567
1.08778
0.969748
0.903041
1.01015
0.930416
1.16409
0.938727
0.928739
0.987409
0.910014
1.0327
1.14411
1.03396
1.11415
1.10258
0.961183
1.01041
0.901953
1.15096
1.0676
0.883282
1.16501
1.06479
0.941792
0.908516
0.969661
1.098
0.957489
0.995974
1.14139
1.13164
0.920032
0.846327
0.970561
1.0697
1.08378
0.980313
0.957511
0.84833
1.03098
0.894714
0.994425
0.993195
1.15075
1.11312
1.07379
0.925525
0.988859
1.09677
1.13026
0.957994
0.941798
1.16182
1.09561
0.96578
0.869918
1.19787
0.975116
0.97946
0.979946
1.1051
0.91887
0.978248
1.11208
1.09909
0.980996
1.02198
1.13212
1.18644
0.936993
1.03558
0.934128
0.975178
0.971302
1.22887
1.01808
1.10606
0.964622
0.96075
1.02757
1.04056
0.81637
1.02034
0.910958
0.910369
1.19527
0.905775
1.00797
0.922834
1.19055
0.995844
0.981328
0.987214
1.04337
0.916216
1.0785
0.946327
0.955556
1.08681
1.08352
0.951689
1.03452
0.977624
0.934483
1.10722
1.03313
0.955152
0.974915
1.08958
1.09072
1.00707
0.955352
0.93862
1.11251
0.850613
0.911123
1.12669
0.894443
0.903545
1.07169
0.836528
0.929405
0.822109
1.0084
1.02678
0.811972
0.929707
0.943922
0.957339
1.01163
1.09462
0.815886
0.944268
1.1743
0.870329
1.14109
0.986279
1.04245
1.02014
1.02216
1.28572
0.986202
0.93019
1.00374
0.752524
1.10211
0.893572
0.942976
0.947673
0.859029
0.957523
0.909873
1.02577
1.03701
0.998413
1.02405
1.00534
0.974442
0.928406
0.972143
0.89897
0.944674
1.12353
0.984357
0.961762
1.04923
0.963386
0.938062
0.942032
1.06138
1.04624
1.00898
0.994205
1.03949
1.00151
1.00774
1.02679
1.06649
0.923282
1.00052
0.925017
0.878017
1.00355
1.09974
0.904465
1.07203
1.0513
1.04577
0.887278
1.05795
1.02014
1.12063
0.959226
1.06226
1.0638
1.01346
0.884622
1.05899
0.944617
1.00063
0.794253
0.913703
0.941324
0.925699
0.99549
1.09289
0.980078
0.964376
0.999665
0.974698
0.886817
1.03432
0.943185
1.01712
0.978394
1.00616
0.98333
0.991814
0.954203
1.04735
1.05791
1.01002
0.897736
1.00618
1.14308
1.09969
0.986786
0.879008
0.993744
0.950882
0.910398
1.01386
0.93303
1.17322
0.960572
1.0673
0.979416
0.895861
0.816204
0.885091
0.986554
1.03384
0.961141
1.07019
0.878064
0.948225
1.01449
1.09062
0.953356
1.00126
1.05987
1.13596
1.00456
1.14652
1.04151
1.15077
0.938291
1.04764
0.833307
0.981491
0.962868
0.965406
0.981876
0.969986
1.12153
0.853511
1.26406
0.740791
1.11844
1.08229
1.02038
0.993876
1.02267
1.14487
0.948391
0.989385
1.06437
1.05874
0.981695
1.02159
1.11206
1.15141
0.939271
0.948746
0.972184
1.04147
0.970252
0.9745
1.00826
1.15687
0.900116
0.894233
1.15937
0.782162
0.866436
1.02439
0.946479
0.9251
1.14358
0.941152
1.0015
1.06976
0.987571
0.819947
0.890456
0.937313
1.16162
0.9638
1.02487
0.855122
1.09771
1.02255
1.22037
1.13432
0.831707
0.912215
1.07758
0.948096
1.12898
0.998878
0.962882
0.88428
0.939226
1.15528
0.931019
0.964388
0.946272
1.05308
0.866978
0.846302
1.00787
1.0397
1.16532
1.03712
1.10175
1.05484
1.03149
0.991592
0.991103
0.98365
1.04008
0.849651
0.97146
1.04646
0.893229
1.09009
1.08119
1.03961
1.01209
1.07104
1.02129
1.07802
0.954904
0.960925
0.816554
0.972033
1.09356
1.06583
0.989058
0.881319
1.06064
1.23061
0.891029
0.956866
0.853675
1.10196
1.03997
0.960541
0.930152
1.10794
0.990766
0.900517
1.03013
0.917452
1.01424
0.921666
1.06074
1.03115
0.947638
1.16747
1.04175
1.00881
0.958785
0.936342
0.982017
0.907893
0.778143
1.14146
0.868635
0.976573
0.975486
1.0399
1.05165
1.01936
0.995225
0.818073
0.927011
1.02134
0.91858
1.06924
1.05058
1.00495
1.05526
0.925062
0.967301
1.01134
1.01411
1.1474
0.897496
1.06722
1.01784
1.04944
1.08694
1.04643
0.950417
0.941465
0.897879
1.05631
0.968144
0.980257
0.959363
0.944381
0.927168
1.00562
0.926415
0.927475
0.950604
0.902176
1.1004
1.05399
0.900197
0.971023
0.967127
0.907403
1.15324
0.838736
1.06823
1.07155
1.07223
0.984117
1.08474
0.801224
0.946384
1.00748
0.988982
0.912465
0.997371
1.10835
0.88346
0.949861
1.0202
1.12072
0.901642
0.941096
1.01144
1.03717
0.902578
0.930288
1.07005
0.871343
1.11883
1.03396
0.838418
1.06487
1.01366
1.03866
1.01774
1.11861
0.992275
1.18244
0.968762
0.979354
1.0006
0.957275
1.06479
0.85781
0.980539
1.03911
1.12954
0.900529
0.944312
1.03018
1.07471
0.934881
0.951868
0.977815
1.11542
1.01035
0.92725
1.01232
0.883313
1.01783
0.957831
0.815022
1.01535
1.08324
1.14784
1.03692
0.937999
1.05988
1.01623
1.03236
0.954827
0.859912
1.18701
0.768305
0.964741
0.993867
1.00537
0.880708
1.00183
0.878101
1.07182
0.834305
1.14075
0.897425
0.765872
1.02893
0.845401
0.78962
0.914135
0.953401
0.871256
0.950986
1.00554
0.76488
1.0844
1.16766
0.926865
0.931878
0.888774
1.23509
1.02882
0.982978
0.970686
0.904065
0.870173
0.876636
0.965725
1.28482
0.997002
0.9606
0.797469
0.949603
1.14339
1.01403
1.06238
0.997464
0.916518
0.976398
0.876096
1.12158
1.08748
0.918404
0.981115
0.978194
1.02529
1.20005
1.03268
0.98065
1.07692
0.826155
0.991677
1.13095
1.10112
1.08523
0.959475
1.04606
1.13117
0.963309
1.1392
1.0237
0.969085
0.990476
1.04955
1.17926
0.975945
1.02937
1.06059
1.05104
0.892004
1.00092
1.05368
0.890148
1.01972
0.917694
1.05303
1.13388
0.990351
0.898672
1.05723
1.08517
0.925456
1.06176
1.08608
0.971047
0.937966
0.873435
1.05901
0.971267
0.954736
0.971171
0.980178
1.22804
0.884582
1.04631
1.28585
1.07693
1.07385
0.941225
1.10661
0.884175
0.935308
0.938382
1.17067
0.877164
1.13323
0.965252
1.11056
1.17226
0.989805
0.849222
1.01148
1.05163
1.17472
0.919971
0.91756
1.15239
0.965186
1.15069
0.85553
0.88486
1.00802
0.929309
0.960437
1.21488
1.10621
1.0769
0.887132
0.805571
0.853663
1.15442
1.03532
0.869374
1.03551
0.95219
0.950846
0.944228
1.18277
1.12183
1.16601
1.20301
0.965912
0.806595
1.07079
0.946237
0.926863
1.06143
0.935569
1.0354
0.888511
1.02536
0.917415
0.983471
1.00576
1.14346
1.21926
0.932765
1.01235
0.901023
1.02724
0.988292
0.901383
1.016
0.994114
1.07064
1.03334
0.771034
1.01678
1.01086
0.938616
0.979459
1.21912
1.05219
1.002
0.903042
0.976878
0.921391
1.05887
0.832184
1.11203
1.02004
0.891036
0.955441
1.11329
0.975626
0.920612
1.13565
1.21074
1.09795
0.928539
0.901469
1.11438
0.929818
0.999454
1.07964
0.918861
1.16278
0.918991
1.06102
0.969071
1.11092
0.980011
0.999101
0.977896
1.00683
1.13306
0.991296
0.988027
0.919358
0.939233
0.981812
0.952409
1.20082
0.961262
0.977639
0.964501
0.877012
1.06434
1.02346
0.947296
1.15475
1.04054
0.859396
1.05469
0.992573
0.780682
0.920882
0.963885
1.0939
0.971178
0.855962
0.918869
1.10918
0.970956
1.03559
1.01081
0.956245
1.0366
0.996598
0.964275
1.11293
1.034
1.07397
0.9818
0.918959
0.938608
1.08917
1.0249
1.20157
0.843151
1.02005
0.801137
1.06002
1.05661
1.04193
0.953539
1.09884
0.98189
1.10852
1.04575
1.10838
0.939613
0.886975
0.937091
1.08442
0.850834
0.846356
1.04718
1.18881
0.900089
0.867107
0.951977
1.17755
0.947967
1.10417
0.873404
1.20518
0.999544
0.932607
1.00378
0.951526
0.945992
0.865916
0.985833
0.943535
1.01491
0.928468
0.939518
1.09196
1.1955
0.982515
1.11843
1.12565
1.09676
1.00379
0.946472
1.10334
0.99417
0.831813
0.978771
0.988689
1.03012
0.988049
1.12727
1.0889
0.918471
0.913961
0.927777
0.995986
0.985854
1.09726
0.799414
0.994072
0.935328
1.12527
0.879516
0.937177
1.0131
0.993016
1.05547
0.935944
1.02762
0.946805
1.0413
1.04883
0.945201
1.03176
0.830351
1.10379
0.893583
0.878144
1.00984
0.99294
0.851883
0.995329
0.939862
1.14836
1.0516
1.17628
1.24526
0.833844
1.04168
0.93409
1.02037
1.05811
0.836815
1.11039
0.91522
1.06094
0.984843
1.14616
1.13126
1.07104
1.00035
0.995317
0.923427
0.973424
1.11019
0.863915
0.957032
0.921281
0.951948
1.14045
1.18822
1.13695
0.923964
1.16932
0.97533
0.901578
0.808638
1.12094
0.961084
1.11168
1.01213
0.937261
1.04091
1.06551
1.05553
1.03581
0.949869
1.00525
0.833864
1.05757
1.2226
1.09613
0.967896
0.881091
0.94714
1.03157
1.0813
0.698155
1.01397
0.970943
1.11394
0.863733
0.891859
1.03208
1.11622
1.03245
1.0269
0.945803
1.15579
1.05002
1.00307
1.16626
0.979628
1.06696
1.00222
1.10967
0.979518
1.05694
1.00473
0.943972
0.913342
0.865264
0.978495
0.947396
1.17065
0.974038
1.01981
0.959379
0.876047
0.816054
1.00416
0.954063
1.19992
1.09416
0.89171
0.9951
1.039
1.18678
1.03556
1.04822
0.979
0.893227
1.04606
0.870408
1.07521
0.904378
1.05829
1.11139
0.936022
1.11055
1.00579
1.06384
1.04951
1.01877
1.00668
1.02163
0.936419
1.09297
1.18825
1.07303
1.01649
1.0683
1.021
1.08149
0.987296
1.01711
0.933757
0.877652
0.965726
0.997526
1.05508
0.944614
1.10807
1.02932
1.06208
0.941473
0.921331
0.949733
0.919929
1.01185
0.894762
0.971039
0.990822
1.09046
1.04824
1.12904
0.97624
0.871185
1.15572
1.14879
0.883711
0.919926
1.0706
0.926163
0.87014
1.00073
1.16772
1.07822
0.878678
0.969674
0.9969
0.997641
1.05972
0.981484
0.955621
0.907063
0.966079
0.875264
1.1388
0.990344
0.970894
1.13454
0.956204
1.12603
1.08228
1.14391
0.836145
1.06102
1.10413
1.01735
0.914406
0.955071
1.06579
1.00242
1.01492
0.970208
1.15183
1.05445
0.977686
0.954744
0.95066
1.02889
1.08435
1.10812
0.97985
0.96863
0.976098
0.997494
0.999899
0.977374
1.1432
1.01949
1.0302
1.07595
0.982118
0.982659
0.868492
1.04286
0.945678
0.849877
0.752425
1.07646
0.935853
1.10925
1.03845
0.773431
1.01227
1.03351
1.05495
0.952523
0.945467
0.974747
0.856815
1.07417
0.986123
0.999617
1.08819
1.1915
0.887543
1.09129
0.951931
1.08787
1.04592
0.870698
1.03879
0.916876
0.868895
0.894686
0.86189
1.0695
0.986616
1.07427
1.00086
0.852504
0.986673
1.00837
1.04437
0.875494
1.03008
0.900661
0.99244
0.891585
0.904577
0.970851
1.09245
0.825524
0.87546
0.970671
1.15134
1.11544
1.04977
1.0957
0.871434
1.07576
1.03809
1.06873
1.11767
0.891601
1.05365
0.920841
0.87953
1.07032
0.978868
1.0316
1.08925
1.01995
1.05286
1.19808
1.11117
1.06259
1.07192
0.900956
0.971449
1.0888
1.02642
0.939681
0.949647
1.03035
0.950539
1.01735
0.877198
0.984784
1.10141
0.915626
1.14046
1.00802
1.0225
1.15571
1.05539
0.87133
1.10291
0.967224
1.027
0.946147
0.905223
1.004
1.05674
1.05172
0.935085
0.763635
1.23125
0.877277
0.874884
1.03599
0.926207
1.03923
1.12767
0.917596
1.06957
1.09653
1.05785
0.995885
1.00507
1.05939
0.886944
0.849385
1.08781
0.969915
0.890682
0.940883
1.10272
1.05755
0.966678
0.965056
1.24968
0.986608
1.10678
1.04556
1.019
0.96024
1.04927
1.12645
0.932577
0.871423
0.858611
0.978658
0.894457
0.868008
1.05759
1.03519
1.05149
0.973815
0.876937
1.0716
1.06622
0.944301
1.04515
0.848164
0.863347
0.895027
1.16126
0.952882
1.063
0.84843
0.870985
1.06946
1.02125
1.0708
0.915644
1.00098
0.842647
0.865331
1.2334
1.00663
1.02899
1.0846
1.04416
0.841922
1.0339
0.976929
0.90373
1.01184
0.928974
1.07929
0.91822
0.994338
0.860528
1.09691
0.972639
1.10714
1.17287
0.894115
0.8802
1.05721
1.0035
0.978063
1.02293
0.80676
1.03715
1.2667
1.08006
0.866702
1.1612
1.07366
1.18265
1.14211
1.03304
1.02268
0.903998
0.96948
0.793579
1.01534
0.958684
0.875797
1.07423
1.00616
1.02747
0.970238
0.976997
1.08396
0.965122
1.05423
0.876077
0.861933
1.19581
0.858367
0.986734
0.898081
1.02693
0.979814
1.01803
1.10678
1.01429
0.963462
1.0705
0.966757
0.954585
0.951128
0.918215
0.968593
0.967532
0.847174
0.942783
1.10492
0.989812
0.941298
0.930194
0.871096
0.906947
0.869314
0.941211
0.92905
0.997645
0.968226
1.00031
0.925628
0.934957
0.812357
1.06111
1.36799
0.998782
1.24445
1.0587
0.937136
0.922149
0.904984
0.88233
1.01436
0.973335
0.946364
1.07484
1.08506
1.00145
1.09657
1.01059
0.92692
0.833048
1.04597
0.876858
1.1292
0.948181
1.0137
0.956725
1.09782
1.11074
0.935533
0.994037
0.975134
1.01917
1.03226
1.00827
1.0072
0.821938
0.922119
0.975025
1.05359
1.06785
0.967834
1.06654
1.07195
1.02277
1.03656
1.02786
1.05959
0.798624
0.819143
0.973465
1.17462
0.939815
0.898531
0.911739
0.890349
1.04252
0.894552
1.16741
1.09472
0.927172
1.01392
1.23277
0.912597
0.945729
0.98661
0.8866
0.94669
1.11676
0.899501
0.919022
1.06607
0.972069
0.977275
0.923891
1.06722
0.97863
0.848439
0.875039
1.05918
1.03474
1.01211
0.974741
0.904153
1.12463
0.92806
0.967158
0.951864
0.872009
0.90468
1.1553
1.21038
0.864321
0.923695
0.956874
1.06313
0.998936
0.920086
0.960828
1.02635
0.843157
0.924138
0.985631
0.986226
0.862446
1.08748
0.965623
0.984975
0.98368
1.12458
1.04526
0.858726
1.0851
1.09841
1.07808
0.95712
0.982335
0.973134
1.27672
0.919204
0.848909
1.12048
1.01059
1.06978
1.1743
0.980726
0.922376
1.09221
0.784109
0.904292
0.967777
1.10781
1.02099
1.09914
0.954894
0.880573
0.809667
1.00846
0.964986
1.00873
1.00022
0.888918
0.985638
1.07853
1.02824
1.02886
1.05576
0.928701
0.90458
0.947713
1.02155
1.02246
1.00464
0.97032
1.00455
1.00234
1.05069
0.958916
1.00104
1.00437
0.989486
1.09152
0.887227
0.895718
1.20635
1.00167
1.01037
1.05797
0.860503
1.04924
0.923688
1.16653
0.986002
0.855356
1.01117
1.00049
1.11952
1.02219
1.06628
1.13994
1.10329
1.05262
1.0326
0.952606
1.03714
0.882987
1.04871
1.06385
1.05666
0.952067
1.00953
0.975588
1.08222
0.756359
1.23197
0.988207
1.21983
1.09681
1.02277
1.02365
0.861461
1.05054
1.1096
0.875318
0.974571
0.855103
1.1092
1.22682
0.985091
0.858288
0.95235
0.909967
0.941395
0.98764
0.994654
0.890581
1.0274
0.900682
1.15761
0.988337
0.952253
1.03704
0.890285
1.04166
1.04001
0.903704
0.983059
1.00005
1.09224
1.07998
1.14106
1.01123
0.967492
1.01035
1.0516
1.01397
0.956168
0.898877
0.816048
0.92235
1.0819
0.976268
1.04571
1.01306
0.920266
1.03378
1.12803
0.826139
1.08302
0.717693
1.11858
1.03382
0.785274
1.03282
0.842451
1.01251
1.05997
1.17663
1.30294
0.984217
0.85319
0.899756
1.00716
0.961286
0.771843
1.14855
0.937699
1.15528
0.971138
0.803575
0.815743
1.26744
1.12805
0.824871
0.953153
0.970461
1.04936
0.984235
1.04385
0.935613
0.907755
1.0885
0.927269
0.977908
0.981661
0.942422
1.09265
1.16114
1.07905
0.945669
1.03374
1.04829
1.12683
1.05355
0.860052
1.04092
0.98699
1.01252
1.01216
1.0451
0.79627
0.986485
1.03921
1.07693
0.90861
0.99337
0.885154
1.13687
0.891833
0.825241
0.920772
1.00625
1.06028
0.915709
0.980795
0.916418
1.19903
1.11237
1.10108
1.10734
0.852506
1.11417
0.855112
0.884725
1.11069
1.02018
0.909397
1.22518
1.06947
0.912444
0.897781
1.06872
0.946228
1.21097
0.934776
1.16672
0.890394
1.10709
1.12317
0.970043
0.855829
0.990799
1.00263
0.900261
1.00978
1.09934
0.798056
0.89602
0.958843
1.11949
1.25687
1.06248
1.01672
0.901783
0.960502
1.08591
0.940765
0.950314
1.01334
0.935574
0.869415
0.958035
1.15552
0.933239
1.08474
0.871803
0.747981
1.21405
1.02262
0.99808
1.1677
0.814096
1.07137
1.07968
0.949061
0.780626
0.93649
1.03428
1.05975
1.046
1.10239
0.930229
1.0448
1.00824
1.08624
0.935573
1.14964
0.868356
1.03563
1.05092
1.01482
1.11176
1.00185
0.971461
0.947982
0.808845
0.958806
1.03148
0.822962
1.15357
1.06256
1.07762
0.944767
0.906194
1.04103
1.09168
0.81212
1.00141
1.05832
0.981101
0.781321
0.99319
0.893273
1.06112
1.18175
0.954504
1.01305
0.91293
1.08186
0.902457
0.891733
1.2491
0.894136
0.957617
0.858816
0.939289
1.06263
0.95247
1.03778
1.03281
0.867855
0.918098
0.918872
0.959911
0.956685
0.93513
1.11944
0.926112
1.02023
0.952028
1.06195
0.936484
0.995891
0.896752
1.07537
0.942008
0.889688
0.933323
0.902888
0.880111
1.15325
0.940871
0.976381
1.05506
0.994889
0.979306
1.07751
0.968467
0.924401
0.995906
1.118
1.05113
1.05603
1.0084
0.934788
0.99271
1.02807
1.35446
0.956737
0.981646
1.03876
0.960891
1.0336
0.922847
1.02003
0.866298
1.03286
0.892499
0.85368
1.01794
1.1667
1.10458
1.0322
0.875861
1.03119
0.95689
1.16968
0.991566
0.768626
1.03651
1.06249
0.912073
1.04837
0.926272
1.07722
1.04089
1.00721
0.939408
1.0726
1.11118
1.05904
0.808033
0.903852
1.04676
1.13123
1.05593
0.975485
0.994535
0.924925
1.07968
1.13409
1.01629
1.02924
0.979858
1.00869
1.12302
0.980322
1.07433
0.997398
1.17463
0.95551
0.89292
0.850184
0.910095
0.945471
1.10522
1.00599
0.94175
1.01068
0.950014
1.01709
0.836275
1.10538
0.891822
1.12294
1.05538
0.944996
1.06819
0.932705
1.03257
1.10559
1.05495
0.975316
1.02168
1.00865
0.932871
1.04901
1.05508
0.974335
1.11259
0.868305
0.8425
0.978592
0.97716
0.984677
1.06706
1.01391
1.0658
1.01724
0.9552
1.14539
1.0189
1.07928
1.12722
1.01556
0.957329
1.09716
1.04628
1.08979
1.04821
0.961557
0.945327
1.04361
0.944963
0.974479
1.19995
0.920446
1.01921
0.895799
0.967694
1.18798
1.16069
0.996826
0.813428
1.15607
0.993682
1.02786
0.98663
1.15965
0.884135
1.05204
1.10312
0.90496
1.01476
1.10895
0.959826
1.08394
1.09472
1.09794
0.863915
0.992014
0.865308
0.836337
0.955069
1.30978
0.986756
1.01498
1.01908
0.887063
1.14813
0.818651
0.989428
1.22923
0.917811
1.07506
1.06871
1.02202
1.04621
1.00677
0.960253
0.821167
1.17069
1.22412
0.911089
1.00577
1.09546
1.03706
1.00581
0.950922
1.10166
0.945508
1.04279
1.1177
0.981212
0.972702
0.984057
1.01981
0.836823
0.997016
0.96488
0.897045
1.20654
0.990181
0.994766
0.867865
0.830107
0.961447
0.95807
1.00545
1.2033
0.97419
0.982331
0.915652
0.864508
1.28453
0.89427
1.06082
1.04943
0.980755
0.94449
0.846567
1.07646
0.9445
1.11842
0.941662
0.89584
1.01951
0.89064
1.08332
1.00993
0.850567
0.997831
0.987193
0.944857
0.960782
0.946812
0.931305
0.941436
1.15576
0.829012
0.971117
1.23012
1.01788
1.2153
1.00292
0.985922
0.932199
0.941878
0.91351
1.13981
1.10555
0.994728
1.11293
0.96131
0.989338
0.927384
1.05998
0.967244
1.12927
0.972028
1.02452
0.826938
0.968276
0.996391
0.996128
1.06359
0.864841
1.02135
0.968106
1.00163
0.964313
1.05773
0.89352
0.821891
0.975798
1.05476
1.04834
1.00153
1.03481
0.97453
0.996975
0.93958
1.09402
0.812536
0.866963
0.938001
0.962015
1.06866
0.95925
1.09226
1.05976
1.09347
1.10821
1.04554
0.868818
1.08643
1.11003
1.02516
1.05511
1.1027
1.00605
1.0538
0.918001
1.30633
0.972044
1.00269
1.13152
1.00841
0.990068
0.982655
1.04617
0.968631
1.0278
1.0083
0.973821
1.0315
1.11762
1.34492
0.993566
1.19823
1.00265
1.19794
1.00249
0.92395
1.01438
0.869274
1.10602
0.939708
1.20392
1.02773
0.938202
1.00221
1.15865
1.0484
0.9866
1.31641
0.87708
0.824691
0.898687
1.08993
1.01615
1.10724
0.967537
1.09125
0.774747
0.847551
0.951629
1.04123
0.939185
0.884642
0.962536
0.96724
0.942165
1.1542
0.868926
1.00213
1.14565
1.06911
1.11184
0.954934
0.899805
0.991866
0.974584
0.939239
0.943094
0.972058
1.09068
0.852502
1.0947
0.92623
0.961407
1.0913
1.09478
1.07063
1.0554
0.881371
1.02492
1.02665
1.05991
1.04826
0.805722
0.936758
0.935423
0.959118
1.04217
0.870742
1.1192
0.767214
0.973275
1.02285
0.903096
1.18436
1.03539
1.01714
0.89327
0.934613
1.02371
0.792896
1.16124
1.03802
0.901014
1.12014
0.982221
0.875066
0.862672
1.01345
1.12927
1.02485
0.861451
0.977242
0.909234
0.960716
1.13757
1.04876
0.89868
0.964488
0.888237
1.02277
1.01853
1.10031
1.06105
0.95639
1.06041
1.02865
1.02626
0.908534
1.01344
0.89038
0.925788
1.10576
1.05442
1.0898
1.18212
1.09644
0.996994
1.07778
0.921805
0.884007
0.804374
1.20494
1.06514
0.915395
1.02339
0.895372
1.05813
0.960267
0.895353
1.07443
0.936328
1.05692
0.974786
0.938983
1.04099
1.08092
0.875844
1.0921
0.901945
0.91371
1.07974
0.81471
1.00254
1.22205
1.17676
0.895096
1.019
1.02859
0.929273
1.21167
0.8835
0.918953
1.02034
1.13025
0.988173
0.946662
0.977032
1.22046
1.05059
1.02826
1.06645
0.987673
1.05513
0.989938
1.0051
0.920007
0.93689
0.907638
0.914969
0.925913
1.02955
0.862816
1.00824
0.940499
0.912659
0.961567
1.06089
1.09911
1.15359
0.955718
0.936992
0.992199
1.12555
0.940381
0.93866
0.850954
1.05571
0.998762
1.05653
1.03498
0.999597
0.97376
1.05411
1.12928
0.958522
0.973362
0.968237
1.03459
0.9988
1.08219
0.854434
1.1611
0.947433
1.15117
1.00089
0.964289
0.933296
1.10548
1.12257
0.830094
0.936215
1.0129
1.03537
1.0157
1.06333
1.03886
0.888588
1.03517
0.990503
1.08377
1.13434
1.02526
0.802534
0.867225
0.901334
1.07963
1.10508
1.02859
0.994042
1.13272
1.06866
0.903838
1.08582
1.09299
1.12331
0.854801
0.979348
0.928522
0.825119
1.03966
0.870941
1.17543
0.992092
1.0479
1.03664
1.04684
1.02571
0.966454
1.13529
0.959658
1.09553
1.13379
1.1458
0.825791
1.04922
1.01573
1.02753
0.926333
1.1384
0.908798
0.96215
0.983534
0.895618
1.0263
0.937963
1.05441
1.00612
1.14975
1.11074
1.02439
0.995896
1.00862
1.18744
0.904363
1.04285
1.05049
1.0874
0.917534
0.791882
1.02251
0.829487
0.935813
1.02685
1.11528
1.04062
1.14872
1.08095
1.0527
0.953623
0.921877
0.944739
1.1391
1.16358
1.08377
1.0082
0.881427
0.958712
0.949434
0.936025
0.950305
0.99725
1.00585
0.978449
0.99825
1.00916
1.02637
0.951291
0.975884
0.930302
0.977632
1.13438
0.994276
1.01871
0.955932
0.846924
0.95798
0.981299
1.10886
0.994724
1.06333
1.06215
1.06514
1.00003
0.830241
1.02282
1.09336
1.05697
1.03547
0.882839
0.929825
1.0372
1.03854
1.08245
0.879835
0.864327
0.91305
1.01961
1.0869
0.85195
1.00045
1.12479
1.06613
0.942139
0.859213
0.91048
1.01988
0.968085
0.904418
1.08338
0.882717
1.04815
0.912427
1.04077
0.976434
1.04622
1.01062
1.06312
0.966921
1.05682
0.915122
1.07211
1.11337
1.00152
0.898442
0.988747
1.01556
0.993466
0.884281
0.930011
1.26597
1.06619
0.880697
0.883721
1.05555
1.02489
0.929841
1.07171
1.09018
0.904637
1.0898
0.857169
1.01537
0.80885
0.895174
0.969146
0.909301
0.992252
0.978621
1.11355
0.942131
0.847194
0.99004
0.999041
1.10906
1.04865
1.03855
0.842599
1.16859
1.01387
0.96408
1.1271
0.824811
0.984715
1.42578
1.14099
1.0061
0.912448
0.981194
1.05089
1.14059
0.855476
0.923305
0.958839
1.13099
0.930179
1.01162
0.851039
1.20494
1.16137
1.02402
0.939555
1.07473
0.957659
1.10454
1.19237
1.00084
0.86524
1.05089
0.89581
1.03503
1.05337
0.905861
0.901322
1.05911
0.880617
1.0568
1.03502
0.878912
1.15168
0.958241
1.04855
0.9072
0.872515
1.06798
1.17094
0.891339
1.00101
1.02131
0.932433
1.03295
1.05251
1.04389
0.927851
1.02697
0.999885
1.05124
1.20785
0.865304
0.9006
0.833696
1.23792
0.979257
0.887376
1.20737
1.00444
0.923817
1.07837
1.13
1.03855
1.15579
1.04697
1.05644
0.915516
0.843048
1.15643
0.882449
1.01023
1.07415
0.868447
0.912857
0.966193
0.853012
1.07879
1.2871
1.00763
1.1457
1.12695
1.2512
0.843444
0.924455
1.00254
1.23457
1.07234
0.97542
0.975883
0.886314
0.932893
1.03699
1.16745
1.23959
1.03461
0.826571
0.979421
1.02865
1.10836
0.994327
0.946098
0.998535
1.2295
0.978447
0.958828
0.963019
0.984561
1.12093
0.951614
0.868641
0.969938
0.883668
1.07058
0.855453
1.0395
1.07226
1.14515
0.961529
0.946766
0.957873
1.00982
1.19099
0.81206
1.07191
1.05175
1.04386
0.911485
0.905732
1.07528
0.952777
1.02678
1.07444
0.948896
0.899378
1.02321
1.07871
1.17108
0.815276
0.907263
1.07339
1.13549
0.905043
0.960545
1.02625
1.01346
0.964586
0.980449
0.839642
1.08664
0.890325
0.952687
0.869637
0.975899
0.994879
1.18486
1.04704
1.10437
1.07945
0.978289
0.928631
0.907008
0.873246
0.932212
1.1274
0.796169
1.30036
1.0859
1.02644
0.991594
1.06735
0.908626
1.04006
1.04005
1.12998
1.10926
1.10878
1.09196
1.01601
0.981399
0.994141
1.07
1.00333
0.883715
1.00643
1.09394
0.97131
1.05868
0.921816
0.899043
1.01712
0.893479
1.38257
0.954245
1.12891
1.06006
1.01919
1.11615
0.971874
0.931878
1.07961
0.913704
1.17067
0.877528
1.05263
0.91777
1.05487
0.999364
0.962609
1.1051
1.03745
0.995845
0.991625
0.943644
0.899631
1.20049
0.937184
0.980501
0.852931
1.09109
0.99564
0.941489
0.921146
1.02867
1.00271
1.02173
1.01872
1.05059
0.885897
1.07205
1.10924
1.032
0.910566
1.01082
0.878112
0.975669
1.02808
1.17595
0.795286
1.01664
0.799574
0.943442
1.07383
0.907565
0.934234
1.0488
0.910874
1.04806
0.903541
1.04114
0.831298
0.959216
0.991494
0.948098
0.863678
0.949519
1.28395
0.939992
0.913292
0.990242
1.06242
0.993322
0.936341
0.808155
1.02416
1.00584
0.941161
1.06762
1.02349
1.09052
0.973134
1.05049
1.01662
1.05092
0.909372
1.01014
0.876534
0.869486
0.95442
0.931056
1.08924
0.950305
0.910557
0.951339
0.860739
1.08061
1.08574
0.968718
1.02772
1.0243
1.01302
1.03995
1.07875
1.0234
1.04475
0.86232
0.866946
0.934123
0.908292
1.05939
0.878227
0.99954
0.7967
0.99344
1.22899
1.09409
0.807345
0.94679
1.04053
0.864759
1.10282
1.10052
1.16481
0.972358
1.00295
1.08854
0.974353
0.941511
1.04721
0.912352
0.925444
1.00311
1.0678
1.08918
1.04593
1.08329
1.10538
1.08593
0.843857
0.915882
1.02977
0.948819
1.05268
1.05401
1.16326
1.21963
0.986748
1.05672
0.879735
0.896513
1.01286
1.27242
1.04244
0.996824
1.03323
0.925391
1.03738
1.03682
0.895025
1.09211
1.07416
0.755444
0.922411
0.945473
1.03846
1.14131
1.0396
0.972369
0.894141
1.00318
1.0313
0.927643
0.947611
0.894565
1.01435
1.06276
0.825299
1.07106
0.965267
0.975574
1.02159
1.03154
0.966803
0.886476
1.04189
1.0048
1.20242
0.961978
1.1483
0.963579
1.07851
0.889031
1.07461
0.985307
0.925193
1.03962
1.08777
1.04322
0.931425
1.03033
0.963899
1.0435
1.12689
1.12491
1.05098
1.04642
0.940778
0.891842
1.01196
1.03637
0.981615
1.1802
0.824651
1.0214
1.00122
1.0861
0.993521
0.965198
0.92671
1.03359
1.1196
0.977989
0.871513
0.962019
1.01043
1.01728
1.0979
0.934447
0.897624
1.02537
0.879982
0.97694
0.919875
1.04265
0.845226
1.08074
0.860868
1.01093
1.09193
0.90687
0.982306
1.09516
0.949973
0.87521
1.03105
1.05055
0.996511
0.892725
0.908397
0.981838
0.948568
1.12547
1.10628
0.873169
0.990096
1.06449
1.09554
1.20104
1.09334
1.01573
0.882295
0.958698
1.0806
1.07569
0.911172
0.979022
0.837286
1.06932
0.848932
0.953115
0.954288
0.897397
1.14672
1.0978
0.917513
1.13258
1.08382
1.16688
0.956101
1.00389
1.1042
1.12293
1.01887
0.923185
0.840106
0.906522
1.06818
0.939661
0.832282
0.973098
1.06436
1.04816
0.93998
0.838818
1.05638
0.720335
0.910645
0.991103
1.01304
1.10479
1.14264
0.9456
0.879635
1.18468
1.0184
0.958542
1.03933
1.02977
0.971592
0.891302
0.918187
0.84609
1.175
1.12918
0.911801
1.12262
1.03976
0.998768
1.05002
1.06586
0.978315
1.02911
0.947073
0.948575
0.94354
0.837322
1.09272
0.914503
0.937732
0.99526
1.02099
0.897385
0.940171
0.994409
1.01559
1.02691
0.728
1.01304
1.1707
0.852688
1.00224
0.959699
0.929134
0.877993
0.882557
1.00197
1.03701
0.860359
0.961819
0.977558
1.04574
0.922488
1.10863
1.13725
0.898042
0.97955
0.94363
1.31086
0.778188
1.09815
1.041
0.86668
1.05892
1.19063
1.00899
0.970942
0.892499
0.83168
1.04906
0.998495
1.03342
1.23786
0.896963
0.860526
1.07167
0.954647
0.908724
0.789766
0.832685
1.09438
1.03418
0.964828
0.938199
1.07005
1.13958
1.05188
1.06468
1.01476
1.09196
0.851428
0.974095
0.97492
0.895405
1.01297
1.06637
1.00107
1.03372
0.957861
1.07059
0.955743
1.07164
1.14368
1.20231
1.08024
1.18056
1.03023
1.11334
1.12757
0.951917
1.11769
1.0629
1.08875
1.12929
1.06907
1.11868
1.09262
1.00627
1.00693
0.941746
0.942599
1.18551
0.900624
1.04962
0.965048
1.04113
1.15111
0.982902
1.01205
1.01574
0.891932
0.870807
0.9768
0.946369
0.817169
1.04139
0.960606
1.15139
1.09511
1.02854
1.0132
0.922085
0.890538
1.07247
0.993803
0.920841
0.904387
1.00519
1.00125
0.94753
1.04198
0.907241
1.04444
0.998888
0.800375
0.888358
0.939194
1.03692
0.831195
0.929215
1.05235
1.04389
1.0503
1.03019
0.96626
0.918644
1.08788
0.907212
1.28853
0.848477
0.926306
0.863297
1.08973
1.08715
1.17847
1.09147
1.14199
1.07098
1.02798
1.14596
1.01979
1.01087
0.890158
0.971625
0.99957
0.946839
1.01732
1.12558
0.958643
1.06878
0.955677
1.01387
0.934088
1.04649
0.911949
1.00685
0.889281
0.899743
0.853928
0.884676
1.09088
0.983699
0.944219
0.976371
0.887702
0.859739
1.09801
0.90139
0.898867
0.960317
1.01683
1.00023
0.825908
1.15719
0.773768
1.02824
0.881432
1.10098
0.986197
0.905816
0.894134
0.989878
1.06887
0.958845
1.09753
0.971172
0.992904
1.00608
0.989664
1.14256
1.0172
1.07752
1.12689
0.9092
0.914709
0.976621
1.05155
0.989165
1.05989
0.886268
1.15234
1.02101
1.14566
0.974939
0.870424
0.931756
0.991214
1.09931
0.978417
0.972563
1.05903
0.964085
0.904777
1.01824
1.29694
0.973762
0.908154
0.989752
0.960806
1.20204
0.89913
0.869859
1.06185
1.12337
0.95887
1.00769
0.90706
0.906383
1.11152
0.984404
1.0956
1.08039
0.875405
1.10046
0.849115
0.952463
0.833577
1.03479
1.14564
1.08189
0.97019
0.934432
0.994533
1.15122
1.10139
0.848179
0.949712
1.00349
0.931075
0.953052
0.955371
0.850563
0.888896
0.825424
0.834228
0.926434
0.794898
0.782019
0.867494
0.95539
0.924181
1.05773
1.00932
0.921545
0.834127
0.838015
0.950901
1.00501
0.964767
1.11196
0.932701
0.851734
1.13353
1.0283
0.868312
0.967927
1.09802
0.921306
0.954133
1.07332
1.00483
0.822687
1.09602
1.08778
0.974822
1.19256
1.0447
1.02162
0.953052
0.98128
0.974707
0.820557
0.981488
0.932746
1.22181
0.93022
1.10201
1.11697
0.986976
0.95009
1.01279
1.08531
1.00749
1.14999
0.849998
1.16666
1.09384
1.11825
1.12487
0.832402
0.945839
0.942242
0.963971
0.930556
0.962858
0.991043
1.00387
1.13477
1.03932
0.925042
0.965416
1.08193
1.00342
0.963778
0.970289
1.03662
1.04291
1.02333
0.975666
1.01717
0.834492
1.08133
1.05749
0.992913
1.06878
0.976049
0.851461
1.07421
1.07107
0.823269
0.999504
0.851535
1.06935
0.90953
1.12855
1.07828
1.1895
0.922246
0.947762
1.0273
0.849202
0.826414
1.16242
1.04124
1.11005
1.19936
1.11887
1.08166
0.893676
0.974061
0.883935
1.16884
1.06583
0.836115
1.13857
0.981539
0.956849
0.964856
1.08856
0.966548
0.901025
1.21094
0.877497
0.800798
0.894866
1.04818
0.902676
0.93993
1.0272
0.981605
1.00002
1.01816
1.12484
0.927075
0.944103
0.844064
0.921858
0.891926
0.915209
0.889602
1.00833
1.03169
0.959346
0.882451
0.912367
1.11857
1.05437
1.2052
0.990302
0.994426
0.98507
1.03624
0.980673
0.969588
0.897377
0.968333
0.837572
1.10764
0.922005
1.09697
0.973149
1.00304
1.0635
0.896944
1.06571
1.00653
0.953286
1.06026
1.02537
1.0881
0.990169
1.16765
0.956984
0.913581
1.23365
0.881483
1.17441
0.882282
0.947883
0.907113
1.07507
1.02174
1.05011
1.06545
1.11028
0.925343
1.06416
1.02153
0.915101
0.884685
0.952152
1.0193
1.10838
0.97669
1.02475
0.960858
0.962552
0.977663
1.1978
0.96765
0.799403
1.00732
1.14917
0.929818
0.873302
0.905769
1.01959
1.06134
0.894581
0.982607
0.962188
0.959213
1.06127
0.992005
0.983909
1.06296
0.849507
0.977305
0.943669
1.07505
1.19812
0.962701
0.981851
1.11114
1.05404
0.841073
0.968579
1.03657
0.991644
0.954618
0.895916
0.822254
0.929931
0.951895
1.04521
0.920344
1.11844
0.851721
1.08492
1.02372
0.964221
0.905768
0.969171
0.985524
0.977627
0.917532
1.11979
0.926173
1.1221
1.10294
0.814158
1.16608
1.10514
0.921634
0.871796
0.938635
0.881356
0.852578
0.998326
0.884867
0.95646
0.968443
0.88385
0.846003
1.06993
1.05184
1.09058
0.983527
1.03467
0.929402
0.975231
1.05503
1.15639
0.962528
0.950828
0.990232
0.877668
1.15463
1.10536
0.931106
0.878407
1.00733
0.759088
0.953649
0.926213
0.983444
1.07833
0.811305
1.20406
0.9252
0.897964
0.829024
1.03117
1.04541
0.983404
1.00983
0.953192
1.15176
0.918064
1.14354
1.06174
0.969494
1.07931
1.10186
1.00294
0.939697
1.08686
1.05845
0.952665
0.980933
1.07207
1.00042
1.08306
1.00883
1.01116
1.11367
1.17791
0.937852
1.12296
0.976205
0.929273
0.813111
0.974423
0.951812
0.836462
0.959713
0.963827
1.03544
1.02479
0.990684
0.982061
1.01993
1.13246
1.20701
0.873083
1.07819
0.898863
0.922859
1.00583
1.0508
0.932375
1.00283
1.04163
0.907579
0.964972
0.982542
1.06757
0.964685
1.0326
0.971121
1.05664
1.04344
0.971845
0.964383
0.882759
0.969706
1.10347
0.85325
0.74881
0.859875
0.936484
1.08688
0.814451
1.07024
0.904417
1.0032
1.04226
1.00588
1.1188
1.10274
1.07671
0.935237
0.859125
0.947235
1.03122
0.877373
1.00928
1.13536
0.8075
0.88767
1.00899
0.87144
1.21842
0.903936
1.03197
1.14784
0.938892
0.927135
1.01663
0.851659
1.06644
0.861554
1.01952
1.09842
1.07256
1.09644
1.04477
1.06777
0.956831
0.99516
0.985255
1.25037
1.02984
1.03886
1.10566
0.972194
1.0834
1.00957
0.821037
1.00671
0.957879
1.04774
1.01724
0.918978
1.08184
0.904563
1.01309
0.973948
1.04657
0.896101
0.90955
1.13853
0.95753
0.966606
0.934639
0.961171
1.02828
0.807839
1.0658
1.2727
0.871382
0.890382
1.02208
0.916484
0.922351
0.915386
0.835881
1.04778
0.932408
0.972997
0.940054
0.982425
1.06441
0.900204
0.872541
0.977195
1.05096
0.889296
0.959555
0.932023
1.01414
0.892766
0.987318
1.15862
1.07187
0.979441
1.01466
1.09618
0.889358
0.950782
1.14167
0.848736
1.03848
0.920499
1.15732
0.91333
1.09439
1.0322
0.890066
1.139
0.914856
1.05634
0.956147
0.975632
0.978373
0.99637
0.895644
1.05869
1.16359
1.07864
0.797161
1.03654
1.05452
1.01777
0.997291
1.16011
0.87911
1.07939
0.974884
0.919974
0.97148
1.04588
0.985094
1.054
0.948513
0.99568
0.989303
0.919487
0.887003
1.06571
0.804475
1.06726
0.984019
1.15878
0.836486
0.930339
1.02686
1.15008
1.05657
1.09753
1.09541
1.05381
1.07683
0.872029
1.02005
0.965288
0.880041
1.05546
1.17965
1.01665
1.02583
0.89158
0.906485
1.01651
1.17655
0.969493
0.878943
0.973893
0.848171
1.03364
1.05936
0.954269
1.11157
0.863557
1.19867
0.982166
1.0495
1.15625
0.921496
0.98387
1.03947
1.08345
0.891971
1.07365
1.05578
0.923376
0.902802
1.03522
1.1389
1.19014
1.08109
1.03012
1.10107
0.976932
1.07334
0.81308
1.13418
0.927808
1.03927
0.861567
0.9738
0.968709
1.00978
1.03502
1.02746
0.914284
1.1404
0.801368
0.95112
0.954953
1.10277
1.04007
1.00603
0.886817
0.949421
1.18267
1.11477
0.998744
1.04387
1.1039
1.01588
0.989165
0.881541
0.978411
1.02477
1.02163
0.953769
0.95587
0.907401
1.00052
1.0612
0.840252
0.924207
1.14485
0.957679
1.128
1.01172
0.931799
0.970596
0.96984
0.925068
1.15592
0.967079
1.04824
0.909112
1.06472
1.0864
1.06368
0.946585
1.14029
0.878804
1.07359
1.03043
1.00862
0.951867
1.03414
1.03572
1.1698
0.874566
1.21296
0.803202
0.959919
0.968121
1.13083
0.97156
1.08373
0.930189
0.96149
1.0675
0.94954
1.13005
1.05175
0.929322
1.06262
0.992968
0.86924
0.988783
1.11628
1.15449
0.964463
0.826347
0.88998
0.88507
1.08566
0.942626
0.96355
0.953022
0.892861
1.11177
1.25424
1.12051
0.907683
0.912738
1.09217
0.99688
1.01817
1.05509
0.877123
1.05069
1.00641
1.03184
1.16403
0.908521
1.13355
1.15303
1.10286
0.929396
1.08765
0.864049
0.90847
0.943834
0.979632
1.04425
0.99288
0.916858
1.00958
0.954428
1.10235
0.961046
1.08609
0.8387
0.988999
1.01777
1.04772
1.057
0.887329
0.79486
1.04335
1.2052
1.05395
0.908722
0.904775
1.00158
0.985295
1.21648
0.978711
1.03103
0.978942
1.01887
0.974835
0.88684
1.10312
1.05433
1.03435
1.18083
0.985113
0.930163
1.11012
0.914896
0.96773
1.15412
1.05599
0.974009
0.979666
0.979465
0.916854
0.994914
0.924085
0.913981
1.04677
1.05429
1.19631
0.882415
0.91667
1.26396
0.94222
0.927387
0.918173
0.97962
1.07391
0.902806
1.02378
1.00606
1.10653
1.1241
0.980029
1.09369
0.971749
1.12232
0.947428
0.795158
1.06225
0.928511
1.11908
1.1001
1.2276
0.982262
1.02739
1.02409
1.02713
1.0095
1.04057
1.00804
0.915193
1.10959
0.987341
1.12465
0.890611
1.07299
1.07959
0.944346
1.07393
0.930758
1.05138
1.02083
1.04472
1.09937
0.910296
0.875105
0.794145
1.01159
0.978462
0.973238
0.844988
0.980085
1.14047
0.949403
1.08881
0.954209
0.914304
0.970291
1.11201
0.991623
1.10017
0.989804
1.14882
0.965304
0.915972
1.07696
1.01447
0.816128
0.908228
0.920429
1.17837
0.834421
0.96123
1.13758
0.962154
0.941003
1.00235
0.876888
1.07676
1.00353
1.05107
1.03723
0.799395
1.06933
0.94474
1.027
1.03587
1.0901
1.03244
1.11826
1.01983
0.993949
0.851795
0.862895
0.85234
0.900358
0.828353
1.17097
0.946886
0.86124
1.03854
1.1487
0.91877
1.05076
0.959222
1.01615
0.841377
1.06297
0.95438
0.930549
0.87491
0.964022
0.92293
0.871787
1.03949
1.17641
1.01874
0.945148
1.00602
1.03409
1.0428
1.08947
0.886071
1.04194
0.887347
0.841622
0.957575
1.01067
1.01612
0.900291
1.11213
1.05744
1.24938
1.03012
1.01415
0.932993
0.963497
0.910122
0.974113
0.90993
1.08355
1.08438
0.924263
0.946949
1.04468
0.826168
1.04618
1.04654
0.94954
0.98157
0.885945
1.00502
0.982837
0.88982
1.08314
0.89061
0.913304
1.09008
0.935678
1.05364
0.883725
1.04253
0.835184
0.824257
1.25032
0.919851
1.00779
1.06372
1.05024
0.829122
0.882578
1.02289
1.04489
1.01984
0.968676
1.15634
0.905449
1.10814
1.10611
1.02633
0.938253
1.03822
0.947583
0.983544
1.02306
0.916127
1.02883
1.18405
1.0262
1.04733
0.922729
0.86763
1.11489
0.930669
1.09742
1.28158
0.930568
1.0402
1.01329
1.07306
1.02821
1.10651
0.840081
1.21416
0.967979
1.00127
1.11461
1.01405
1.28125
1.00352
1.01696
1.00345
0.936632
1.18468
1.09234
0.995417
1.07962
1.04163
0.996962
0.935899
1.16906
1.01037
1.11275
1.07665
1.07293
0.911805
0.820659
1.11525
1.14017
1.03666
1.15463
0.933687
0.931579
0.935941
0.933627
0.974192
0.997891
0.749954
0.997658
1.05977
1.01
1.28762
1.0847
1.11357
1.12759
1.06749
1.01235
1.03039
0.95018
0.997785
1.12553
0.967123
1.0578
0.954902
0.972487
0.983255
0.969135
1.08402
1.00735
0.783915
0.955525
0.866759
1.22127
1.13689
0.850745
1.00903
0.892794
1.10495
1.11369
0.9986
1.04966
1.10545
0.979916
0.892782
0.862584
1.02431
1.08968
0.886729
1.11434
0.917945
0.947243
0.938045
1.12005
0.907588
0.837282
0.927082
1.13955
1.0613
1.03774
0.898331
1.1867
0.958601
0.87935
1.00235
1.127
0.915472
1.01958
0.89313
1.11107
1.06755
1.24084
0.987421
1.08343
0.828894
0.967204
0.998892
1.07542
1.16559
0.92256
1.22554
1.03794
1.01501
0.94996
0.957235
0.893185
0.960869
0.850274
1.01028
1.17929
1.07134
1.0663
1.06644
0.931434
1.16773
0.969905
1.08302
1.00537
1.13028
0.962782
1.01745
0.938613
0.916534
0.988084
1.07685
0.933624
0.929254
0.991805
1.06442
0.953133
1.18733
1.07885
0.967871
0.843245
1.29504
1.09878
1.03876
0.834023
0.955478
1.00369
1.03738
1.11702
0.978377
1.1008
0.873861
1.08161
1.08233
0.989184
1.1623
0.95429
1.05081
0.938598
1.10231
0.945488
0.826038
0.992771
0.870962
1.07306
1.09485
0.926283
0.918096
1.1193
0.975074
0.844056
1.04985
0.961119
0.998369
0.918305
1.1522
0.887568
0.894827
0.980424
0.926772
0.991912
0.945847
0.951907
0.910046
0.984415
1.2171
0.935939
1.22092
0.915115
0.967879
0.927738
0.915701
0.890664
0.922735
1.07976
0.807461
1.06825
1.0414
1.00313
0.931699
0.904341
1.14784
1.07308
1.09016
0.82498
0.861602
0.797655
0.878979
0.993735
0.985519
0.980874
0.934358
0.865851
1.12422
1.05208
0.892813
0.849754
0.956797
0.983762
1.09078
0.939411
1.08718
0.932435
0.962785
0.99259
0.91594
0.921535
1.10184
0.993249
1.06067
0.928867
0.889292
0.984016
0.932655
0.963366
1.00006
1.06817
1.07539
1.00041
1.04809
0.983601
1.06257
1.03302
0.906485
1.01077
0.76371
1.01555
1.02096
1.0624
1.21701
1.07557
0.980936
0.990936
0.939999
1.07291
1.16497
1.09848
0.80013
1.07483
0.947467
0.985107
0.981437
1.16953
0.996694
0.94846
1.0316
0.933052
1.05875
1.10651
0.912765
0.811136
1.03866
0.874679
1.03068
1.07631
0.976402
1.30695
0.928271
1.09755
1.01192
1.08567
0.893318
1.11907
0.968301
0.910951
0.905985
1.07049
1.04604
1.15326
1.00071
0.947982
0.964585
0.952138
0.997504
0.910833
0.957885
0.885185
1.1152
0.990286
0.997089
1.0258
1.03471
1.04927
0.867207
0.999283
0.926019
1.09651
0.979167
0.940195
1.06424
1.14059
1.07726
0.875972
1.20806
0.868898
1.00302
0.94047
1.03116
0.879395
0.983762
1.1089
0.986822
0.819589
0.873461
1.00298
0.987541
0.999288
0.983322
1.05837
1.12749
0.884888
0.956053
0.808642
0.956283
0.98355
0.954768
1.06985
1.06817
1.02951
1.21544
1.04704
1.03629
1.00845
1.12652
1.04788
0.84986
0.936855
0.836732
1.12296
0.976302
0.92452
0.844685
1.06973
0.983546
1.21363
0.955628
1.11139
0.885363
1.12029
0.928363
1.15229
0.910358
1.04877
0.848447
1.03488
1.09397
0.866804
1.12033
1.00292
1.24834
1.12136
0.927225
0.98743
1.19461
0.891251
1.17866
0.96346
1.01483
1.04176
1.01596
0.925673
0.852148
1.02098
1.17699
0.856598
0.988468
1.14443
0.874224
1.20061
1.07599
1.01715
0.891102
0.951384
0.891204
1.18392
1.10755
1.08687
0.929607
1.18775
1.19495
0.872544
0.997917
0.867492
1.07068
0.895848
1.06804
0.876437
1.00314
1.05297
1.06186
0.936907
1.0506
1.06119
0.85323
0.976318
0.888442
0.989003
0.979397
1.02032
0.94181
0.970206
0.881582
0.891395
1.10353
1.10045
1.08095
0.871796
1.14818
0.933217
1.0686
0.907086
1.05004
1.0372
0.994253
1.19081
0.882081
1.03751
1.02424
1.02959
1.08408
0.891085
0.983606
1.04373
1.17079
0.697358
0.953679
0.996832
0.956959
1.16833
0.785191
1.0921
1.00343
1.02183
0.934337
0.864442
0.965521
1.15322
0.991352
1.05278
1.03878
1.08048
1.12495
0.907384
1.00385
0.961056
0.798655
1.06713
1.02733
0.987409
0.918931
1.06742
1.07658
0.784879
0.937936
0.866441
0.96875
0.940226
0.95226
1.10516
0.979334
0.955107
0.946604
0.858236
0.941024
0.972229
1.01571
1.11253
1.08305
1.05427
1.08419
1.03758
0.963009
0.990529
1.00576
1.00598
0.973548
0.971734
1.08746
1.10776
1.18435
0.994134
1.03022
1.17705
1.02168
1.24826
1.13808
0.829371
0.924537
1.06026
0.958717
1.42684
0.949286
1.01077
0.984056
1.16149
0.898286
1.07744
1.16184
1.06372
0.976169
1.00011
1.08993
0.964657
0.878258
1.00678
1.015
0.898723
0.979101
1.1066
1.21794
1.06646
1.03346
0.863437
0.952954
1.15838
0.983919
1.06526
0.978094
1.11016
0.958639
0.984922
1.04023
0.996067
1.0431
0.947096
0.812127
1.00602
1.01317
0.877678
0.783089
0.998432
1.09408
0.966521
1.10749
1.02267
1.04021
1.03437
0.963317
0.989364
1.06224
0.910981
0.90898
0.923098
0.82403
0.964185
1.08915
0.924031
0.976121
0.986953
1.06164
1.18849
0.930824
1.14498
1.06391
1.01846
1.08087
1.09927
0.881052
0.960401
1.09911
0.980828
0.991226
0.943016
0.968848
1.00993
1.20192
0.953872
0.881214
1.00028
1.07961
0.921183
1.13465
0.920009
0.732762
0.977838
1.00671
1.0341
1.18105
0.954701
0.991489
1.0049
1.03639
1.11866
0.981316
0.989521
0.944163
0.96685
1.01408
0.997061
0.944109
1.00153
1.02694
1.03559
1.03287
0.926021
0.885878
1.11917
1.13695
1.01792
0.908292
0.836095
0.975709
0.850564
0.874262
1.07705
0.722134
0.97666
0.996183
0.924853
0.990529
0.87858
1.09574
0.789918
1.02088
1.0249
1.02812
1.14984
0.843513
0.878375
1.00381
0.988559
1.10446
0.919212
0.974168
1.23497
0.991122
1.01253
1.09728
0.861222
1.08565
1.0426
1.08674
0.893821
0.830705
0.862997
1.19525
1.11503
1.03358
1.17929
0.927164
1.03627
0.806086
0.926282
0.947402
1.02214
0.963509
1.05786
0.89236
1.22779
0.878712
1.13064
1.14574
1.07632
0.904553
1.07356
1.15543
0.982987
1.10245
1.01747
0.975644
1.06928
1.15768
1.02922
1.00204
1.03893
1.12153
0.882425
0.893876
0.84734
0.9264
1.04136
0.913302
0.924964
1.00636
0.919436
1.0689
0.917846
0.827823
0.934478
0.89
0.815989
0.968226
1.00272
0.887092
0.818531
1.08743
0.910181
1.1749
1.00451
1.0276
1.09545
1.10742
0.835074
1.16025
1.00938
1.0544
1.12151
0.919924
1.09275
0.999021
0.832183
0.927376
1.07397
0.988593
0.941498
1.05099
1.02142
0.94551
0.925598
1.00678
1.03174
0.929123
0.98268
1.06985
0.902512
0.917293
1.008
1.08889
0.864568
0.753808
0.937406
0.79011
1.07843
0.916423
0.917419
1.06795
1.08414
1.11414
1.09929
0.919374
1.23394
0.933466
0.964856
1.04325
1.07379
0.730622
1.12254
1.12737
0.910887
0.950739
1.05545
0.84999
1.06199
1.01446
0.963533
1.28804
0.959338
1.14686
0.792795
0.994355
0.885425
1.00132
0.977841
0.942771
1.10284
1.01408
1.0448
1.02406
0.882809
1.05284
1.03243
0.956227
0.919589
0.932495
0.85696
1.13849
0.902554
1.12191
0.805589
0.929956
1.05861
1.11356
0.883131
1.10625
0.858818
1.03651
0.931471
1.04279
1.16733
0.862568
0.891755
0.910764
0.946194
1.0832
1.0205
0.901828
0.974175
1.15674
1.0636
0.993153
0.931099
1.099
1.02738
1.01617
1.06149
1.15975
1.03098
0.93825
0.903004
0.926685
1.01849
1.05913
1.10242
1.1165
1.14996
1.05703
1.10835
0.990225
1.11336
0.941335
0.897048
1.11101
0.84937
0.942087
0.846833
0.777843
0.922728
1.06352
0.907605
0.960064
0.901901
1.1166
1.03616
0.67427
1.06388
0.823087
0.947023
1.12564
0.931446
1.03248
0.797837
0.993677
0.942556
0.992635
0.927431
1.05411
0.90509
1.00404
0.962063
1.01281
1.06419
0.951815
1
0.890099
1.01488
0.981235
1.03246
0.976793
0.939859
0.80142
1.00129
1.08077
0.976483
0.875963
1.0535
1.05521
0.850557
0.896372
1.14231
1.18135
0.967948
0.99091
1.05982
1.14897
1.09913
1.0988
0.990907
0.940911
1.15738
1.00024
1.00322
1.10169
0.99072
1.12094
1.01429
0.777409
1.00317
0.898148
1.00867
0.951163
0.895906
1.14889
1.13765
0.828741
1.04213
1.00072
0.949775
0.997965
0.972239
1.0243
1.02181
0.988677
0.770502
1.15514
0.914238
1.16968
0.923471
0.922628
1.09424
0.975053
1.04066
1.11854
0.909892
0.888146
1.19613
1.01806
0.978918
0.83411
0.880354
1.03535
1.18761
1.08435
1.08996
1.0335
1.07275
0.997791
1.02677
0.996853
0.831283
0.914259
0.844012
1.07423
1.08946
1.07019
0.912715
0.94366
1.15226
1.039
1.05192
1.01397
0.99858
0.936785
0.968278
1.06929
1.08322
