              20         49.9768         0.87758       0.0186763
              20         46.9758        0.661744       0.0204652
              20         41.9031        0.456754       0.0120066
              20         37.8284         0.28739       0.0092244
              20         33.2612        0.191386      0.00793529
              20         29.6754        0.141563      0.00579649
              20         27.1694        0.111744      0.00390514
              20         24.1247        0.086918      0.00285645
              20         21.5747       0.0718064      0.00284345
              20         19.7438       0.0611116      0.00211793
              20         17.9349       0.0500148      0.00145409
              20         16.2487       0.0444728      0.00179169
              20          14.653       0.0377864      0.00117398
              20         13.5697       0.0316178      0.00121956
              20         12.4805        0.034427      0.00125696
              20         11.4772       0.0270436      0.00113623
              20         50.3556        0.901911        0.020299
              20         48.1451        0.694688       0.0214791
              20         42.2701        0.462005        0.012976
              20         37.4139         0.29222       0.0110491
              20         33.4479        0.197318      0.00936891
              20         30.0474        0.148046      0.00666057
              20          26.723        0.111512      0.00486285
              20         24.1295       0.0899306      0.00407799
              20         21.7385       0.0729834      0.00344556
              20         19.7491       0.0600954      0.00280205
              20         17.9549       0.0510292      0.00274505
              20         16.2511       0.0440902      0.00225269
              20         14.8176       0.0391646      0.00220608
              20         13.6179       0.0349792      0.00203868
              20         12.6308       0.0309856      0.00188416
              20         11.6472       0.0273626      0.00183052
