              20        0.948343        0.323268      0.00417432
              20        0.873972         0.42517      0.00233559
              20        0.800086        0.432134      0.00228136
              20        0.725465        0.441898      0.00253865
              20        0.653483        0.435952     0.000854368
              20        0.588223        0.420454      0.00114252
              20        0.529305        0.397257      0.00105388
              20         0.47528        0.370006     0.000687472
              20        0.431255        0.344432     0.000586896
              20        0.389287        0.317849      0.00058171
              20         0.35242        0.293961     0.000553216
              20        0.322967         0.27124     0.000481683
              20        0.293259        0.249295     0.000476634
              20        0.270157        0.229953     0.000335289
              20        0.247762        0.212679     0.000262984
              20        0.229893         0.19674     0.000231581
              20        0.955597        0.334842      0.00521912
              20        0.881794        0.418822       0.0030805
              20        0.806145        0.426968      0.00221507
              20        0.726005        0.435673      0.00168661
              20        0.654883        0.433877       0.0011861
              20        0.586832        0.417881      0.00136406
              20        0.528775        0.395304     0.000824423
              20        0.477824        0.370841     0.000678109
              20          0.4313        0.343558     0.000652792
              20        0.389431        0.317634     0.000533289
              20        0.353569        0.293376     0.000427472
              20        0.322808        0.270034     0.000370188
              20        0.295108        0.249319     0.000284223
              20        0.271022        0.229686     0.000259557
              20        0.249005        0.212133     0.000290736
              20        0.230054        0.196437      0.00031879
