              20       -0.971664       -0.974546      0.00114368
              20       -0.936776       -0.935028      0.00104405
              20       -0.895824       -0.893067     0.000741895
              20       -0.849288       -0.849188     0.000758736
              20       -0.807056       -0.804338     0.000651973
              20        -0.75808       -0.761281     0.000537959
              20       -0.723128        -0.72052     0.000520681
              20       -0.681288       -0.682232     0.000435788
              20       -0.648832       -0.645681     0.000558941
              20       -0.613984       -0.613062     0.000555484
              20       -0.584888       -0.583182     0.000383467
              20       -0.557592        -0.55469     0.000347036
              20          -0.528       -0.528238      0.00047745
              20       -0.506248        -0.50421     0.000395791
              20       -0.481168       -0.481941     0.000438046
              20       -0.461072       -0.462102      0.00043289
              20       -0.969544       -0.971201      0.00153199
              20       -0.936232       -0.933024      0.00134577
              20       -0.893304       -0.891406       0.0011594
              20       -0.850912       -0.848234     0.000765108
              20       -0.809296       -0.804778     0.000538434
              20          -0.765       -0.761466     0.000515878
              20       -0.719664        -0.72097      0.00057637
              20       -0.682824        -0.68276     0.000497024
              20       -0.648024       -0.646885     0.000537858
              20        -0.61576       -0.614212     0.000367556
              20        -0.58504       -0.583016     0.000354541
              20       -0.556496       -0.554659     0.000410427
              20       -0.529328       -0.528312     0.000358011
              20       -0.506728       -0.504532     0.000440078
              20       -0.485504       -0.482332     0.000434296
              20       -0.464808       -0.461926     0.000387484
