              20         75.4342         79.3003         1.09556
              20         46.2454         44.3023        0.775811
              20         24.7336         24.9329         0.41034
              20         15.1239         15.7688         0.24536
              20         11.4497         10.1504         0.13634
              20         7.30751         7.47689       0.0900186
              20         5.70448         5.61294       0.0690223
              20         4.48146         4.38863       0.0397614
              20           3.497         3.57874       0.0391391
              20         2.88738         2.98513        0.024526
              20         2.51856          2.5402       0.0152306
              20         2.18139         2.16852       0.0126228
              20          1.8583         1.89743       0.0105311
              20         1.75932         1.69244      0.00897599
              20         1.49782         1.51359      0.00769002
              20         1.37365         1.35928      0.00967636
              20         76.3751         76.3679         1.42522
              20          46.251         42.3905        0.978228
              20         25.9837         24.2658        0.603524
              20         14.7462          15.022        0.289995
              20         9.75195         10.1656        0.169233
              20         7.45449         7.32208       0.0999478
              20          5.5635         5.54344       0.0640998
              20         4.30343         4.37951       0.0344377
              20         3.78192         3.59298       0.0311923
              20         3.09315         2.98777       0.0218534
              20         2.44731         2.51848       0.0151232
              20         2.20609         2.18257       0.0108016
              20         1.90125          1.8953       0.0113547
              20         1.68838         1.67802       0.0086363
              20         1.53351         1.49261      0.00745359
              20         1.39067         1.34854      0.00666277
